       10001   10000000.000000000        173.48177323776412        312.50337441917588        17.782794100389228        2.3300000000000001       0.84999999999999998       0.14999999999999999        1.0000000000000001E-030   5.1660182806145786E-018   4.3919744684561514E-007   1.9002873893948808     
       10001   10000000.000000000        174.61112815130755        338.90930953449788        17.782794100389228        2.3300000000000001       0.84999999999999998       0.14999999999999999        1.0000000000000001E-030   5.1660182806145786E-018   4.3919744684561514E-007   1.7578778565561650     
       10001   10000000.000000000        175.83591138662393        367.54649546626524        17.782794100389228        2.3300000000000001       0.84999999999999998       0.14999999999999999        1.0000000000000001E-030   5.1653454596313519E-018   4.3928934743232834E-007   1.6267270123083788     
       10001   10000000.000000000        177.16418645367557        398.60346862434676        17.782794100389228        2.3300000000000001       0.84999999999999998       0.14999999999999999        1.0000000000000001E-030   5.1640926844644553E-018   4.3946056851498861E-007   1.5059060536309383     
       10001   10000000.000000000        178.60469821353431        432.28469638324520        17.782794100389228        2.3300000000000001       0.84999999999999998       0.14999999999999999        1.0000000000000001E-030   5.1622580710710192E-018   4.3971153789422928E-007   1.3945890606261289     
       10001   10000000.000000000        180.16693045124197        468.81192321802399        17.782794100389228        2.3300000000000001       0.84999999999999998       0.14999999999999999        1.0000000000000001E-030   5.1598228847197643E-018   4.4004502386076121E-007   1.2920204032070561     
       10001   10000000.000000000        181.86116831346689        508.42563058612211        17.782794100389228        2.3300000000000001       0.84999999999999998       0.14999999999999999        1.0000000000000001E-030   5.1567707873081852E-018   4.4046350465016313E-007   1.1975040808141899     
       10001   10000000.000000000        183.38561005095914        551.38662016640046        17.782794100389228        2.3300000000000001       0.84999999999999998       0.14999999999999999        1.0000000000000001E-030   5.1530871319279100E-018   4.4096926761431176E-007   1.1094513330016122     
       10001   10000000.000000000        184.99124811936613        597.97773087882604        17.782794100389228        2.3300000000000001       0.84999999999999998       0.14999999999999999        1.0000000000000001E-030   5.1487587089601011E-018   4.4156444524333549E-007   1.0281687504009500     
       10001   10000000.000000000        186.73255952164308        648.50570098904188        17.782794100389228        2.3300000000000001       0.84999999999999998       0.14999999999999999        1.0000000000000001E-030   5.1437686524407851E-018   4.4225171933393238E-007  0.95325188117166526     
       10001   10000000.000000000        188.62100839400196        703.30318755718270        17.782794100389228        2.3300000000000001       0.84999999999999998       0.14999999999999999        1.0000000000000001E-030   5.1380978174521152E-018   4.4303413767338224E-007  0.88419557832928086     
       10001   10000000.000000000        190.66902757015285        762.73095652624158        17.782794100389228        2.3300000000000001       0.84999999999999998       0.14999999999999999        1.0000000000000001E-030   5.1317249836348197E-018   4.4391509243818359E-007  0.82053512758367508     
       10001   10000000.000000000        192.89010043438282        827.18025786870942        17.782794100389228        2.3300000000000001       0.84999999999999998       0.14999999999999999        1.0000000000000001E-030   5.1246266035093381E-018   4.4489836259187402E-007  0.76184298294648944     
       10001   10000000.000000000        195.29884969106223        897.07540142853156        17.782794100389228        2.3300000000000001       0.84999999999999998       0.14999999999999999        1.0000000000000001E-030   5.1167765234063931E-018   4.4598816147553164E-007  0.70772576893637340     
       10001   10000000.000000000        197.91113363500429        972.87655041676419        17.782794100389228        2.3300000000000001       0.84999999999999998       0.14999999999999999        1.0000000000000001E-030   5.1081456775604949E-018   4.4718919004675584E-007  0.65782152737841182     
       10001   10000000.000000000        200.45182973582496        1055.0827509522640        17.782794100389228        2.3300000000000001       0.84999999999999998       0.14999999999999999        1.0000000000000001E-030   5.0987086848695040E-018   4.4850573033164760E-007  0.61134888926046260     
       10001   10000000.000000000        203.18973249905329        1144.2352175927379        17.782794100389228        2.3300000000000001       0.84999999999999998       0.14999999999999999        1.0000000000000001E-030   5.0884402057078350E-018   4.4994215558061864E-007  0.56846274461826507     
       10001   10000000.000000000        206.15898278885550        1240.9208964868537        17.782794100389228        2.3300000000000001       0.84999999999999998       0.14999999999999999        1.0000000000000001E-030   5.0773056643252189E-018   4.5150424448636571E-007  0.52890472647605480     
       10001   10000000.000000000        209.37912902702757        1345.7763296058783        17.782794100389228        2.3300000000000001       0.84999999999999998       0.14999999999999999        1.0000000000000001E-030   5.0652662070332828E-018   4.5319850868189101E-007  0.49241236216555273     
       10001   10000000.000000000        212.87137143947322        1459.4918454954536        17.782794100389228        2.3300000000000001       0.84999999999999998       0.14999999999999999        1.0000000000000001E-030   5.0522786370789175E-018   4.5503222224354794E-007  0.45874409499290114     
       10001   10000000.000000000        216.65870163047930        1582.8161041378592        17.782794100389228        2.3300000000000001       0.84999999999999998       0.14999999999999999        1.0000000000000001E-030   5.0382949266901466E-018   4.5701351473714268E-007  0.42767760963563917     
       10001   10000000.000000000        220.76605395074995        1716.5610258464103        17.782794100389228        2.3300000000000001       0.84999999999999998       0.14999999999999999        1.0000000000000001E-030   5.0232616804514163E-018   4.5915147615676376E-007  0.39900829459812737     
       10001   10000000.000000000        224.87635903089532        1861.6071366419751        17.782794100389228        2.3300000000000001       0.84999999999999998       0.14999999999999999        1.0000000000000001E-030   5.0071320128369863E-018   4.6145449706113942E-007  0.37225970261112196     
       10001   10000000.000000000        228.93819891795934        2018.9093653035177        17.782794100389228        2.3300000000000001       0.84999999999999998       0.14999999999999999        1.0000000000000001E-030   4.9898718194602699E-018   4.6392936932741073E-007  0.34726705187026069     
       10001   10000000.000000000        233.34325647653171        2189.5033302583142        17.782794100389228        2.3300000000000001       0.84999999999999998       0.14999999999999999        1.0000000000000001E-030   4.9714345239394769E-018   4.6658490929623173E-007  0.32419822422671812     
       10001   10000000.000000000        238.12053294085871        2374.5121577023087        17.782794100389228        2.3300000000000001       0.84999999999999998       0.14999999999999999        1.0000000000000001E-030   4.9517537991185899E-018   4.6943307930079960E-007  0.30290261297548288     
       10001   10000000.000000000        243.30148009379633        2575.1538758385295        17.782794100389228        2.3300000000000001       0.84999999999999998       0.14999999999999999        1.0000000000000001E-030   4.9307560500527490E-018   4.7248725771323564E-007  0.28324160866212161     
       10001   10000000.000000000        248.92020733346322        2792.7494339144923        17.782794100389228        2.3300000000000001       0.84999999999999998       0.14999999999999999        1.0000000016066294E-030   4.9083596337815987E-018   4.7576241518805396E-007  0.26508764800739315     
       10001   10000000.000000000        255.01370623662692        3028.7313988528358        17.782794100389228        2.3300000000000001       0.84999999999999998       0.14999999999999999        1.0000000571509709E-030   4.8844740278524114E-018   4.7927531454174145E-007  0.24832334106941492     
       10001   10000000.000000000        259.55499326897052        3284.6533867305448        17.782794100389228        2.3300000000000001       0.84999999999999998       0.14999999999999999        1.0000014048524257E-030   4.8591010301843452E-018   4.8302965586722152E-007  0.23189865208400179     
       10001   10000000.000000000        264.07650706418002        3562.2002912000871        17.782794100389228        2.3300000000000001       0.84999999999999998       0.14999999999999999        1.0000257217947163E-030   4.8322818526750102E-018   4.8702354794959702E-007  0.21656208559700357     
       10001   10000000.000000000        268.98008009353794        3863.1993761924955        17.782794100389228        2.3300000000000001       0.84999999999999998       0.14999999999999999        1.0003759986106948E-030   4.8039659970670972E-018   4.9126910439235933E-007  0.20239822932162471     
       10001   10000000.000000000        274.29799562875547        4189.6323059325050        17.782794100389228        2.3300000000000001       0.84999999999999998       0.14999999999999999        1.0046016322518072E-030   4.7740771595509433E-018   4.9578286207352200E-007  0.18931631169383736     
       10001   10000000.000000000        280.06526481601821        4543.6481914669603        17.782794100389228        2.3300000000000001       0.84999999999999998       0.14999999999999999        1.0475718493775298E-030   4.7425308388683364E-018   5.0058327492387114E-007  0.17723281068593358     
       10001   10000000.000000000        286.31985717614134        4927.5777395997602        17.782794100389228        2.3300000000000001       0.84999999999999998       0.14999999999999999        1.4229559406761948E-030   4.7092336414518401E-018   5.0569094783608067E-007  0.16607087521742900     
       10001   10000000.000000000        292.92137529021170        5343.9485973846231        17.782794100389228        2.3300000000000001       0.84999999999999998       0.14999999999999999        4.2854327893948399E-030   4.6740935054131949E-018   5.1112719705928251E-007  0.15570978842715069     
       10001   10000000.000000000        298.84268508457427        5795.5019931981242        17.782794100389228        2.3300000000000001       0.84999999999999998       0.14999999999999999        2.3616137088099505E-029   4.6370880092931245E-018   5.1690347620376223E-007  0.14582463959368999     
       10001   10000000.000000000        305.26433418733075        6285.2107839513274        17.782794100389228        2.3300000000000001       0.84999999999999998       0.14999999999999999        1.4532047334596256E-028   4.5981923991627768E-018   5.2303225162888639E-007  0.13669135142896841     
       10001   10000000.000000000        312.22860030936243        6816.2990272562583        17.782794100389228        2.3300000000000001       0.84999999999999998       0.14999999999999999        8.9496043881502104E-028   4.5573031733240473E-018   5.2953938896563357E-007  0.12825281355601698     
       10001   10000000.000000000        319.78133354694432        7392.2632074027742        17.782794100389228        2.3300000000000001       0.84999999999999998       0.14999999999999999        5.3480354432540713E-027   4.5143063628219710E-018   5.3645377093213115E-007  0.12045649528154094     
       10001   10000000.000000000        327.97225824145255        8016.8952548898269        17.782794100389228        2.3300000000000001       0.84999999999999998       0.14999999999999999        3.0532482082895747E-026   4.4690765552575358E-018   5.4380767116585855E-007  0.11325408310337295     
       10001   10000000.000000000        336.07587659528883        8694.3075110627688        17.782794100389228        2.3300000000000001       0.84999999999999998       0.14999999999999999        1.6833056663400669E-025   4.4215317427773993E-018   5.5162799899945956E-007  0.10647108962445731     
       10001   10000000.000000000        343.71093701929743        9428.9598022147911        17.782794100389228        2.3300000000000001       0.84999999999999998       0.14999999999999999        9.2851083014705216E-025   4.3716730939586229E-018   5.5992936291651657E-007  0.10002844698988617     
       10001   10000000.000000000        351.99114538941234        10225.688801397657        17.782794100389228        2.3300000000000001       0.84999999999999998       0.14999999999999999        5.1916490057355947E-024   4.3194563801341274E-018   5.6873506214360690E-007   9.4076905051621446E-002
       10001   10000000.000000000        360.97101546836177        11089.739871249447        17.782794100389228        2.3300000000000001       0.84999999999999998       0.14999999999999999        2.8387652965360522E-023   4.2647494001162786E-018   5.7808509616430317E-007   8.8580483769420487E-002
       10001   10000000.000000000        370.70966732715436        12026.801597479711        17.782794100389228        2.3300000000000001       0.84999999999999998       0.14999999999999999        1.4464218857579462E-022   4.2074069860755073E-018   5.8802416216269619E-007   8.3506127287134968E-002
       10001   10000000.000000000        380.59448194010662        13043.043240368092        17.782794100389228        2.3300000000000001       0.84999999999999998       0.14999999999999999        6.6129951552783305E-022   4.1473240793898584E-018   5.9859272528216515E-007   7.8748943472767646E-002
       10001   10000000.000000000        388.90872575572570        14145.155350842528        17.782794100389228        2.3300000000000001       0.84999999999999998       0.14999999999999999        2.7975763594311207E-021   4.0845870520585751E-018   6.0979964305853384E-007   7.4116603504915293E-002
       10001   10000000.000000000        397.92550720997434        15340.393818538196        17.782794100389228        2.3300000000000001       0.84999999999999998       0.14999999999999999        1.2179204627127235E-020   4.0192547823480719E-018   6.2165922755263164E-007   6.9842624271491016E-002
       10001   10000000.000000000        407.70418938440707        16636.627641832711        17.782794100389228        2.3300000000000001       0.84999999999999998       0.14999999999999999        5.3453658918197231E-020   3.9511966833434050E-018   6.3422223658069602E-007   6.5902482635304974E-002
       10001   10000000.000000000        418.30915142698933        18042.390734357730        17.782794100389228        2.3300000000000001       0.84999999999999998       0.14999999999999999        2.2493115443671588E-019   3.8802688122948969E-018   6.4754531562040473E-007   6.2273717634079177E-002
       10001   10000000.000000000        428.51616384785456        19566.938109061262        17.782794100389228        2.3300000000000001       0.84999999999999998       0.14999999999999999        8.6641841458376955E-019   3.8064255611572004E-018   6.6167014257555831E-007   5.8842347654048340E-002
       10001   10000000.000000000        438.22379942780344        21220.306809715155        17.782794100389228        2.3300000000000001       0.84999999999999998       0.14999999999999999        3.1940456701085137E-018   3.7297450124731149E-018   6.7661678125082838E-007   5.5599372006596509E-002
       10001   10000000.000000000        448.75171157508174        23013.381991018519        17.782794100389228        2.3300000000000001       0.84999999999999998       0.14999999999999999        1.2103640356613179E-017   3.6502073587034981E-018   6.9242581653612906E-007   5.2623840886493849E-002
       10001   10000000.000000000        460.16921208465351        24957.968582342266        17.782794100389228        2.3300000000000001       0.84999999999999998       0.14999999999999999        4.5955692704911764E-017   3.5676689896320239E-018   7.0916583946059829E-007   4.9899902627598774E-002
       10001   10000000.000000000        472.03920213028221        27066.869006923196        17.782794100389228        2.3300000000000001       0.84999999999999998       0.14999999999999999        1.6568911898384080E-016   3.4820176487236726E-018   7.2690361937722568E-007   4.7387617411642227E-002
       10001   10000000.000000000        483.07779139851556        29353.967468180301        17.782794100389228        2.3300000000000001       0.84999999999999998       0.14999999999999999        5.5615105053838286E-016   3.3933012426268357E-018   7.4567630297250428E-007   4.5019112155581811E-002
       10001   10000000.000000000        495.04912026523596        31834.321358062920        17.782794100389228        2.3300000000000001       0.84999999999999998       0.14999999999999999        1.9235980970113361E-015   3.3015313421170804E-018   7.6553016644073916E-007   4.2872598427588546E-002
       10001   10000000.000000000        508.03200343560621        34524.260389229246        17.782794100389228        2.3300000000000001       0.84999999999999998       0.14999999999999999        6.7500998609646031E-015   3.2065468330711526E-018   7.8655263158068399E-007   4.0937479232327871E-002
       10001   10000000.000000000        522.11191530604651        37441.494103703109        17.782794100389228        2.3300000000000001       0.84999999999999998       0.14999999999999999        2.2399199348229798E-014   3.1081673759347768E-018   8.0884116694617331E-007   3.9204290554895611E-002
       10001   10000000.000000000        533.53154301770928        40605.228465806118        17.782794100389228        2.3300000000000001       0.84999999999999998       0.14999999999999999        6.1426544550626490E-014   3.0065621151409551E-018   8.3241852818893254E-007   3.7557593101903326E-002
       10001   10000000.000000000        545.71628959216298        44036.292306968666        17.782794100389228        2.3300000000000001       0.84999999999999998       0.14999999999999999        1.7058990850943797E-013   2.9019443002628368E-018   8.5729410014702154E-007   3.6107544360915518E-002
       10001   10000000.000000000        558.93062385679650        47757.274454884406        17.782794100389228        2.3300000000000001       0.84999999999999998       0.14999999999999999        4.8299357087606015E-013   2.7941699656008036E-018   8.8356299911925062E-007   3.4853704754012532E-002
       10001   10000000.000000000        572.70337306846602        51792.672449815400        17.782794100389228        2.3300000000000001       0.84999999999999998       0.14999999999999999        1.3265510310100577E-012   2.6831030387385544E-018   9.1132170341773962E-007   3.3781863029182790E-002
       10001   10000000.000000000        585.50117522779283        56169.053827139207        17.782794100389228        2.3300000000000001       0.84999999999999998       0.14999999999999999        3.3525284625123229E-012   2.5686918224080416E-018   9.4062135140780993E-007   3.2872232186634646E-002
       10001   10000000.000000000        599.38036709712242        60915.231027962007        17.782794100389228        2.3300000000000001       0.84999999999999998       0.14999999999999999        8.7048501761451561E-012   2.4509320906160500E-018   9.7152391901932885E-007   3.2159594425499899E-002
       10001   10000000.000000000        614.43232403062382        66062.451089341659        17.782794100389228        2.3300000000000001       0.84999999999999998       0.14999999999999999        2.3058487703787830E-011   2.3296048695219565E-018   1.0041486073686136E-006   3.1644246447680345E-002
       10001   10000000.000000000        629.99481443793320        71644.601362971604        17.782794100389228        2.3300000000000001       0.84999999999999998       0.14999999999999999        5.9548866065805470E-011   2.2045373413998770E-018   1.0385998567127880E-006   3.1326238967755167E-002
       10001   10000000.000000000        645.20066152195602        77698.432616698017        17.782794100389228        2.3300000000000001       0.84999999999999998       0.14999999999999999        1.4602648748044121E-010   2.0757009532686595E-018   1.0749299585631114E-006   3.1215979298422739E-002
       10001   10000000.000000000        661.69137348854349        84263.800987686234        17.782794100389228        2.3300000000000001       0.84999999999999998       0.14999999999999999        3.6511956990824543E-010   1.9429822424151600E-018   1.1131600657363548E-006   3.1332667289561349E-002
       10001   10000000.000000000        679.16418973372913        91383.930380166639        17.782794100389228        2.3300000000000001       0.84999999999999998       0.14999999999999999        8.9771639560704288E-010   1.8061201434635521E-018   1.1532592198707010E-006   3.1695667909937122E-002
       10001   10000000.000000000        694.84462607068190        99105.697035284509        17.782794100389228        2.3300000000000001       0.84999999999999998       0.14999999999999999        1.9699355869226506E-009   1.6651567878318902E-018   1.1950639242430495E-006   3.2353958576571154E-002
       10001   10000000.000000000        711.85002917083557        107479.93814655722        17.782794100389228        2.3300000000000001       0.84999999999999998       0.14999999999999999        4.4142120263211018E-009   1.5200971957012992E-018   1.2378105352238257E-006   3.3332046257130231E-002
       10001   10000000.000000000        730.29235618167399        116561.78655274416        17.782794100389228        2.3300000000000001       0.84999999999999998       0.14999999999999999        9.9641447664092183E-009   1.3706051722339190E-018   1.2799422313338873E-006   3.4675262538966564E-002
       10001   10000000.000000000        747.05371407774578        126411.03371162203        17.782794100389228        2.3300000000000001       0.84999999999999998       0.14999999999999999        2.0360874080527961E-008   1.2166481861959912E-018   1.3198026505518779E-006   3.6516804911071253E-002
       10001   10000000.000000000        765.18394882138819        137092.52334434658        17.782794100389228        2.3300000000000001       0.84999999999999998       0.14999999999999999        4.2306327005922941E-008   1.0582053354578779E-018   1.3507676246101881E-006   3.8886992799161940E-002
       10001   10000000.000000000        784.38683338933606        148676.57834200843        17.782794100389228        2.3300000000000001       0.84999999999999998       0.14999999999999999        8.7685809473469822E-008   8.9497154914744447E-019   1.3611277134604296E-006   4.1855892139514884E-002
       10001   10000000.000000000        802.72679690536472        161239.46374497091        17.782794100389228        2.3300000000000001       0.84999999999999998       0.14999999999999999        1.7081118309888676E-007   7.2688833237035819E-019   1.3366686138092447E-006   4.5671650271195088E-002
       10001   10000000.000000000        822.61645212479266        174863.88884307566        17.782794100389228        2.3300000000000001       0.84999999999999998       0.14999999999999999        3.3845522240401799E-007   5.5387649216019036E-019   1.2307244543477114E-006   4.9976865934985591E-002
       10001   10000000.000000000        843.28807608945556        189639.55170234948        17.782794100389228        2.3300000000000001       0.84999999999999998       0.14999999999999999        6.6065954947499225E-007   3.7572535282265076E-019   9.7340802902075980E-007   5.3669969619822684E-002
       10001   10000000.000000000        863.04101469148384        205663.72970317336        17.782794100389228        2.3300000000000001       0.84999999999999998       0.14999999999999999        1.1935787863184476E-006   1.9259824391937283E-019   5.0859830374764229E-007   5.2722218088194474E-002
       10001   10000000.000000000        884.46303867869119        223041.91997779318        17.782794100389228        2.3300000000000001       0.84999999999999998       0.14999999999999999        1.7499286106028458E-006   8.9682688056935917E-021   2.3701251447934239E-008   0.0000000000000000     
       10001   10000000.000000000        905.35285835876869        241888.53396356903        17.782794100389228        2.3300000000000001       0.84999999999999998       0.14999999999999999        1.8480978014643707E-006   2.0580229677392972E-022   5.4402605119721915E-010   0.0000000000000000     
       10001   10000000.000000000        926.77094391017056        262327.65064464090        17.782794100389228        2.3300000000000001       0.84999999999999998       0.14999999999999999        1.9272875795260143E-006   3.0379612292357148E-024   8.0316868014694070E-012   0.0000000000000000     
       10001   10000000.000000000        949.77797019504362        284493.83344107296        17.782794100389228        2.3300000000000001       0.84999999999999998       0.14999999999999999        2.0097572913802708E-006   3.1000961504861128E-026   8.1954189032809183E-014   0.0000000000000000     
       10001   10000000.000000000        971.51904128414787        308533.01612355316        17.782794100389228        2.3300000000000001       0.84999999999999998       0.14999999999999999        2.0961120706656240E-006   2.3436120331520818E-028   5.9657551629549375E-016   0.0000000000000000     
       10001   10000000.000000000        995.09719113627034        334603.46358619531        17.782794100389228        2.3300000000000001       0.84999999999999998       0.14999999999999999        2.1864426228459811E-006   1.0800481833776990E-029   3.1213363276857167E-018   0.0000000000000000     
       10001   10000000.000000000        1018.3817357925072        362876.81380278408        17.782794100389228        2.3300000000000001       0.84999999999999998       0.14999999999999999        2.2808691434663857E-006   9.3410680257571233E-030   1.1337291244946944E-020   0.0000000000000000     
       10001   10000000.000000000        1042.6090484495378        393539.20782633801        17.782794100389228        2.3300000000000001       0.84999999999999998       0.14999999999999999        2.3794570267620531E-006   8.7433101914602513E-030   2.6798229596650447E-023   0.0000000000000000     
       10001   10000000.000000000        1067.7286278008510        426792.51527145569        17.782794100389228        2.3300000000000001       0.84999999999999998       0.14999999999999999        2.4823150490845836E-006   8.1204027715386682E-030   3.3910079125217652E-026   0.0000000000000000     
       10001   10000000.000000000        1092.5386864208215        462855.66334756691        17.782794100389228        2.3300000000000001       0.84999999999999998       0.14999999999999999        2.5894758721825920E-006   7.4798078453959383E-030   1.0000000000000001E-030   0.0000000000000000     
       10001   10000000.000000000        1118.7333146673736        501966.07819294761        17.782794100389228        2.3300000000000001       0.84999999999999998       0.14999999999999999        2.7009749124186614E-006   6.8243414177466098E-030   1.0000000000000001E-030   0.0000000000000000     
       10001   10000000.000000000        1145.1175564326343        544381.24799868604        17.782794100389228        2.3300000000000001       0.84999999999999998       0.14999999999999999        2.8168522818195748E-006   6.1537355799014090E-030   1.0000000000000001E-030   0.0000000000000000     
       10001   10000000.000000000        1173.0427601025947        590380.41821362695        17.782794100389228        2.3300000000000001       0.84999999999999998       0.14999999999999999        2.9371313486358515E-006   5.4668654247898790E-030   1.0000000000000001E-030   0.0000000000000000     
       10001   10000000.000000000        1198.4654751535338        640266.42999087891        17.782794100389228        2.3300000000000001       0.84999999999999998       0.14999999999999999        3.0616679412664265E-006   4.7637364917019191E-030   1.0000000000000001E-030   0.0000000000000000     
       10001   10000000.000000000        1225.5156220582435        694367.71397951362        17.782794100389228        2.3300000000000001       0.84999999999999998       0.14999999999999999        3.1902835707659436E-006   4.0446423027751996E-030   1.0000000000000001E-030   0.0000000000000000     
       10001   10000000.000000000        1251.5726437721326        753040.45258784364        17.782794100389228        2.3300000000000001       0.84999999999999998       0.14999999999999999        3.3228451478705713E-006   3.3095141542031835E-030   1.0000000000000001E-030   0.0000000000000000     
       10001   10000000.000000000        1279.8314337899778        816670.92495379981        17.782794100389228        2.3300000000000001       0.84999999999999998       0.14999999999999999        3.4592125174424462E-006   2.5580946034711253E-030   1.0000000000000001E-030   0.0000000000000000     
       10001   10000000.000000000        1311.7773880257901        885678.05006078922        17.782794100389228        2.3300000000000001       0.84999999999999998       0.14999999999999999        3.5994612942988527E-006   1.7887051701756722E-030   1.0000000000000001E-030   0.0000000000000000     
       10001   10000000.000000000        1344.7398312223797        960516.14474196685        17.782794100389228        2.3300000000000001       0.84999999999999998       0.14999999999999999        3.7435631330472103E-006   1.0000000000000001E-030   1.0000000000000001E-030   0.0000000000000000     
