           1   6840.0000000000000        2494.8204411513225        100000.00000000000        1.0000000000000001E-030   1.0000000000000001E-030   1.0000000000000001E-030   1.0000000000000001E-030   1.0000000000000001E-030   1.0000000000000001E-030   1.0000000000000001E-030   9.9999999999999995E-008   2.1999999999999999E-005   3.6000000000000001E-005
           2   6850.0000000000000        2496.3131034968483        100000.00000000000        1.0000000000000001E-030   1.0000000000000001E-030   1.0000000000000001E-030   1.0000000000000001E-030   1.0000000000000001E-030   1.0000000000000001E-030   1.0000000000000001E-030   9.9999999999999995E-008   2.1999999999999999E-005   3.6000000000000001E-005
           3   6860.0000000000000        2497.5530518363053        100000.00000000000        1.0000000000000001E-030   1.0000000000000001E-030   1.0000000000000001E-030   1.0000000000000001E-030   1.0000000000000001E-030   1.0000000000000001E-030   1.0000000000000001E-030   9.9999999999999995E-008   2.1999999999999999E-005   3.6000000000000001E-005
           4   6870.0000000000000        2498.5399716583761        100000.00000000000        1.0000000000000001E-030   1.0000000000000001E-030   1.0000000000000001E-030   1.0000000000000001E-030   1.0000000000000001E-030   1.0000000000000001E-030   1.0000000000000001E-030   9.9999999999999995E-008   2.1999999999999999E-005   3.6000000000000001E-005
           5   6880.0000000000000        2499.2736126312016        100000.00000000000        1.0000000000000001E-030   1.0000000000000001E-030   1.0000000000000001E-030   1.0000000000000001E-030   1.0000000000000001E-030   1.0000000000000001E-030   1.0000000000000001E-030   9.9999999999999995E-008   2.1999999999999999E-005   3.6000000000000001E-005
           6   6890.0000000000000        2499.7537886676023        100000.00000000000        1.0000000000000001E-030   1.0000000000000001E-030   1.0000000000000001E-030   1.0000000000000001E-030   1.0000000000000001E-030   1.0000000000000001E-030   1.0000000000000001E-030   9.9999999999999995E-008   2.1999999999999999E-005   3.6000000000000001E-005
           7   6900.0000000000000        2499.9803779713416        100000.00000000000        1.0000000000000001E-030   1.0000000000000001E-030   1.0000000000000001E-030   1.0000000000000001E-030   1.0000000000000001E-030   1.0000000000000001E-030   1.0000000000000001E-030   9.9999999999999995E-008   2.1999999999999999E-005   3.6000000000000001E-005
           8   6910.0000000000000        2499.9533230681236        100000.00000000000        1.0000000000000001E-030   1.0000000000000001E-030   1.0000000000000001E-030   1.0000000000000001E-030   1.0000000000000001E-030   1.0000000000000001E-030   1.0000000000000001E-030   9.9999999999999995E-008   2.1999999999999999E-005   3.6000000000000001E-005
           9   6920.0000000000000        2499.6726308203902        100000.00000000000        1.0000000000000001E-030   1.0000000000000001E-030   1.0000000000000001E-030   1.0000000000000001E-030   1.0000000000000001E-030   1.0000000000000001E-030   1.0000000000000001E-030   9.9999999999999995E-008   2.1999999999999999E-005   3.6000000000000001E-005
          10   6930.0000000000000        2499.1383724256289        100000.00000000000        1.0000000000000001E-030   1.0000000000000001E-030   1.0000000000000001E-030   1.0000000000000001E-030   1.0000000000000001E-030   1.0000000000000001E-030   1.0000000000000001E-030   9.9999999999999995E-008   2.1999999999999999E-005   3.6000000000000001E-005
          11   6940.0000000000000        2498.3506833980109        100000.00000000000        1.0000000000000001E-030   1.0000000000000001E-030   1.0000000000000001E-030   1.0000000000000001E-030   1.0000000000000001E-030   1.0000000000000001E-030   1.0000000000000001E-030   9.9999999999999995E-008   2.1999999999999999E-005   3.6000000000000001E-005
          12   6950.0000000000000        2497.3097635339482        100000.00000000000        1.0000000000000001E-030   1.0000000000000001E-030   1.0000000000000001E-030   1.0000000000000001E-030   1.0000000000000001E-030   1.0000000000000001E-030   1.0000000000000001E-030   9.9999999999999995E-008   2.1999999999999999E-005   3.6000000000000001E-005
          13   6960.0000000000000        2496.0158768623910        100000.00000000000        1.0000000000000001E-030   1.0000000000000001E-030   1.0000000000000001E-030   1.0000000000000001E-030   1.0000000000000001E-030   1.0000000000000001E-030   1.0000000000000001E-030   9.9999999999999995E-008   2.1999999999999999E-005   3.6000000000000001E-005
          14   6970.0000000000000        2494.4693515760459        100000.00000000000        1.0000000000000001E-030   1.0000000000000001E-030   1.0000000000000001E-030   1.0000000000000001E-030   1.0000000000000001E-030   1.0000000000000001E-030   1.0000000000000001E-030   9.9999999999999995E-008   2.1999999999999999E-005   3.6000000000000001E-005
          15   6980.0000000000000        2492.6705799504971        100000.00000000000        1.0000000000000001E-030   1.0000000000000001E-030   1.0000000000000001E-030   1.0000000000000001E-030   1.0000000000000001E-030   1.0000000000000001E-030   1.0000000000000001E-030   9.9999999999999995E-008   2.1999999999999999E-005   3.6000000000000001E-005
          16   6990.0000000000000        2490.6200182423750        100000.00000000000        1.0000000000000001E-030   1.0000000000000001E-030   1.0000000000000001E-030   1.0000000000000001E-030   1.0000000000000001E-030   1.0000000000000001E-030   1.0000000000000001E-030   9.9999999999999995E-008   2.1999999999999999E-005   3.6000000000000001E-005
          17   7000.0000000000000        2488.3181865744291        100000.00000000000        1.0000000000000001E-030   1.0000000000000001E-030   1.0000000000000001E-030   1.0000000000000001E-030   1.0000000000000001E-030   1.0000000000000001E-030   1.0000000000000001E-030   9.9999999999999995E-008   2.1999999999999999E-005   3.6000000000000001E-005
          18   7010.0000000000000        2485.7656688054349        100000.00000000000        1.0000000000000001E-030   1.0000000000000001E-030   1.0000000000000001E-030   1.0000000000000001E-030   1.0000000000000001E-030   1.0000000000000001E-030   1.0000000000000001E-030   9.9999999999999995E-008   2.1999999999999999E-005   3.6000000000000001E-005
          19   7020.0000000000000        2482.9631123782765        100000.00000000000        1.0000000000000001E-030   1.0000000000000001E-030   1.0000000000000001E-030   1.0000000000000001E-030   1.0000000000000001E-030   1.0000000000000001E-030   1.0000000000000001E-030   9.9999999999999995E-008   2.1999999999999999E-005   3.6000000000000001E-005
          20   7030.0000000000000        2479.9112281603839        100000.00000000000        1.0000000000000001E-030   1.0000000000000001E-030   1.0000000000000001E-030   1.0000000000000001E-030   1.0000000000000001E-030   1.0000000000000001E-030   1.0000000000000001E-030   9.9999999999999995E-008   2.1999999999999999E-005   3.6000000000000001E-005
          21   7040.0000000000000        2476.6107902590884        100000.00000000000        1.0000000000000001E-030   1.0000000000000001E-030   1.0000000000000001E-030   1.0000000000000001E-030   1.0000000000000001E-030   1.0000000000000001E-030   1.0000000000000001E-030   9.9999999999999995E-008   2.1999999999999999E-005   3.6000000000000001E-005
          22   7050.0000000000000        2473.0626358269305        100000.00000000000        1.0000000000000001E-030   1.0000000000000001E-030   1.0000000000000001E-030   1.0000000000000001E-030   1.0000000000000001E-030   1.0000000000000001E-030   1.0000000000000001E-030   9.9999999999999995E-008   2.1999999999999999E-005   3.6000000000000001E-005
          23   7060.0000000000000        2469.2676648520082        100000.00000000000        1.0000000000000001E-030   1.0000000000000001E-030   1.0000000000000001E-030   1.0000000000000001E-030   1.0000000000000001E-030   1.0000000000000001E-030   1.0000000000000001E-030   9.9999999999999995E-008   2.1999999999999999E-005   3.6000000000000001E-005
          24   7070.0000000000000        2465.2268399238792        100000.00000000000        1.0000000000000001E-030   1.0000000000000001E-030   1.0000000000000001E-030   1.0000000000000001E-030   1.0000000000000001E-030   1.0000000000000001E-030   1.0000000000000001E-030   9.9999999999999995E-008   2.1999999999999999E-005   3.6000000000000001E-005
          25   7080.0000000000000        2460.9411859963352        100000.00000000000        1.0000000000000001E-030   1.0000000000000001E-030   1.0000000000000001E-030   1.0000000000000001E-030   1.0000000000000001E-030   1.0000000000000001E-030   1.0000000000000001E-030   9.9999999999999995E-008   2.1999999999999999E-005   3.6000000000000001E-005
          26   7090.0000000000000        2456.4117901211025        100000.00000000000        1.0000000000000001E-030   1.0000000000000001E-030   1.0000000000000001E-030   1.0000000000000001E-030   1.0000000000000001E-030   1.0000000000000001E-030   1.0000000000000001E-030   9.9999999999999995E-008   2.1999999999999999E-005   3.6000000000000001E-005
          27   7100.0000000000000        2451.6398011746314        100000.00000000000        1.0000000000000001E-030   1.0000000000000001E-030   1.0000000000000001E-030   1.0000000000000001E-030   1.0000000000000001E-030   1.0000000000000001E-030   1.0000000000000001E-030   9.9999999999999995E-008   2.1999999999999999E-005   3.6000000000000001E-005
          28   7110.0000000000000        2446.6264295702040        100000.00000000000        1.0000000000000001E-030   1.0000000000000001E-030   1.0000000000000001E-030   1.0000000000000001E-030   1.0000000000000001E-030   1.0000000000000001E-030   1.0000000000000001E-030   9.9999999999999995E-008   2.1999999999999999E-005   3.6000000000000001E-005
          29   7120.0000000000000        2441.3729469431478        100000.00000000000        1.0000000000000001E-030   1.0000000000000001E-030   1.0000000000000001E-030   1.0000000000000001E-030   1.0000000000000001E-030   1.0000000000000001E-030   1.0000000000000001E-030   9.9999999999999995E-008   2.1999999999999999E-005   3.6000000000000001E-005
          30   7130.0000000000000        2435.8806858374433        100000.00000000000        1.0000000000000001E-030   1.0000000000000001E-030   1.0000000000000001E-030   1.0000000000000001E-030   1.0000000000000001E-030   1.0000000000000001E-030   1.0000000000000001E-030   9.9999999999999995E-008   2.1999999999999999E-005   3.6000000000000001E-005
          31   7140.0000000000000        2430.1510393594658        100000.00000000000        1.0000000000000001E-030   1.0000000000000001E-030   1.0000000000000001E-030   1.0000000000000001E-030   1.0000000000000001E-030   1.0000000000000001E-030   1.0000000000000001E-030   9.9999999999999995E-008   2.1999999999999999E-005   3.6000000000000001E-005
          32   7150.0000000000000        2424.1854608279800        100000.00000000000        1.0000000000000001E-030   1.0000000000000001E-030   1.0000000000000001E-030   1.0000000000000001E-030   1.0000000000000001E-030   1.0000000000000001E-030   1.0000000000000001E-030   9.9999999999999995E-008   2.1999999999999999E-005   3.6000000000000001E-005
          33   7160.0000000000000        2417.9854634098369        100000.00000000000        1.0000000000000001E-030   1.0000000000000001E-030   1.0000000000000001E-030   1.0000000000000001E-030   1.0000000000000001E-030   1.0000000000000001E-030   1.0000000000000001E-030   9.9999999999999995E-008   2.1999999999999999E-005   3.6000000000000001E-005
          34   7170.0000000000000        2411.5526197264912        100000.00000000000        1.0000000000000001E-030   1.0000000000000001E-030   1.0000000000000001E-030   1.0000000000000001E-030   1.0000000000000001E-030   1.0000000000000001E-030   1.0000000000000001E-030   9.9999999999999995E-008   2.1999999999999999E-005   3.6000000000000001E-005
          35   7180.0000000000000        2404.8885614664332        100000.00000000000        1.0000000000000001E-030   1.0000000000000001E-030   1.0000000000000001E-030   1.0000000000000001E-030   1.0000000000000001E-030   1.0000000000000001E-030   1.0000000000000001E-030   9.9999999999999995E-008   2.1999999999999999E-005   3.6000000000000001E-005
          36   7190.0000000000000        2397.9949789611583        100000.00000000000        1.0000000000000001E-030   1.0000000000000001E-030   1.0000000000000001E-030   1.0000000000000001E-030   1.0000000000000001E-030   1.0000000000000001E-030   1.0000000000000001E-030   9.9999999999999995E-008   2.1999999999999999E-005   3.6000000000000001E-005
          37   7200.0000000000000        2390.8736207605925        100000.00000000000        1.0000000000000001E-030   1.0000000000000001E-030   1.0000000000000001E-030   1.0000000000000001E-030   1.0000000000000001E-030   1.0000000000000001E-030   1.0000000000000001E-030   9.9999999999999995E-008   2.1999999999999999E-005   3.6000000000000001E-005
          38   7210.0000000000000        2383.5262931946845        100000.00000000000        1.0000000000000001E-030   1.0000000000000001E-030   1.0000000000000001E-030   1.0000000000000001E-030   1.0000000000000001E-030   1.0000000000000001E-030   1.0000000000000001E-030   9.9999999999999995E-008   2.1999999999999999E-005   3.6000000000000001E-005
          39   7220.0000000000000        2375.9548599037212        100000.00000000000        1.0000000000000001E-030   1.0000000000000001E-030   1.0000000000000001E-030   1.0000000000000001E-030   1.0000000000000001E-030   1.0000000000000001E-030   1.0000000000000001E-030   9.9999999999999995E-008   2.1999999999999999E-005   3.6000000000000001E-005
          40   7230.0000000000000        2368.1612413790363        100000.00000000000        1.0000000000000001E-030   1.0000000000000001E-030   1.0000000000000001E-030   1.0000000000000001E-030   1.0000000000000001E-030   1.0000000000000001E-030   1.0000000000000001E-030   9.9999999999999995E-008   2.1999999999999999E-005   3.6000000000000001E-005
          41   7240.0000000000000        2360.1474144639060        100000.00000000000        1.0000000000000001E-030   1.0000000000000001E-030   1.0000000000000001E-030   1.0000000000000001E-030   1.0000000000000001E-030   1.0000000000000001E-030   1.0000000000000001E-030   9.9999999999999995E-008   2.1999999999999999E-005   3.6000000000000001E-005
          42   7250.0000000000000        2351.9154118570823        100000.00000000000        1.0000000000000001E-030   1.0000000000000001E-030   1.0000000000000001E-030   1.0000000000000001E-030   1.0000000000000001E-030   1.0000000000000001E-030   1.0000000000000001E-030   9.9999999999999995E-008   2.1999999999999999E-005   3.6000000000000001E-005
          43   7260.0000000000000        2343.4673216030696        100000.00000000000        1.0000000000000001E-030   1.0000000000000001E-030   1.0000000000000001E-030   1.0000000000000001E-030   1.0000000000000001E-030   1.0000000000000001E-030   1.0000000000000001E-030   9.9999999999999995E-008   2.1999999999999999E-005   3.6000000000000001E-005
          44   7270.0000000000000        2334.8052865492091        100000.00000000000        1.0000000000000001E-030   1.0000000000000001E-030   1.0000000000000001E-030   1.0000000000000001E-030   1.0000000000000001E-030   1.0000000000000001E-030   1.0000000000000001E-030   9.9999999999999995E-008   2.1999999999999999E-005   3.6000000000000001E-005
          45   7280.0000000000000        2325.9315038175810        100000.00000000000        1.0000000000000001E-030   1.0000000000000001E-030   1.0000000000000001E-030   1.0000000000000001E-030   1.0000000000000001E-030   1.0000000000000001E-030   1.0000000000000001E-030   9.9999999999999995E-008   2.1999999999999999E-005   3.6000000000000001E-005
          46   7290.0000000000000        2316.8482242339787        100000.00000000000        1.0000000000000001E-030   1.0000000000000001E-030   1.0000000000000001E-030   1.0000000000000001E-030   1.0000000000000001E-030   1.0000000000000001E-030   1.0000000000000001E-030   9.9999999999999995E-008   2.1999999999999999E-005   3.6000000000000001E-005
          47   7300.0000000000000        2307.5577517627121        100000.00000000000        1.0000000000000001E-030   1.0000000000000001E-030   1.0000000000000001E-030   1.0000000000000001E-030   1.0000000000000001E-030   1.0000000000000001E-030   1.0000000000000001E-030   9.9999999999999995E-008   2.1999999999999999E-005   3.6000000000000001E-005
          48   7310.0000000000000        2298.0624429287864        100000.00000000000        1.0000000000000001E-030   1.0000000000000001E-030   1.0000000000000001E-030   1.0000000000000001E-030   1.0000000000000001E-030   1.0000000000000001E-030   1.0000000000000001E-030   9.9999999999999995E-008   2.1999999999999999E-005   3.6000000000000001E-005
          49   7320.0000000000000        2288.3647062052019        100000.00000000000        1.0000000000000001E-030   1.0000000000000001E-030   1.0000000000000001E-030   1.0000000000000001E-030   1.0000000000000001E-030   1.0000000000000001E-030   1.0000000000000001E-030   9.9999999999999995E-008   2.1999999999999999E-005   3.6000000000000001E-005
          50   7330.0000000000000        2278.4670014193957        100000.00000000000        1.0000000000000001E-030   1.0000000000000001E-030   1.0000000000000001E-030   1.0000000000000001E-030   1.0000000000000001E-030   1.0000000000000001E-030   1.0000000000000001E-030   9.9999999999999995E-008   2.1999999999999999E-005   3.6000000000000001E-005
          51   7340.0000000000000        2268.3718391139182        100000.00000000000        1.0000000000000001E-030   1.0000000000000001E-030   1.0000000000000001E-030   1.0000000000000001E-030   1.0000000000000001E-030   1.0000000000000001E-030   1.0000000000000001E-030   9.9999999999999995E-008   2.1999999999999999E-005   3.6000000000000001E-005
          52   7350.0000000000000        2258.0817799160768        100000.00000000000        1.0000000000000001E-030   1.0000000000000001E-030   1.0000000000000001E-030   1.0000000000000001E-030   1.0000000000000001E-030   1.0000000000000001E-030   1.0000000000000001E-030   9.9999999999999995E-008   2.1999999999999999E-005   3.6000000000000001E-005
          53   7360.0000000000000        2247.5994338956925        100000.00000000000        1.0000000000000001E-030   1.0000000000000001E-030   1.0000000000000001E-030   1.0000000000000001E-030   1.0000000000000001E-030   1.0000000000000001E-030   1.0000000000000001E-030   9.9999999999999995E-008   2.1999999999999999E-005   3.6000000000000001E-005
          54   7370.0000000000000        2236.9274598864909        100000.00000000000        1.0000000000000001E-030   1.0000000000000001E-030   1.0000000000000001E-030   1.0000000000000001E-030   1.0000000000000001E-030   1.0000000000000001E-030   1.0000000000000001E-030   9.9999999999999995E-008   2.1999999999999999E-005   3.6000000000000001E-005
          55   7380.0000000000000        2226.0685648308472        100000.00000000000        1.0000000000000001E-030   1.0000000000000001E-030   1.0000000000000001E-030   1.0000000000000001E-030   1.0000000000000001E-030   1.0000000000000001E-030   1.0000000000000001E-030   9.9999999999999995E-008   2.1999999999999999E-005   3.6000000000000001E-005
          56   7390.0000000000000        2215.0255030762146        100000.00000000000        1.0000000000000001E-030   1.0000000000000001E-030   1.0000000000000001E-030   1.0000000000000001E-030   1.0000000000000001E-030   1.0000000000000001E-030   1.0000000000000001E-030   9.9999999999999995E-008   2.1999999999999999E-005   3.6000000000000001E-005
          57   7400.0000000000000        2203.8010756836115        100000.00000000000        1.0000000000000001E-030   1.0000000000000001E-030   1.0000000000000001E-030   1.0000000000000001E-030   1.0000000000000001E-030   1.0000000000000001E-030   1.0000000000000001E-030   9.9999999999999995E-008   2.1999999999999999E-005   3.6000000000000001E-005
          58   7410.0000000000000        2192.3981297250148        100000.00000000000        1.0000000000000001E-030   1.0000000000000001E-030   1.0000000000000001E-030   1.0000000000000001E-030   1.0000000000000001E-030   1.0000000000000001E-030   1.0000000000000001E-030   9.9999999999999995E-008   2.1999999999999999E-005   3.6000000000000001E-005
          59   7420.0000000000000        2180.8195575431537        100000.00000000000        1.0000000000000001E-030   1.0000000000000001E-030   1.0000000000000001E-030   1.0000000000000001E-030   1.0000000000000001E-030   1.0000000000000001E-030   1.0000000000000001E-030   9.9999999999999995E-008   2.1999999999999999E-005   3.6000000000000001E-005
          60   7430.0000000000000        2169.0682960387039        100000.00000000000        1.0000000000000001E-030   1.0000000000000001E-030   1.0000000000000001E-030   1.0000000000000001E-030   1.0000000000000001E-030   1.0000000000000001E-030   1.0000000000000001E-030   9.9999999999999995E-008   2.1999999999999999E-005   3.6000000000000001E-005
          61   7440.0000000000000        2157.1473259069312        100000.00000000000        1.0000000000000001E-030   1.0000000000000001E-030   1.0000000000000001E-030   1.0000000000000001E-030   1.0000000000000001E-030   1.0000000000000001E-030   1.0000000000000001E-030   9.9999999999999995E-008   2.1999999999999999E-005   3.6000000000000001E-005
          62   7450.0000000000000        2145.0596708894027        100000.00000000000        1.0000000000000001E-030   1.0000000000000001E-030   1.0000000000000001E-030   1.0000000000000001E-030   1.0000000000000001E-030   1.0000000000000001E-030   1.0000000000000001E-030   9.9999999999999995E-008   2.1999999999999999E-005   3.6000000000000001E-005
          63   7460.0000000000000        2132.8083970154717        100000.00000000000        1.0000000000000001E-030   1.0000000000000001E-030   1.0000000000000001E-030   1.0000000000000001E-030   1.0000000000000001E-030   1.0000000000000001E-030   1.0000000000000001E-030   9.9999999999999995E-008   2.1999999999999999E-005   3.6000000000000001E-005
          64   7470.0000000000000        2120.3966118051635        100000.00000000000        1.0000000000000001E-030   1.0000000000000001E-030   1.0000000000000001E-030   1.0000000000000001E-030   1.0000000000000001E-030   1.0000000000000001E-030   1.0000000000000001E-030   9.9999999999999995E-008   2.1999999999999999E-005   3.6000000000000001E-005
          65   7480.0000000000000        2107.8274635033385        100000.00000000000        1.0000000000000001E-030   1.0000000000000001E-030   1.0000000000000001E-030   1.0000000000000001E-030   1.0000000000000001E-030   1.0000000000000001E-030   1.0000000000000001E-030   9.9999999999999995E-008   2.1999999999999999E-005   3.6000000000000001E-005
          66   7490.0000000000000        2095.1041402613910        100000.00000000000        1.0000000000000001E-030   1.0000000000000001E-030   1.0000000000000001E-030   1.0000000000000001E-030   1.0000000000000001E-030   1.0000000000000001E-030   1.0000000000000001E-030   9.9999999999999995E-008   2.1999999999999999E-005   3.6000000000000001E-005
          67   7500.0000000000000        2082.2298693369203        100000.00000000000        1.0000000000000001E-030   1.0000000000000001E-030   1.0000000000000001E-030   1.0000000000000001E-030   1.0000000000000001E-030   1.0000000000000001E-030   1.0000000000000001E-030   9.9999999999999995E-008   2.1999999999999999E-005   3.6000000000000001E-005
          68   7510.0000000000000        2069.2079162841223        100000.00000000000        1.0000000000000001E-030   1.0000000000000001E-030   1.0000000000000001E-030   1.0000000000000001E-030   1.0000000000000001E-030   1.0000000000000001E-030   1.0000000000000001E-030   9.9999999999999995E-008   2.1999999999999999E-005   3.6000000000000001E-005
          69   7520.0000000000000        2056.0415841048157        100000.00000000000        1.0000000000000001E-030   1.0000000000000001E-030   1.0000000000000001E-030   1.0000000000000001E-030   1.0000000000000001E-030   1.0000000000000001E-030   1.0000000000000001E-030   9.9999999999999995E-008   2.1999999999999999E-005   3.6000000000000001E-005
          70   7530.0000000000000        2042.7342124344286        100000.00000000000        1.0000000000000001E-030   1.0000000000000001E-030   1.0000000000000001E-030   1.0000000000000001E-030   1.0000000000000001E-030   1.0000000000000001E-030   1.0000000000000001E-030   9.9999999999999995E-008   2.1999999999999999E-005   3.6000000000000001E-005
          71   7540.0000000000000        2029.2891766739349        100000.00000000000        1.0000000000000001E-030   1.0000000000000001E-030   1.0000000000000001E-030   1.0000000000000001E-030   1.0000000000000001E-030   1.0000000000000001E-030   1.0000000000000001E-030   9.9999999999999995E-008   2.1999999999999999E-005   3.6000000000000001E-005
          72   7550.0000000000000        2015.7098871425676        100000.00000000000        1.0000000000000001E-030   1.0000000000000001E-030   1.0000000000000001E-030   1.0000000000000001E-030   1.0000000000000001E-030   1.0000000000000001E-030   1.0000000000000001E-030   9.9999999999999995E-008   2.1999999999999999E-005   3.6000000000000001E-005
          73   7560.0000000000000        2001.9997882222385        100000.00000000000        1.0000000000000001E-030   1.0000000000000001E-030   1.0000000000000001E-030   1.0000000000000001E-030   1.0000000000000001E-030   1.0000000000000001E-030   1.0000000000000001E-030   9.9999999999999995E-008   2.1999999999999999E-005   3.6000000000000001E-005
          74   7570.0000000000000        1988.1623574620894        100000.00000000000        1.0000000000000001E-030   1.0000000000000001E-030   1.0000000000000001E-030   1.0000000000000001E-030   1.0000000000000001E-030   1.0000000000000001E-030   1.0000000000000001E-030   9.9999999999999995E-008   2.1999999999999999E-005   3.6000000000000001E-005
          75   7580.0000000000000        1974.2011047214630        100000.00000000000        1.0000000000000001E-030   1.0000000000000001E-030   1.0000000000000001E-030   1.0000000000000001E-030   1.0000000000000001E-030   1.0000000000000001E-030   1.0000000000000001E-030   9.9999999999999995E-008   2.1999999999999999E-005   3.6000000000000001E-005
          76   7590.0000000000000        1960.1195712575777        100000.00000000000        1.0000000000000001E-030   1.0000000000000001E-030   1.0000000000000001E-030   1.0000000000000001E-030   1.0000000000000001E-030   1.0000000000000001E-030   1.0000000000000001E-030   9.9999999999999995E-008   2.1999999999999999E-005   3.6000000000000001E-005
          77   7600.0000000000000        1945.9213288366495        100000.00000000000        1.0000000000000001E-030   1.0000000000000001E-030   1.0000000000000001E-030   1.0000000000000001E-030   1.0000000000000001E-030   1.0000000000000001E-030   1.0000000000000001E-030   9.9999999999999995E-008   2.1999999999999999E-005   3.6000000000000001E-005
          78   7610.0000000000000        1931.6099788377692        100000.00000000000        1.0000000000000001E-030   1.0000000000000001E-030   1.0000000000000001E-030   1.0000000000000001E-030   1.0000000000000001E-030   1.0000000000000001E-030   1.0000000000000001E-030   9.9999999999999995E-008   2.1999999999999999E-005   3.6000000000000001E-005
          79   7620.0000000000000        1917.1891513166493        100000.00000000000        1.0000000000000001E-030   1.0000000000000001E-030   1.0000000000000001E-030   1.0000000000000001E-030   1.0000000000000001E-030   1.0000000000000001E-030   1.0000000000000001E-030   9.9999999999999995E-008   2.1999999999999999E-005   3.6000000000000001E-005
          80   7630.0000000000000        1902.6625041110110        100000.00000000000        1.0000000000000001E-030   1.0000000000000001E-030   1.0000000000000001E-030   1.0000000000000001E-030   1.0000000000000001E-030   1.0000000000000001E-030   1.0000000000000001E-030   9.9999999999999995E-008   2.1999999999999999E-005   3.6000000000000001E-005
          81   7640.0000000000000        1888.0337218897823        100000.00000000000        1.0000000000000001E-030   1.0000000000000001E-030   1.0000000000000001E-030   1.0000000000000001E-030   1.0000000000000001E-030   1.0000000000000001E-030   1.0000000000000001E-030   9.9999999999999995E-008   2.1999999999999999E-005   3.6000000000000001E-005
          82   7650.0000000000000        1873.3065152282613        100000.00000000000        2.3951355429430481E-007   1.0000000000000001E-030   1.1928561097486928E-009   1.0000000000000001E-030   5.4547322347540890E-018   1.0000000000000001E-030   1.0000000000000001E-030   9.9999809901606728E-008   2.2000000901808175E-005   3.6369135919653384E-005
          83   7660.0000000000000        1858.4846196771284        100000.00000000000       0.73997395392420229        1.0000000000000001E-030   1.0000000000000001E-030   1.0000000000000001E-030   1.0000000000000001E-030   1.0000000000000001E-030   1.0000000000000001E-030   1.0008974124454588E-007   2.2000000901865323E-005   3.6369141902610847E-005
          84   7670.0000000000000        1843.5717947913254        100000.00000000000        2.6903943978793499        2.6903943978793499E-007   2.6903943978793495E-014   2.6903943978793497E-021   2.6903943978793497E-021   1.0000000000000001E-030   1.0000000000000001E-030   1.0008974117570434E-007   2.2000000901865462E-005   3.6369141902907675E-005
          85   7680.0000000000000        1828.5718232035285        100000.00000000000        24570.543786796912        1.2985175022617273E-003   5.4842565172056328E-010   1.0000000000000001E-030   5.5822166457970807E-017   1.0000000000000001E-030   1.0000000000000001E-030   1.0008785636054989E-007   2.2000000902324022E-005   3.6369143032920303E-005
