     1000001   100000000.00000000        148.41980344179831        309.17697968322204        177.82794100389228        2.3300000000000001       0.84999999999999998       0.14999999999999999        7.3903161833557679E-022   7.0801996135148160E-019   2.0843580439840887E-006   57.820338441305957        57.820338441305957     
     1000001   100000000.00000000        149.34642556737839        328.28332005193289        177.82794100389228        2.3300000000000001       0.84999999999999998       0.14999999999999999        7.3156574330363830E-022   1.0546472177833707E-018   3.1048273208479002E-006   54.616385021487453        54.616385021487453     
     1000001   100000000.00000000        150.32212118795169        348.57038300438649        177.82794100389228        2.3300000000000001       0.84999999999999998       0.14999999999999999        7.3197745163933683E-022   1.1648494617927930E-018   3.4293639868581851E-006   51.596989219429830        51.596989219429830     
     1000001   100000000.00000000        151.30371484568269        370.11113415266811        177.82794100389228        2.3300000000000001       0.84999999999999998       0.14999999999999999        7.3574140764700106E-022   1.1074337218531674E-018   3.2603013831789975E-006   48.743127443427966        48.743127443427966     
     1000001   100000000.00000000        152.34596846117512        392.98304819560752        177.82794100389228        2.3300000000000001       0.84999999999999998       0.14999999999999999        7.3890139203100947E-022   1.0301878796070302E-018   3.0328205072381094E-006   46.054534486153337        46.054534486153337     
     1000001   100000000.00000000        153.45263066345342        417.26838756871348        177.82794100389228        2.3300000000000001       0.84999999999999998       0.14999999999999999        7.3947214802570980E-022   1.0281857101241762E-018   3.0269052526494068E-006   43.521961650034818        43.521961650034818     
     1000001   100000000.00000000        154.62768173715284        443.05449831395606        177.82794100389228        2.3300000000000001       0.84999999999999998       0.14999999999999999        7.4110480492173651E-022   1.0422400383080836E-018   3.0682679199985927E-006   41.136134086020405        41.136134086020405     
     1000001   100000000.00000000        155.87534793823883        470.43412423354374        177.82794100389228        2.3300000000000001       0.84999999999999998       0.14999999999999999        7.4323570919759348E-022   1.0581798378728967E-018   3.1151836900412613E-006   38.888420582977197        38.888420582977197     
     1000001   100000000.00000000        157.20011669440169        499.50574045759828        177.82794100389228        2.3300000000000001       0.84999999999999998       0.14999999999999999        7.4600973901319417E-022   1.0684065653466038E-018   3.1452696869254548E-006   36.770752411536797        36.770752411536797     
     1000001   100000000.00000000        158.60675274479510        530.37390762543168        177.82794100389228        2.3300000000000001       0.84999999999999998       0.14999999999999999        7.4928952568258071E-022   1.0748083283443069E-018   3.1640871015595034E-006   34.775559380911766        34.775559380911766     
     1000001   100000000.00000000        160.10031527717075        563.14964795434548        177.82794100389228        2.3300000000000001       0.84999999999999998       0.14999999999999999        7.5301315622352001E-022   1.0807667022749421E-018   3.1815959684148276E-006   32.895720615072221        32.895720615072221     
     1000001   100000000.00000000        161.68617612404165        597.95084454847597        177.82794100389228        2.3300000000000001       0.84999999999999998       0.14999999999999999        7.5721260230306920E-022   1.0874173502620262E-018   3.2011415190166985E-006   31.124515393165193        31.124515393165193     
     1000001   100000000.00000000        163.37003908332329        634.90266538392984        177.82794100389228        2.3300000000000001       0.84999999999999998       0.14999999999999999        7.6192040538526431E-022   1.0940266376594180E-018   3.2205631901436676E-006   29.455605742917136        29.455605742917136     
     1000001   100000000.00000000        164.60550782589797        674.13801349508583        177.82794100389228        2.3300000000000001       0.84999999999999998       0.14999999999999999        7.6732604909419582E-022   1.1001066546176185E-018   3.2384233356728104E-006   27.835540569785717        27.835540569785717     
     1000001   100000000.00000000        165.56472383343552        715.79800498125849        177.82794100389228        2.3300000000000001       0.84999999999999998       0.14999999999999999        7.7338806126416075E-022   1.1060089612718957E-018   3.2557570201698451E-006   26.280840242909960        26.280840242909960     
     1000001   100000000.00000000        166.58321691763615        760.03247655294194        177.82794100389228        2.3300000000000001       0.84999999999999998       0.14999999999999999        7.8008735863663304E-022   1.1117777241020836E-018   3.2726949164517496E-006   24.816357833875337        24.816357833875337     
     1000001   100000000.00000000        167.66465024903704        807.00052444309483        177.82794100389228        2.3300000000000001       0.84999999999999998       0.14999999999999999        7.8752334772524224E-022   1.1172489751069802E-018   3.2887544043350371E-006   23.436861649496606        23.436861649496606     
     1000001   100000000.00000000        168.81291337267217        856.87107662177391        177.82794100389228        2.3300000000000001       0.84999999999999998       0.14999999999999999        7.9576150551606229E-022   1.1224277858226292E-018   3.3039502876654323E-006   22.137425980131678        22.137425980131678     
     1000001   100000000.00000000        170.03213619743212        909.82350037212257        177.82794100389228        2.3300000000000001       0.84999999999999998       0.14999999999999999        8.0487433651394675E-022   1.1273712943185364E-018   3.3184507388088719E-006   20.913413728934344        20.913413728934344     
     1000001   100000000.00000000        171.32670384993136        966.04824741303526        177.82794100389228        2.3300000000000001       0.84999999999999998       0.14999999999999999        8.1494719275567903E-022   1.1321058902561985E-018   3.3323334546382811E-006   19.760459245567176        19.760459245567176     
     1000001   100000000.00000000        172.70127244630518        1025.7475388886849        177.82794100389228        2.3300000000000001       0.84999999999999998       0.14999999999999999        8.2607751252515630E-022   1.1366389709430267E-018   3.3456202001196661E-006   18.674452213952886        18.674452213952886     
     1000001   100000000.00000000        174.16078583866400        1089.1360926886944        177.82794100389228        2.3300000000000001       0.84999999999999998       0.14999999999999999        8.3837690614200898E-022   1.1409793608158260E-018   3.3583369140282727E-006   17.651522564143942        17.651522564143942     
     1000001   100000000.00000000        175.71049339643483        1156.4418957147789        177.82794100389228        2.3300000000000001       0.84999999999999998       0.14999999999999999        8.5194692511686931E-022   1.1452059688771686E-018   3.3707158856202451E-006   16.688026363435768        16.688026363435768     
     1000001   100000000.00000000        177.35596888654339        1227.9070238714794        177.82794100389228        2.3300000000000001       0.84999999999999998       0.14999999999999999        8.6683259750989207E-022   1.1491407773755026E-018   3.3822332233810267E-006   15.780532215808886        15.780532215808886     
     1000001   100000000.00000000        178.51157169894879        1303.7885127302470        177.82794100389228        2.3300000000000001       0.84999999999999998       0.14999999999999999        8.8340601377569399E-022   1.1528320254968797E-018   3.3930306459038410E-006   14.900398548497648        14.900398548497648     
     1000001   100000000.00000000        179.46262940040722        1384.3592819982662        177.82794100389228        2.3300000000000001       0.84999999999999998       0.14999999999999999        9.0161602465540780E-022   1.1564775304406586E-018   3.4036909079762032E-006   14.060543589010781        14.060543589010781     
     1000001   100000000.00000000        180.47246001624299        1469.9091171171153        177.82794100389228        2.3300000000000001       0.84999999999999998       0.14999999999999999        9.2156184323317140E-022   1.1599775482547573E-018   3.4139207163129539E-006   13.269888007402519        13.269888007402519     
     1000001   100000000.00000000        181.54469556106361        1560.7457115216712        177.82794100389228        2.3300000000000001       0.84999999999999998       0.14999999999999999        9.4348507731827420E-022   1.1632722580329907E-018   3.4235438967327677E-006   12.525632366614918        12.525632366614918     
     1000001   100000000.00000000        182.68319249861719        1657.1957733079412        177.82794100389228        2.3300000000000001       0.84999999999999998       0.14999999999999999        9.6760845910044575E-022   1.1664012430765058E-018   3.4326769143965602E-006   11.825142244895638        11.825142244895638     
     1000001   100000000.00000000        183.89204561217042        1759.6062002900908        177.82794100389228        2.3300000000000001       0.84999999999999998       0.14999999999999999        9.9418999978902114E-022   1.1693875664674969E-018   3.4413876478138771E-006   11.165937876088169        11.165937876088169     
     1000001   100000000.00000000        185.17560273204069        1868.3453276730004        177.82794100389228        2.3300000000000001       0.84999999999999998       0.14999999999999999        1.0235272893593820E-021   1.1722372277975953E-018   3.4496937326183412E-006   10.545684314654853        10.545684314654853     
     1000001   100000000.00000000        186.53848037325125        1983.8042528277274        177.82794100389228        2.3300000000000001       0.84999999999999998       0.14999999999999999        1.0559617194320352E-021   1.1749565973317325E-018   3.4576138840346412E-006   9.9621821480383161        9.9621821480383161     
     1000001   100000000.00000000        187.98558033955396        2106.3982419347353        177.82794100389228        2.3300000000000001       0.84999999999999998       0.14999999999999999        1.0918865811817437E-021   1.1775535887512350E-018   3.4651713492727434E-006   9.4133586313913025        9.4133586313913025     
     1000001   100000000.00000000        189.52210735353685        2236.5682235539871        177.82794100389228        2.3300000000000001       0.84999999999999998       0.14999999999999999        1.1317266374817761E-021   1.1800633541721161E-018   3.4724695499883233E-006   8.8972592769607477        8.8972592769607477     
     1000001   100000000.00000000        191.15358777622740        2374.7823744938391        177.82794100389228        2.3300000000000001       0.84999999999999998       0.14999999999999999        1.1758503896953392E-021   1.1824184975593262E-018   3.4793102213720347E-006   8.4120398668091489        8.4120398668091489     
     1000001   100000000.00000000        192.42108822161393        2521.5378036825969        177.82794100389228        2.3300000000000001       0.84999999999999998       0.14999999999999999        1.2251447432621929E-021   1.1846438956675712E-018   3.4857663972890887E-006   7.9462657871134974        7.9462657871134974     
     1000001   100000000.00000000        193.51590129768027        2677.3623400989068        177.82794100389228        2.3300000000000001       0.84999999999999998       0.14999999999999999        1.2799298398641700E-021   1.1868132407546349E-018   3.4920553678517428E-006   7.5038772302599988        7.5038772302599988     
     1000001   100000000.00000000        194.67837099971160        2842.8164311916785        177.82794100389228        2.3300000000000001       0.84999999999999998       0.14999999999999999        1.3408473797642256E-021   1.1888855054871665E-018   3.4980566146358858E-006   7.0885804921544757        7.0885804921544757     
     1000001   100000000.00000000        195.91267833279204        3018.4951586175225        177.82794100389228        2.3300000000000001       0.84999999999999998       0.14999999999999999        1.4088054703614380E-021   1.1908470213974390E-018   3.5037298049114262E-006   6.6988823498778203        6.6988823498778203     
     1000001   100000000.00000000        197.22326267734198        3205.0303785454125        177.82794100389228        2.3300000000000001       0.84999999999999998       0.14999999999999999        1.4848154657504603E-021   1.1927169725096001E-018   3.5091313303798781E-006   6.3333686964251985        6.3333686964251985     
     1000001   100000000.00000000        198.61483775604864        3403.0929942268631        177.82794100389228        2.3300000000000001       0.84999999999999998       0.14999999999999999        1.5701082863212897E-021   1.1945032598112530E-018   3.5142843880161865E-006   5.9906981006859201        5.9906981006859201     
     1000001   100000000.00000000        200.09240858751019        3613.3953690048615        177.82794100389228        2.3300000000000001       0.84999999999999998       0.14999999999999999        1.6661262031454198E-021   1.1962104471761094E-018   3.5192023399913994E-006   5.6695958346652713        5.6695958346652713     
     1000001   100000000.00000000        201.66128948757304        3836.6938884407787        177.82794100389228        2.3300000000000001       0.84999999999999998       0.14999999999999999        1.7745806457579886E-021   1.1978435541219123E-018   3.5238998781124504E-006   5.3688483795388722        5.3688483795388722     
     1000001   100000000.00000000        203.32712318310371        4073.7916807738693        177.82794100389228        2.3300000000000001       0.84999999999999998       0.14999999999999999        1.8975122601559596E-021   1.1994075049456605E-018   3.5283914014560006E-006   5.0872984265542369        5.0872984265542369     
     1000001   100000000.00000000        205.09590110694353        4325.5415054983232        177.82794100389228        2.3300000000000001       0.84999999999999998       0.14999999999999999        2.0373460649767369E-021   1.2009117379466053E-018   3.5327045794433890E-006   4.8238404127700498        4.8238404127700498     
     1000001   100000000.00000000        206.97398494703941        4592.8488204469149        177.82794100389228        2.3300000000000001       0.84999999999999998       0.14999999999999999        2.1969157351880585E-021   1.2023485757757739E-018   3.5368167582252614E-006   4.5774166266196916        4.5774166266196916     
     1000001   100000000.00000000        208.81618486064713        4876.6750384124298        177.82794100389228        2.3300000000000001       0.84999999999999998       0.14999999999999999        2.3799890527926884E-021   1.2037242920782533E-018   3.5407462432368710E-006   4.3457203828799980        4.3457203828799980     
     1000001   100000000.00000000        210.67772116763993        5178.0409850199958        177.82794100389228        2.3300000000000001       0.84999999999999998       0.14999999999999999        2.5907580581206040E-021   1.2050544700459969E-018   3.5445389170546304E-006   4.1285206469946898        4.1285206469946898     
     1000001   100000000.00000000        212.65429561986136        5498.0305702869709        177.82794100389228        2.3300000000000001       0.84999999999999998       0.14999999999999999        2.8325306374666215E-021   1.2063352416798159E-018   3.5481833552243020E-006   3.9257139138679493        3.9257139138679493     
     1000001   100000000.00000000        214.75301727814875        5837.7946870757050        177.82794100389228        2.3300000000000001       0.84999999999999998       0.14999999999999999        3.1147647502130255E-021   1.2075669483996030E-018   3.5516803758716497E-006   3.7363990835851095        3.7363990835851095     
     1000001   100000000.00000000        216.98143452497411        6198.5553504607979        177.82794100389228        2.3300000000000001       0.84999999999999998       0.14999999999999999        3.4431696204652630E-021   1.2087554466854987E-018   3.5550470253668547E-006   3.5597103773804375        3.5597103773804375     
     1000001   100000000.00000000        219.34756221338870        6581.6100928984297        177.82794100389228        2.3300000000000001       0.84999999999999998       0.14999999999999999        3.8278991276572160E-021   1.2099042549740179E-018   3.5582934546725319E-006   3.3948164702369814        3.3948164702369814     
     1000001   100000000.00000000        221.85991049370176        6988.3366310058418        177.82794100389228        2.3300000000000001       0.84999999999999998       0.14999999999999999        4.2812038270363687E-021   1.2110164733570487E-018   3.5614285607753610E-006   3.2409200453440032        3.2409200453440032     
     1000001   100000000.00000000        224.52751542157498        7420.1978207358497        177.82794100389228        2.3300000000000001       0.84999999999999998       0.14999999999999999        4.8183937158888098E-021   1.2120951034241225E-018   3.5644608867763308E-006   3.0972576657900723        3.0972576657900723     
     1000001   100000000.00000000        227.35997145761738        7878.7469187683146        177.82794100389228        2.3300000000000001       0.84999999999999998       0.14999999999999999        5.4587319730172021E-021   1.2131458005517588E-018   3.5674067989437211E-006   2.9630999226027708        2.9630999226027708     
     1000001   100000000.00000000        230.36746597537180        8365.6331690420393        177.82794100389228        2.3300000000000001       0.84999999999999998       0.14999999999999999        6.2263728762246443E-021   1.2141718369044993E-018   3.5702494595400386E-006   2.8377431228066294        2.8377431228066294     
     1000001   100000000.00000000        233.40891856722968        8882.6077345199137        177.82794100389228        2.3300000000000001       0.84999999999999998       0.14999999999999999        7.1540480062094751E-021   1.2151467393855690E-018   3.5730120250910499E-006   2.7202038076695989        2.7202038076695989     
     1000001   100000000.00000000        236.62658870392713        9431.5299955219252        177.82794100389228        2.3300000000000001       0.84999999999999998       0.14999999999999999        8.2804785416848349E-021   1.2161251110575028E-018   3.5757121518557613E-006   2.6102437445870348        2.6102437445870348     
     1000001   100000000.00000000        240.04310256077775        10014.374237278791        177.82794100389228        2.3300000000000001       0.84999999999999998       0.14999999999999999        9.6584623443602236E-021   1.2170722262027758E-018   3.5783376946368801E-006   2.5073247041532865        2.5073247041532865     
     1000001   100000000.00000000        243.67074816712122        10633.236750759392        177.82794100389228        2.3300000000000001       0.84999999999999998       0.14999999999999999        1.1357086945424370E-020   1.2179980272706809E-018   3.5808995288092242E-006   2.4108770819426186        2.4108770819426186     
     1000001   100000000.00000000        247.52257292083470        11290.343372310739        177.82794100389228        2.3300000000000001       0.84999999999999998       0.14999999999999999        1.3467627646881823E-020   1.2189054857470830E-018   3.5834039462598955E-006   2.3203717364088452        2.3203717364088452     
     1000001   100000000.00000000        251.61243051535186        11988.057489228528        177.82794100389228        2.3300000000000001       0.84999999999999998       0.14999999999999999        1.6111718277756818E-020   1.2197963178510681E-018   3.5858561684297105E-006   2.2353149444464862        2.2353149444464862     
     1000001   100000000.00000000        255.95503076664920        12728.888540051119        177.82794100389228        2.3300000000000001       0.84999999999999998       0.14999999999999999        1.9452679283339027E-020   1.2206722944768496E-018   3.5882611560067209E-006   2.1552470886592667        2.1552470886592667     
     1000001   100000000.00000000        260.56599251941253        13515.501040149862        177.82794100389228        2.3300000000000001       0.84999999999999998       0.14999999999999999        2.3710482711294715E-020   1.2215513670863922E-018   3.5906714212357155E-006   2.0797420746078212        2.0797420746078212     
     1000001   100000000.00000000        265.46189982266839        14350.724165077710        177.82794100389228        2.3300000000000001       0.84999999999999998       0.14999999999999999        2.9180651801990243E-020   1.2223882361240385E-018   3.5929538407569997E-006   2.0084064773862567        2.0084064773862567     
     1000001   100000000.00000000        268.90723843665319        15237.561926143841        177.82794100389228        2.3300000000000001       0.84999999999999998       0.14999999999999999        3.6270781359735518E-020   1.2232103314711940E-018   3.5951891465866615E-006   1.9409819972555595        1.9409819972555595     
     1000001   100000000.00000000        272.25585687279840        16179.203974812868        177.82794100389228        2.3300000000000001       0.84999999999999998       0.14999999999999999        4.5453254717064615E-020   1.2240441738300642E-018   3.5974571346709789E-006   1.8776432561767074        1.8776432561767074     
     1000001   100000000.00000000        275.81141129645317        17179.037074787851        177.82794100389228        2.3300000000000001       0.84999999999999998       0.14999999999999999        5.7455935718917990E-020   1.2248554852615870E-018   3.5996569653078195E-006   1.8180445303760351        1.8180445303760351     
     1000001   100000000.00000000        279.58668981821961        18240.657283038439        177.82794100389228        2.3300000000000001       0.84999999999999998       0.14999999999999999        7.3303170470418997E-020   1.2256517998416204E-018   3.6018105644080841E-006   1.7618376867010637        1.7618376867010637     
     1000001   100000000.00000000        283.59527082097128        19367.882883585520        177.82794100389228        2.3300000000000001       0.84999999999999998       0.14999999999999999        9.4435384525616206E-020   1.2264369600678139E-018   3.6039290657214165E-006   1.7087037757195731        1.7087037757195731     
     1000001   100000000.00000000        287.85157179664111        20564.768120559671        177.82794100389228        2.3300000000000001       0.84999999999999998       0.14999999999999999        1.2290114102843072E-019   1.2272121518423350E-018   3.6060157984746499E-006   1.6583516577855590        1.6583516577855590     
     1000001   100000000.00000000        292.37090120099992        21835.617779928274        177.82794100389228        2.3300000000000001       0.84999999999999998       0.14999999999999999        1.6164476080325412E-019   1.2279785181534174E-018   3.6080739723681072E-006   1.6105165053862900        1.6105165053862900     
     1000001   100000000.00000000        297.16951351292323        23185.002672334667        177.82794100389228        2.3300000000000001       0.84999999999999998       0.14999999999999999        2.1494408795031613E-019   1.2287408272227103E-018   3.6101174588722220E-006   1.5649582115370997        1.5649582115370997     
     1000001   100000000.00000000        302.26466769618219        24617.776072737815        177.82794100389228        2.3300000000000001       0.84999999999999998       0.14999999999999999        2.8908979210348055E-019   1.2294889300098402E-018   3.6121164189354235E-006   1.5214597691274234        1.5214597691274234     
     1000001   100000000.00000000        306.93882976910027        26139.091175978527        177.82794100389228        2.3300000000000001       0.84999999999999998       0.14999999999999999        3.9319079063503763E-019   1.2302310728892931E-018   3.6140951557161157E-006   1.4805140793758516        1.4805140793758516     
     1000001   100000000.00000000        311.88888303580580        27754.419631055382        177.82794100389228        2.3300000000000001       0.84999999999999998       0.14999999999999999        5.4066826930205204E-019   1.2309727081769412E-018   3.6160703915365020E-006   1.4413605951061808        1.4413605951061808     
     1000001   100000000.00000000        317.14483683447787        29469.571220770464        177.82794100389228        2.3300000000000001       0.84999999999999998       0.14999999999999999        7.5207862630308041E-019   1.2317056844682954E-018   3.6180180592721613E-006   1.4038162479196707        1.4038162479196707     
     1000001   100000000.00000000        322.72559502946200        31290.714757526985        177.82794100389228        2.3300000000000001       0.84999999999999998       0.14999999999999999        1.0587841174077195E-018   1.2324336201024960E-018   3.6199487853849219E-006   1.3677265981552575        1.3677265981552575     
     1000001   100000000.00000000        328.65122969519115        33224.400270433121        177.82794100389228        2.3300000000000001       0.84999999999999998       0.14999999999999999        1.5092847247745751E-018   1.2331573376605468E-018   3.6218650292632135E-006   1.3329533951429224        1.3329533951429224     
     1000001   100000000.00000000        334.94305330855877        35277.582563512013        177.82794100389228        2.3300000000000001       0.84999999999999998       0.14999999999999999        2.1795896767768614E-018   1.2338811413373594E-018   3.6237795259970493E-006   1.2993731438650853        1.2993731438650853     
     1000001   100000000.00000000        341.62369540259078        37457.646229747370        177.82794100389228        2.3300000000000001       0.84999999999999998       0.14999999999999999        3.1906291293967005E-018   1.2345956027084868E-018   3.6256648743992457E-006   1.2668757920542519        1.2668757920542519     
     1000001   100000000.00000000        347.40696711369526        39772.432210933810        177.82794100389228        2.3300000000000001       0.84999999999999998       0.14999999999999999        4.7303880354488464E-018   1.2353051730442521E-018   3.6275348313907996E-006   1.2367147328087866        1.2367147328087866     
     1000001   100000000.00000000        353.12472519874768        42230.265998857431        177.82794100389228        2.3300000000000001       0.84999999999999998       0.14999999999999999        7.0967213590451144E-018   1.2360164890637378E-018   3.6294105035848792E-006   1.2079550204251950        1.2079550204251950     
     1000001   100000000.00000000        359.19582599460244        44839.987579235392        177.82794100389228        2.3300000000000001       0.84999999999999998       0.14999999999999999        1.0777802019345420E-017   1.2367221780625587E-018   3.6312709433132239E-006   1.1800902346826665        1.1800902346826665     
     1000001   100000000.00000000        365.64210516996371        47610.983226115066        177.82794100389228        2.3300000000000001       0.84999999999999998       0.14999999999999999        1.6581566583819411E-017   1.2374228089906768E-018   3.6331187856135668E-006   1.1530352216091406        1.1530352216091406     
     1000001   100000000.00000000        372.48674778157584        50553.219261084996        177.82794100389228        2.3300000000000001       0.84999999999999998       0.14999999999999999        2.5858401569359849E-017   1.2381197211681824E-018   3.6349583969563275E-006   1.1267140055508875        1.1267140055508875     
     1000001   100000000.00000000        379.75437166292437        53677.277898717148        177.82794100389228        2.3300000000000001       0.84999999999999998       0.14999999999999999        4.0901443276310241E-017   1.2388156983978825E-018   3.6367980169822872E-006   1.1010589359065692        1.1010589359065692     
     1000001   100000000.00000000        387.47111596614548        56994.395307165534        177.82794100389228        2.3300000000000001       0.84999999999999998       0.14999999999999999        6.5669861933934051E-017   1.2395053141692307E-018   3.6386211411504785E-006   1.0760098482527856        1.0760098482527856     
     1000001   100000000.00000000        394.17271025712631        60516.502020813197        177.82794100389228        2.3300000000000001       0.84999999999999998       0.14999999999999999        1.0688375284344820E-016   1.2401902874491438E-018   3.6404354128915818E-006   1.0529537436188254        1.0529537436188254     
     1000001   100000000.00000000        400.76272627668908        64256.265850313495        177.82794100389228        2.3300000000000001       0.84999999999999998       0.14999999999999999        1.7617009807139221E-016   1.2408751507216914E-018   3.6422538155897019E-006   1.0309380912461386        1.0309380912461386     
     1000001   100000000.00000000        407.75998829895855        68227.137444363951        177.82794100389228        2.3300000000000001       0.84999999999999998       0.14999999999999999        2.9421263694360760E-016   1.2415554717139936E-018   3.6440636082993441E-006   1.0094238986234449        1.0094238986234449     
     1000001   100000000.00000000        415.18966307713140        72443.398667080226        177.82794100389228        2.3300000000000001       0.84999999999999998       0.14999999999999999        4.9826055181863001E-016   1.2422312893469775E-018   3.6458663301771889E-006  0.98836318575786508       0.98836318575786508     
     1000001   100000000.00000000        423.07847260487665        76920.213964964190        177.82794100389228        2.3300000000000001       0.84999999999999998       0.14999999999999999        8.5628592931412794E-016   1.2429023622907441E-018   3.6476676484185382E-006  0.96771392309480153       0.96771392309480153     
     1000001   100000000.00000000        431.45479022619213        81673.684908222946        177.82794100389228        2.3300000000000001       0.84999999999999998       0.14999999999999999        1.4940967968683630E-015   1.2435664122821743E-018   3.6494642152506204E-006  0.94743828403350061       0.94743828403350061     
     1000001   100000000.00000000        439.40987940771572        86720.908102596033        177.82794100389228        2.3300000000000001       0.84999999999999998       0.14999999999999999        2.6451776392008296E-015   1.2442234667736341E-018   3.6512530528677459E-006  0.92831583936102879       0.92831583936102879     
     1000001   100000000.00000000        446.67614884960523        92080.036679987403        177.82794100389228        2.3300000000000001       0.84999999999999998       0.14999999999999999        4.7457127816794390E-015   1.2448326234425449E-018   3.6530429586676815E-006  0.91053677630783625       0.91053677630783625     
     1000001   100000000.00000000        454.39145501250044        97770.345589058561        177.82794100389228        2.3300000000000001       0.84999999999999998       0.14999999999999999        8.6262824194090238E-015   1.2452954947844551E-018   3.6548319470596342E-006  0.89312362870549300       0.89312362870549300     
     1000001   100000000.00000000        462.58354720826372        103812.30092061353        177.82794100389228        2.3300000000000001       0.84999999999999998       0.14999999999999999        1.5898557284882186E-014   1.2452917437983026E-018   3.6566160248687225E-006  0.87617635129367799       0.87617635129367799     
     1000001   100000000.00000000        471.28188958469826        110227.63351711068        177.82794100389228        2.3300000000000001       0.84999999999999998       0.14999999999999999        2.9715142416649006E-014   1.2441770773394258E-018   3.6584012621355131E-006  0.85992695607447245       0.85992695607447245     
     1000001   100000000.00000000        480.51776709799179        117039.41713105644        177.82794100389228        2.3300000000000001       0.84999999999999998       0.14999999999999999        5.6229080879768566E-014   1.2419626890455948E-018   3.6601878415931305E-006  0.84432425521509569       0.84432425521509569     
     1000001   100000000.00000000        489.40692019378866        124272.15141338449        177.82794100389228        2.3300000000000001       0.84999999999999998       0.14999999999999999        1.0754832566389102E-013   1.2381073979965812E-018   3.6619740342227424E-006  0.83025081615908425       0.83025081615908425     
     1000001   100000000.00000000        497.75578558331352        131951.85003030242        177.82794100389228        2.3300000000000001       0.84999999999999998       0.14999999999999999        2.0828552110903348E-013   1.2289109944244832E-018   3.6637675273927336E-006  0.81928931181785480       0.81928931181785480     
     1000001   100000000.00000000        506.62058933276506        140106.13422553314        177.82794100389228        2.3300000000000001       0.84999999999999998       0.14999999999999999        4.0771917099891489E-013   1.2125704783424780E-018   3.6655736447020495E-006  0.81132997196370105       0.81132997196370105     
     1000001   100000000.00000000        516.03321510283524        148764.33216446143        177.82794100389228        2.3300000000000001       0.84999999999999998       0.14999999999999999        8.0439696612523632E-013   1.1879376632195759E-018   3.6673977686388710E-006  0.80688751438844830       0.80688751438844830     
     1000001   100000000.00000000        526.02751688225942        157957.58441749270        177.82794100389228        2.3300000000000001       0.84999999999999998       0.14999999999999999        1.5896937382555114E-012   1.1558856696608533E-018   3.6692539718541393E-006  0.80576113528246340       0.80576113528246340     
     1000001   100000000.00000000        536.63944074900974        167718.95596201086        177.82794100389228        2.3300000000000001       0.84999999999999998       0.14999999999999999        3.1111695316274972E-012   1.1191311746656523E-018   3.6711421832498499E-006  0.80701494543848162       0.80701494543848162     
     1000001   100000000.00000000        545.36252099467390        178083.55510577114        177.82794100389228        2.3300000000000001       0.84999999999999998       0.14999999999999999        6.1109459480453912E-012   1.0788055886442976E-018   3.6730727901052119E-006  0.81223421072087887       0.81223421072087887     
     1000001   100000000.00000000        554.60866568866516        189088.65975944613        177.82794100389228        2.3300000000000001       0.84999999999999998       0.14999999999999999        1.1979753088897011E-011   1.0373403772561223E-018   3.6750522669883210E-006  0.81875317724563601       0.81875317724563601     
     1000001   100000000.00000000        564.42619829065200        200773.85151249589        177.82794100389228        2.3300000000000001       0.84999999999999998       0.14999999999999999        2.3482250119613133E-011   9.9328923303838967E-019   3.6770777186073622E-006  0.82745137888915310       0.82745137888915310     
     1000001   100000000.00000000        574.85042910046423        213181.15799457996        177.82794100389228        2.3300000000000001       0.84999999999999998       0.14999999999999999        4.5818642178556481E-011   9.4700207124407757E-019   3.6791562385986936E-006  0.83845498973575139       0.83845498973575139     
     1000001   100000000.00000000        585.91885050343853        226355.20403453294        177.82794100389228        2.3300000000000001       0.84999999999999998       0.14999999999999999        8.8293325914607373E-011   8.9832898207186613E-019   3.6812850860435956E-006  0.85222653482794530       0.85222653482794530     
     1000001   100000000.00000000        595.66370866148350        240343.37216058114        177.82794100389228        2.3300000000000001       0.84999999999999998       0.14999999999999999        1.6939504341888498E-010   8.5081660533780564E-019   3.6834554785709892E-006  0.86853932221120622       0.86853932221120622     
     1000001   100000000.00000000        605.86885877469604        255195.97301905660        177.82794100389228        2.3300000000000001       0.84999999999999998       0.14999999999999999        3.2317090530576300E-010   8.0377612515474068E-019   3.6856403245081673E-006  0.88665149348637140       0.88665149348637140     
     1000001   100000000.00000000        616.70466085875285        270966.42632454663        177.82794100389228        2.3300000000000001       0.84999999999999998       0.14999999999999999        6.1382074437761314E-010   7.5688302034730581E-019   3.6877820144125032E-006  0.90692381599533756       0.90692381599533756     
     1000001   100000000.00000000        628.21008757979848        287711.45299229625        177.82794100389228        2.3300000000000001       0.84999999999999998       0.14999999999999999        1.1556092797110116E-009   7.0999400617196666E-019   3.6897776490273693E-006  0.92980642999803065       0.92980642999803065     
     1000001   100000000.00000000        639.70460524065322        305491.27914390498        177.82794100389228        2.3300000000000001       0.84999999999999998       0.14999999999999999        2.1528296348108875E-009   6.6342480912800914E-019   3.6914340571309332E-006  0.95604890504261975       0.95604890504261975     
     1000001   100000000.00000000        650.76159985261859        324369.85272003809        177.82794100389228        2.3300000000000001       0.84999999999999998       0.14999999999999999        3.9813453531423229E-009   6.1791481129753504E-019   3.6923887861176488E-006  0.98578653542892780       0.98578653542892780     
     1000001   100000000.00000000        662.50188822962321        344415.07347925392        177.82794100389228        2.3300000000000001       0.84999999999999998       0.14999999999999999        7.3025525698854581E-009   5.7332649174669216E-019   3.6919914958160821E-006   1.0185943522933489        1.0185943522933489     
     1000001   100000000.00000000        674.96769616499773        365699.03721016186        177.82794100389228        2.3300000000000001       0.84999999999999998       0.14999999999999999        1.3292096163211213E-008   5.2949885748227184E-019   3.6890829565653648E-006   1.0550170900872640        1.0550170900872640     
     1000001   100000000.00000000        688.20385889725321        388298.29503526288        177.82794100389228        2.3300000000000001       0.84999999999999998       0.14999999999999999        2.3768824916368145E-008   4.8648984384524838E-019   3.6818560782243727E-006   1.0953868393145847        1.0953868393145847     
     1000001   100000000.00000000        700.24180035100096        412294.12873910146        177.82794100389228        2.3300000000000001       0.84999999999999998       0.14999999999999999        4.1894659882398293E-008   4.4448501234608120E-019   3.6671640503742264E-006   1.1415843828580574        1.1415843828580574     
     1000001   100000000.00000000        712.65670959461465        437772.84311098437        177.82794100389228        2.3300000000000001       0.84999999999999998       0.14999999999999999        7.2782984300362150E-008   4.0352202851078989E-019   3.6399036978440838E-006   1.1921488186563387        1.1921488186563387     
     1000001   100000000.00000000        725.83882822716282        464826.07635372790        177.82794100389228        2.3300000000000001       0.84999999999999998       0.14999999999999999        1.2464937746307194E-007   3.6352682208281995E-019   3.5918600704752876E-006   1.2462377051270468        1.2462377051270468     
     1000001   100000000.00000000        739.83556781121831        493551.12967485707        177.82794100389228        2.3300000000000001       0.84999999999999998       0.14999999999999999        2.0861317423746927E-007   3.2441340635302130E-019   3.5118974558347277E-006   1.3027031724703046        1.3027031724703046     
     1000001   100000000.00000000        752.42519220176621        524051.31724571524        177.82794100389228        2.3300000000000001       0.84999999999999998       0.14999999999999999        3.4047440226986307E-007   2.8621634861752122E-019   3.3841746597637902E-006   1.3611119265021547        1.3611119265021547     
     1000001   100000000.00000000        764.87792557037062        556436.33778711280        177.82794100389228        2.3300000000000001       0.84999999999999998       0.14999999999999999        5.4218358853249070E-007   2.4900888515279718E-019   3.1866559360921959E-006   1.4144716035430451        1.4144716035430451     
     1000001   100000000.00000000        778.10020576133138        590822.66911802802        177.82794100389228        2.3300000000000001       0.84999999999999998       0.14999999999999999        8.4169953255061390E-007   2.1274814274906972E-019   2.8912278188653029E-006   1.4515253187983574        1.4515253187983574     
     1000001   100000000.00000000        792.13958878458641        627333.98708641471        177.82794100389228        2.3300000000000001       0.84999999999999998       0.14999999999999999        1.2627366388070821E-006   1.7734924526535509E-019   2.4739364498435890E-006   1.4566103794706571        1.4566103794706571     
     1000001   100000000.00000000        806.32624437912125        666101.61038881668        177.82794100389228        2.3300000000000001       0.84999999999999998       0.14999999999999999        1.8072444827037118E-006   1.4276102502498921E-019   1.9325290923354384E-006   1.4095985372993265        1.4095985372993265     
     1000001   100000000.00000000        820.60069085770829        707264.97287872469        177.82794100389228        2.3300000000000001       0.84999999999999998       0.14999999999999999        2.4344281321098719E-006   1.0896674220084619E-019   1.3075228859731946E-006   1.2863794981176981        1.2863794981176981     
     1000001   100000000.00000000        835.75726133295962        750972.12506234914        177.82794100389228        2.3300000000000001       0.84999999999999998       0.14999999999999999        3.0424697220354548E-006   7.5923441658414007E-020   7.0063847522221034E-007   1.0699798291711113        1.0699798291711113     
     1000001   100000000.00000000        851.85046879398953        797380.26658555330        177.82794100389228        2.3300000000000001       0.84999999999999998       0.14999999999999999        3.4838256078787584E-006   4.2359143460894836E-020   2.5966552687921482E-007  0.80895605902783319       0.80895605902783319     
     1000001   100000000.00000000        865.84328964005829        846656.31162709033        177.82794100389228        2.3300000000000001       0.84999999999999998       0.14999999999999999        3.6843071688108653E-006   1.3907662550505177E-020   5.9235576884294369E-008  0.63102056457716316       0.63102056457716316     
     1000001   100000000.00000000        880.61089466870555        898977.48923170695        177.82794100389228        2.3300000000000001       0.84999999999999998       0.14999999999999999        3.7343335171357717E-006   2.1658757246820545E-021   9.2265541634206115E-009  0.62281841310814279       0.62281841310814279     
     1000001   100000000.00000000        896.29109962117923        954531.98074225802        177.82794100389228        2.3300000000000001       0.84999999999999998       0.14999999999999999        3.7421612026484418E-006   3.2903287671815290E-022   1.4016944523233311E-009  0.61449785870091411       0.61449785870091411     
     1000001   100000000.00000000        912.48388350287655        1013519.5966235163        177.82794100389228        2.3300000000000001       0.84999999999999998       0.14999999999999999        3.7433557436733900E-006   4.8693545270543297E-023   2.0743662990824077E-010  0.60623815802857028       0.60623815802857028     
     1000001   100000000.00000000        928.29365348396914        1076152.4951119118        177.82794100389228        2.3300000000000001       0.84999999999999998       0.14999999999999999        3.7435333079369498E-006   7.0212502451880789E-024   2.9910829104507178E-011  0.59839357786212022       0.59839357786212022     
     1000001   100000000.00000000        945.08042649652612        1142655.9452759963        177.82794100389228        2.3300000000000001       0.84999999999999998       0.14999999999999999        3.7435590197322029E-006   9.8635688863016892E-025   4.2019192583777704E-012  0.59042273660052802       0.59042273660052802     
     1000001   100000000.00000000        962.90457880944018        1213269.1372320827        177.82794100389228        2.3300000000000001       0.84999999999999998       0.14999999999999999        3.7435626453966257E-006   1.3474783348758634E-025   5.7415440773515498E-013  0.58232112451007145       0.58232112451007145     
     1000001   100000000.00000000        979.12329398182567        1288246.0424290982        177.82794100389228        2.3300000000000001       0.84999999999999998       0.14999999999999999        3.7435631404578261E-006   1.7951056800435296E-026   7.6364879394044682E-014  0.57504322293767185       0.57504322293767185     
     1000001   100000000.00000000        996.18913266525726        1367856.3270968448        177.82794100389228        2.3300000000000001       0.84999999999999998       0.14999999999999999        3.7435632041752960E-006   2.3275210089577339E-027   9.8976547341520796E-015  0.56756906237547400       0.56756906237547400     
     1000001   100000000.00000000        1014.3095961881482        1452386.3221429938        177.82794100389228        2.3300000000000001       0.84999999999999998       0.14999999999999999        3.7435632101298080E-006   2.9442774417373099E-028   1.2483136521222807E-015  0.55901596596357883       0.55901596596357883     
     1000001   100000000.00000000        1031.1925338206531        1542140.0529872417        177.82794100389228        2.3300000000000001       0.84999999999999998       0.14999999999999999        3.7435632085962074E-006   3.7025138984881434E-029   1.5325898510421465E-016  0.54361633284596622       0.54361633284596622     
     1000001   100000000.00000000        1048.2830528457423        1637440.3330365019        177.82794100389228        2.3300000000000001       0.84999999999999998       0.14999999999999999        3.7435632061723409E-006   5.3107380520478053E-030   1.8339459271083690E-017  0.47702363706612610       0.47702363706612610     
     1000001   100000000.00000000        1066.4297218917870        1738629.9247341279        177.82794100389228        2.3300000000000001       0.84999999999999998       0.14999999999999999        3.7435632036962561E-006   1.5023220674018802E-030   2.1374439293319785E-018  0.26409892468748469       0.26409892468748469     
     1000001   100000000.00000000        1084.9145947506358        1846072.7723589146        177.82794100389228        2.3300000000000001       0.84999999999999998       0.14999999999999999        3.7435632012688545E-006   1.0569847006896225E-030   2.4244800555494979E-019   8.0126635938845822E-002   8.0126635938845822E-002
     1000001   100000000.00000000        1104.2689225293366        1960155.3110079400        177.82794100389228        2.3300000000000001       0.84999999999999998       0.14999999999999999        3.7435631988998998E-006   1.0062941622129895E-030   2.6751572511299495E-020   2.0271769397419863E-002   2.0271769397419863E-002
     1000001   100000000.00000000        1124.8192978744703        2081287.8564711413        177.82794100389228        2.3300000000000001       0.84999999999999998       0.14999999999999999        3.7435631965864483E-006   1.0006764797959635E-030   2.8674383764632207E-021   5.1949292006187179E-003   5.1949292006187179E-003
     1000001   100000000.00000000        1144.1039584938576        2209906.0809966084        177.82794100389228        2.3300000000000001       0.84999999999999998       0.14999999999999999        3.7435631943289284E-006   1.0000709316987034E-030   2.9866867225082939E-022   1.4498060075352258E-003   1.4498060075352258E-003
     1000001   100000000.00000000        1163.7079886864849        2346472.5802543098        177.82794100389228        2.3300000000000001       0.84999999999999998       0.14999999999999999        3.7435631921290814E-006   1.0000073175522017E-030   3.0265151609090087E-023   4.8777900302516273E-004   4.8777900302516273E-004
     1000001   100000000.00000000        1184.5234974110597        2491478.5371341542        177.82794100389228        2.3300000000000001       0.84999999999999998       0.14999999999999999        3.7435631899837422E-006   1.0000007663250592E-030   2.9810155574906183E-024   2.0058017366404282E-004   2.0058017366404282E-004
     1000001   100000000.00000000        1203.9242782210752        2645445.4883625261        177.82794100389228        2.3300000000000001       0.84999999999999998       0.14999999999999999        3.7435631878930294E-006   1.0000000935425470E-030   2.8553630829227151E-025   8.7618025101256997E-005   8.7618025101256997E-005
     1000001   100000000.00000000        1224.4041828574022        2808927.2002911251        177.82794100389228        2.3300000000000001       0.84999999999999998       0.14999999999999999        3.7435631858570379E-006   1.0000000177048854E-030   2.6615538587732898E-026   3.8000455596699807E-005   3.8000455596699807E-005
     1000001   100000000.00000000        1245.4747392004169        2982511.6606046916        177.82794100389228        2.3300000000000001       0.84999999999999998       0.14999999999999999        3.7435631838724304E-006   1.0000000041194475E-030   2.4127885749543587E-027   1.6259315923293780E-005   1.6259315923293780E-005
     1000001   100000000.00000000        1265.9757977531829        3166823.1931112446        177.82794100389228        2.3300000000000001       0.84999999999999998       0.14999999999999999        3.7435631819385559E-006   1.0000000001876369E-030   2.1355794224226436E-028   1.4866506371572978E-005   1.4866506371572978E-005
     1000001   100000000.00000000        1287.7437688782550        3362524.7032207805        177.82794100389228        2.3300000000000001       0.84999999999999998       0.14999999999999999        3.7435631800535324E-006   1.0000000000426533E-030   1.9216653730580013E-029   1.4120003484801806E-005   1.4120003484801806E-005
     1000001   100000000.00000000        1308.9563618983204        3570320.0621888381        177.82794100389228        2.3300000000000001       0.84999999999999998       0.14999999999999999        3.7435631782153256E-006   1.0000000000355794E-030   2.5178766997285763E-030   1.3406131062842337E-005   1.3406131062842337E-005
     1000001   100000000.00000000        1330.5844557068278        3790956.6387001630        177.82794100389228        2.3300000000000001       0.84999999999999998       0.14999999999999999        3.7435631764228527E-006   1.0000000000334188E-030   1.1230256463001437E-030   1.2728594196263174E-005   1.2728594196263174E-005
     1000001   100000000.00000000        1353.1105060195921        4025227.9868976898        177.82794100389228        2.3300000000000001       0.84999999999999998       0.14999999999999999        3.7435631746727030E-006   1.0000000000294032E-030   1.0096928886536198E-030   1.2087654133275729E-005   1.2087654133275729E-005
     1000001   100000000.00000000        1373.0192917794093        4273976.7005248405        177.82794100389228        2.3300000000000001       0.84999999999999998       0.14999999999999999        3.7435631729649550E-006   1.0000000000263732E-030   1.0007434350752702E-030   1.1466324291463657E-005   1.1466324291463657E-005
     1000001   100000000.00000000        1394.1583891796481        4538097.4434463661        177.82794100389228        2.3300000000000001       0.84999999999999998       0.14999999999999999        3.7435631712986125E-006   1.0000000000257717E-030   1.0000555836040053E-030   1.0880531481004222E-005   1.0880531481004222E-005
     1000001   100000000.00000000        1416.6038283082728        4818540.1674476871        177.82794100389228        2.3300000000000001       0.84999999999999998       0.14999999999999999        3.7435631696672131E-006   1.0000000000251569E-030   1.0000040458564602E-030   1.0328186406650754E-005   1.0328186406650754E-005
     1000001   100000000.00000000        1440.4363377166967        5116313.5288858237        177.82794100389228        2.3300000000000001       0.84999999999999998       0.14999999999999999        3.7435631680633782E-006   1.0000000000244992E-030   1.0000002863428878E-030   9.8073212273396002E-006   9.8073212273396002E-006
     1000001   100000000.00000000        1465.6816281512097        5432488.5164805958        177.82794100389228        2.3300000000000001       0.84999999999999998       0.14999999999999999        3.7435631664784199E-006   1.0000000000230262E-030   1.0000000196954050E-030   9.3158903261148347E-006   9.3158903261148347E-006
     1000001   100000000.00000000        1490.7519450510431        5768202.3032940133        177.82794100389228        2.3300000000000001       0.84999999999999998       0.14999999999999999        3.7435631649034790E-006   1.0000000000137036E-030   1.0000000013245533E-030   8.8471644979305631E-006   8.8471644979305631E-006
     1000001   100000000.00000000        1498.8442776414429        6124662.3367520040        177.82794100389228        2.3300000000000001       0.84999999999999998       0.14999999999999999        3.7435631633470899E-006   1.0000000000033854E-030   1.0000000000889676E-030   8.3531463945960046E-006   8.3531463945960046E-006
     1000001   100000000.00000000        1498.8442776414429        6503150.6814188827        177.82794100389228        2.3300000000000001       0.84999999999999998       0.14999999999999999        3.7435631618298459E-006   1.0000000000005610E-030   1.0000000000061208E-030   7.8650514065402389E-006   7.8650514065402389E-006
     1000001   100000000.00000000        1498.8442776414429        6905028.6301442618        177.82794100389228        2.3300000000000001       0.84999999999999998       0.14999999999999999        3.7435631603571313E-006   1.0000000000005765E-030   1.0000000000009377E-030   7.4053092877318504E-006   7.4053092877318504E-006
     1000001   100000000.00000000        1498.8442776414429        7331741.6001668200        177.82794100389228        2.3300000000000001       0.84999999999999998       0.14999999999999999        3.7435631589262102E-006   1.0000000000005916E-030   1.0000000000006149E-030   6.9722711136105344E-006   6.9722711136105344E-006
     1000001   100000000.00000000        1498.8442776414429        7784824.3317846479        177.82794100389228        2.3300000000000001       0.84999999999999998       0.14999999999999999        3.7435631575344910E-006   1.0000000000006060E-030   1.0000000000006074E-030   6.5643843909561703E-006   6.5643843909561703E-006
     1000001   100000000.00000000        1498.8442776414429        8265906.4082901161        177.82794100389228        2.3300000000000001       0.84999999999999998       0.14999999999999999        3.7435631561795272E-006   1.0000000000006196E-030   1.0000000000006196E-030   6.1801875076637717E-006   6.1801875076637717E-006
     1000001   100000000.00000000        1498.8442776414429        8776718.1170225125        177.82794100389228        2.3300000000000001       0.84999999999999998       0.14999999999999999        3.7435631548590041E-006   1.0000000000006326E-030   1.0000000000006326E-030   5.8183045115702715E-006   5.8183045115702715E-006
     1000001   100000000.00000000        1498.8442776414429        9319096.6726183258        177.82794100389228        2.3300000000000001       0.84999999999999998       0.14999999999999999        3.7435631535707445E-006   1.0000000000006443E-030   1.0000000000006443E-030   5.4774401994414339E-006   5.4774401994414339E-006
     1000001   100000000.00000000        1498.8442776414429        9894992.8248428460        177.82794100389228        2.3300000000000001       0.84999999999999998       0.14999999999999999        3.7435631523126816E-006   1.0000000000006545E-030   1.0000000000006545E-030   5.1563754982503805E-006   5.1563754982503805E-006
     1000001   100000000.00000000        1498.8442776414429        10506477.874768317        177.82794100389228        2.3300000000000001       0.84999999999999998       0.14999999999999999        3.7435631510828715E-006   1.0000000000006636E-030   1.0000000000006636E-030   4.8539631218147254E-006   4.8539631218147254E-006
     1000001   100000000.00000000        1498.8442776414429        11155751.124533957        177.82794100389228        2.3300000000000001       0.84999999999999998       0.14999999999999999        3.7435631498794752E-006   1.0000000000006704E-030   1.0000000000006704E-030   4.5691234867023621E-006   4.5691234867023621E-006
     1000001   100000000.00000000        1498.8442776414429        11845147.787482003        177.82794100389228        2.3300000000000001       0.84999999999999998       0.14999999999999999        3.7435631487007539E-006   1.0000000000006752E-030   1.0000000000006752E-030   4.3008408720676648E-006   4.3008408720676648E-006
     1000001   100000000.00000000        1498.8442776414429        12577147.387119716        177.82794100389228        2.3300000000000001       0.84999999999999998       0.14999999999999999        3.7435631475450685E-006   1.0000000000006776E-030   1.0000000000006776E-030   4.0481598087365040E-006   4.0481598087365040E-006
     1000001   100000000.00000000        1498.8442776414429        13354382.675115502        177.82794100389228        2.3300000000000001       0.84999999999999998       0.14999999999999999        3.7435631464108609E-006   1.0000000000006769E-030   1.0000000000006769E-030   3.8101816834174315E-006   3.8101816834174315E-006
     1000001   100000000.00000000        1498.8442776414429        14179649.100404339        177.82794100389228        2.3300000000000001       0.84999999999999998       0.14999999999999999        3.7435631452966653E-006   1.0000000000006731E-030   1.0000000000006731E-030   3.5860615443755669E-006   3.5860615443755669E-006
     1000001   100000000.00000000        1498.8442776414429        15055914.863459505        177.82794100389228        2.3300000000000001       0.84999999999999998       0.14999999999999999        3.7435631442010909E-006   1.0000000000006655E-030   1.0000000000006655E-030   3.3750050952638557E-006   3.3750050952638557E-006
     1000001   100000000.00000000        1498.8442776414429        15986331.591892289        177.82794100389228        2.3300000000000001       0.84999999999999998       0.14999999999999999        3.7435631431228289E-006   1.0000000000006538E-030   1.0000000000006538E-030   3.1762658640629865E-006   3.1762658640629865E-006
     1000001   100000000.00000000        1498.8442776414429        16974245.675776269        177.82794100389228        2.3300000000000001       0.84999999999999998       0.14999999999999999        3.7435631420606378E-006   1.0000000000006373E-030   1.0000000000006373E-030   2.9891425342396381E-006   2.9891425342396381E-006
     1000001   100000000.00000000        1498.8442776414429        18023210.303465553        177.82794100389228        2.3300000000000001       0.84999999999999998       0.14999999999999999        3.7435631410133455E-006   1.0000000000006156E-030   1.0000000000006156E-030   2.8129764252998687E-006   2.8129764252998687E-006
     1000001   100000000.00000000        1498.8442776414429        19136998.241195228        177.82794100389228        2.3300000000000001       0.84999999999999998       0.14999999999999999        3.7435631399798463E-006   1.0000000000005878E-030   1.0000000000005878E-030   2.6471491099032185E-006   2.6471491099032185E-006
     1000001   100000000.00000000        1498.8442776414429        20319615.402428668        177.82794100389228        2.3300000000000001       0.84999999999999998       0.14999999999999999        3.7435631389590975E-006   1.0000000000005538E-030   1.0000000000005538E-030   2.4910801546336501E-006   2.4910801546336501E-006
     1000001   100000000.00000000        1498.8442776414429        21575315.255755011        177.82794100389228        2.3300000000000001       0.84999999999999998       0.14999999999999999        3.7435631379501207E-006   1.0000000000005130E-030   1.0000000000005130E-030   2.3442249714270384E-006   2.3442249714270384E-006
     1000001   100000000.00000000        1498.8442776414429        22908614.123157904        177.82794100389228        2.3300000000000001       0.84999999999999998       0.14999999999999999        3.7435631369519796E-006   1.0000000000004644E-030   1.0000000000004644E-030   2.2060727665728628E-006   2.2060727665728628E-006
     1000001   100000000.00000000        1498.8442776414429        24324307.423677821        177.82794100389228        2.3300000000000001       0.84999999999999998       0.14999999999999999        3.7435631359638022E-006   1.0000000000004079E-030   1.0000000000004079E-030   2.0761445741971067E-006   2.0761445741971067E-006
     1000001   100000000.00000000        1498.8442776414429        25827486.920890491        177.82794100389228        2.3300000000000001       0.84999999999999998       0.14999999999999999        3.7435631349847668E-006   1.0000000000003424E-030   1.0000000000003424E-030   1.9539913612645336E-006   1.9539913612645336E-006
     1000001   100000000.00000000        1498.8442776414429        27423559.036235455        177.82794100389228        2.3300000000000001       0.84999999999999998       0.14999999999999999        3.7435631340141073E-006   1.0000000000002677E-030   1.0000000000002677E-030   1.8391921914970894E-006   1.8391921914970894E-006
     1000001   100000000.00000000        1498.8442776414429        29118264.294060912        177.82794100389228        2.3300000000000001       0.84999999999999998       0.14999999999999999        3.7435631330472103E-006   1.0000000004805402E-030   1.0000000004805402E-030   1.7313524362896318E-006   1.7313524362896318E-006
