      100001   100000000.00000000        116.50140608099318        319.91031998608469        1778.2794100389228        2.3300000000000001       0.84999999999999998       0.14999999999999999        3.9683464053101075E-006   4.7735115276862073E-015   2.8778564417129284E-006   2.8829705805683945     
      100001   100000000.00000000        119.77200820171548        363.29300652004611        1778.2794100389228        2.3300000000000001       0.84999999999999998       0.14999999999999999        3.9683464053101075E-006   4.7735115276862073E-015   2.8778564417129284E-006   2.6889655840636952     
      100001   100000000.00000000        123.48613307777366        412.55877144605762        1778.2794100389228        2.3300000000000001       0.84999999999999998       0.14999999999999999        3.9686504845235453E-006   4.7727633465167571E-015   2.8775261037435517E-006   2.5126029146508602     
      100001   100000000.00000000        127.70392634206333        468.50541255241205        1778.2794100389228        2.3300000000000001       0.84999999999999998       0.14999999999999999        3.9692148575458357E-006   4.7713746991493547E-015   2.8769129589820446E-006   2.3509869238845407     
      100001   100000000.00000000        132.05055044023251        532.03891610775167        1778.2794100389228        2.3300000000000001       0.84999999999999998       0.14999999999999999        3.9700366629566351E-006   4.7693525897287616E-015   2.8760200454851032E-006   2.1978863894145007     
      100001   100000000.00000000        135.76567611184251        604.18812818185825        1778.2794100389228        2.3300000000000001       0.84999999999999998       0.14999999999999999        3.9711155666807882E-006   4.7666977846624270E-015   2.8748476185419153E-006   2.0554138492323792     
      100001   100000000.00000000        139.98460588846768        686.12141552812000        1778.2794100389228        2.3300000000000001       0.84999999999999998       0.14999999999999999        3.9724508840979236E-006   4.7634118913281604E-015   2.8733962728806135E-006   1.9204757726558457     
      100001   100000000.00000000        143.48065924870892        779.16558582993810        1778.2794100389228        2.3300000000000001       0.84999999999999998       0.14999999999999999        3.9740395131057665E-006   4.7595024427415169E-015   2.8716691865229791E-006   1.7915679712676162     
      100001   100000000.00000000        147.20344804491137        884.82737370092843        1778.2794100389228        2.3300000000000001       0.84999999999999998       0.14999999999999999        3.9758741365086684E-006   4.7549873213845220E-015   2.8696740757264924E-006   1.6732858520692460     
      100001   100000000.00000000        150.44988043919250        1004.8178403779822        1778.2794100389228        2.3300000000000001       0.84999999999999998       0.14999999999999999        3.9779484239030875E-006   4.7498819582906775E-015   2.8674175410585192E-006   1.5598272900483252     
      100001   100000000.00000000        153.14871940962487        1141.0800822298434        1778.2794100389228        2.3300000000000001       0.84999999999999998       0.14999999999999999        3.9802435721866366E-006   4.7442324623510506E-015   2.8649197139716448E-006   1.4529558833793208     
      100001   100000000.00000000        156.21354496362540        1295.8206967860651        1778.2794100389228        2.3300000000000001       0.84999999999999998       0.14999999999999999        3.9827515246215114E-006   4.7380584747198453E-015   2.8621890034681194E-006   1.3536826462037752     
      100001   100000000.00000000        159.69398813914017        1471.5455158395259        1778.2794100389228        2.3300000000000001       0.84999999999999998       0.14999999999999999        3.9854803800065177E-006   4.7313398406384702E-015   2.8592161844150952E-006   1.2613507092532021     
      100001   100000000.00000000        162.09996644842309        1671.1001842756650        1778.2794100389228        2.3300000000000001       0.84999999999999998       0.14999999999999999        3.9884140190355652E-006   4.7241160027182173E-015   2.8560183638910681E-006   1.1752093652764120     
      100001   100000000.00000000        164.46882150113743        1897.7162417521154        1778.2794100389228        2.3300000000000001       0.84999999999999998       0.14999999999999999        3.9915271223216452E-006   4.7164490494237857E-015   2.8526226669097823E-006   1.0927432742036889     
      100001   100000000.00000000        167.15891438138038        2155.0634534642018        1778.2794100389228        2.3300000000000001       0.84999999999999998       0.14999999999999999        3.9948195460922985E-006   4.7083390602369727E-015   2.8490287518889737E-006   1.0172866506727984     
      100001   100000000.00000000        169.73335822015079        2447.3092374279699        1778.2794100389228        2.3300000000000001       0.84999999999999998       0.14999999999999999        3.9982902695585162E-006   4.6997882485578701E-015   2.8452371930153804E-006  0.94770683964792246     
      100001   100000000.00000000        171.93852278516715        2779.1861506317200        1778.2794100389228        2.3300000000000001       0.84999999999999998       0.14999999999999999        4.0019244686465038E-006   4.6908328146795545E-015   2.8412636151711592E-006  0.88037382214684323     
      100001   100000000.00000000        174.44272729076454        3156.0685269102573        1778.2794100389228        2.3300000000000001       0.84999999999999998       0.14999999999999999        4.0057163202903260E-006   4.6814867693921670E-015   2.8371137949646792E-006  0.81949080316618017     
      100001   100000000.00000000        176.86112774329348        3584.0595075969836        1778.2794100389228        2.3300000000000001       0.84999999999999998       0.14999999999999999        4.0096660696064184E-006   4.6717491455005871E-015   2.8327868404550798E-006  0.76203393087565585     
      100001   100000000.00000000        179.15273881631455        4070.0898743069674        1778.2794100389228        2.3300000000000001       0.84999999999999998       0.14999999999999999        4.0137650335183114E-006   4.6616409630470971E-015   2.8282916096958130E-006  0.70893082058185719     
      100001   100000000.00000000        181.75511274576036        4622.0302843249738        1778.2794100389228        2.3300000000000001       0.84999999999999998       0.14999999999999999        4.0180141131602944E-006   4.6511595882955182E-015   2.8236264305238059E-006  0.65959931920833348     
      100001   100000000.00000000        184.41707834078849        5248.8187261109988        1778.2794100389228        2.3300000000000001       0.84999999999999998       0.14999999999999999        4.0224188473467822E-006   4.6402909105789941E-015   2.8187844892614024E-006  0.61373752363238621     
      100001   100000000.00000000        186.67666479514389        5960.6052589067021        1778.2794100389228        2.3300000000000001       0.84999999999999998       0.14999999999999999        4.0269679071296582E-006   4.6290624059271260E-015   2.8137774714005358E-006  0.57007135814992715     
      100001   100000000.00000000        189.24267128261971        6768.9163803206020        1778.2794100389228        2.3300000000000001       0.84999999999999998       0.14999999999999999        4.0316565748206819E-006   4.6174852193824537E-015   2.8086097833701717E-006  0.53076730354831991     
      100001   100000000.00000000        191.86391625306916        7686.8416836206634        1778.2794100389228        2.3300000000000001       0.84999999999999998       0.14999999999999999        4.0364912170308600E-006   4.6055430937764307E-015   2.8032735789910294E-006  0.49374323824226635     
      100001   100000000.00000000        194.49003590914069        8729.2458274169931        1778.2794100389228        2.3300000000000001       0.84999999999999998       0.14999999999999999        4.0414711555625923E-006   4.5932371227247478E-015   2.7977687246365158E-006  0.45937612853514742     
      100001   100000000.00000000        197.47228076256431        9913.0092503199812        1778.2794100389228        2.3300000000000001       0.84999999999999998       0.14999999999999999        4.0466040390432633E-006   4.5805477741432200E-015   2.7920858249090334E-006  0.42734394079776117     
      100001   100000000.00000000        200.37596438087618        11257.301528648484        1778.2794100389228        2.3300000000000001       0.84999999999999998       0.14999999999999999        4.0518953139548928E-006   4.5674608897277879E-015   2.7862178341097143E-006  0.39744282324082592     
      100001   100000000.00000000        203.06084843720112        12783.891803875882        1778.2794100389228        2.3300000000000001       0.84999999999999998       0.14999999999999999        4.0573354721594641E-006   4.5539992437636084E-015   2.7801742323461059E-006  0.36973491519383483     
      100001   100000000.00000000        206.10982666654499        14517.501306800792        1778.2794100389228        2.3300000000000001       0.84999999999999998       0.14999999999999999        4.0629272999913442E-006   4.5401551529896662E-015   2.7739508176926830E-006  0.34359994793346621     
      100001   100000000.00000000        209.50104240578733        16486.203687132609        1778.2794100389228        2.3300000000000001       0.84999999999999998       0.14999999999999999        4.0686889028966330E-006   4.5258829175019626E-015   2.7675262313910706E-006  0.31997813745655290     
      100001   100000000.00000000        212.00524467238350        18721.879631331671        1778.2794100389228        2.3300000000000001       0.84999999999999998       0.14999999999999999        4.0746031971372748E-006   4.5112239108293264E-015   2.7609182435971645E-006  0.29724679058180375     
      100001   100000000.00000000        214.84903905327627        21260.733130674700        1778.2794100389228        2.3300000000000001       0.84999999999999998       0.14999999999999999        4.0806541535974223E-006   4.4962168974204052E-015   2.7541434938772472E-006  0.27619567576288284     
      100001   100000000.00000000        218.07847726147250        24143.877759864507        1778.2794100389228        2.3300000000000001       0.84999999999999998       0.14999999999999999        4.0868608963814691E-006   4.4808134112727069E-015   2.7471792346722739E-006  0.25640280741610216     
      100001   100000000.00000000        221.66727009253307        27418.002460236916        1778.2794100389228        2.3300000000000001       0.84999999999999998       0.14999999999999999        4.0932437287479295E-006   4.4649618853905598E-015   2.7400011808099685E-006  0.23837287689149286     
      100001   100000000.00000000        225.71444299985754        31136.127609096035        1778.2794100389228        2.3300000000000001       0.84999999999999998       0.14999999999999999        4.0998258720508058E-006   4.4486032977518734E-015   2.7325815123131322E-006  0.22166137442371467     
      100001   100000000.00000000        230.31044857252044        35358.463618780261        1778.2794100389228        2.3300000000000001       0.84999999999999998       0.14999999999999999        4.1066369961791252E-006   4.4316623395426763E-015   2.7248848241556232E-006  0.20592852830898098     
      100001   100000000.00000000        235.56405073346772        40153.385969402625        1778.2794100389228        2.3300000000000001       0.84999999999999998       0.14999999999999999        4.1137139242437509E-006   4.4140455716544733E-015   2.7168672168481068E-006  0.19133215110056240     
      100001   100000000.00000000        241.53295153192639        45598.542464708982        1778.2794100389228        2.3300000000000001       0.84999999999999998       0.14999999999999999        4.1211000805917216E-006   4.3956426880241086E-015   2.7084767875494353E-006  0.17757990940456231     
      100001   100000000.00000000        248.73509353330829        51782.110641684390        1778.2794100389228        2.3300000000000001       0.84999999999999998       0.14999999999999999        4.1288592544429705E-006   4.3762920628053262E-015   2.6996378017652419E-006  0.16506684917712044     
      100001   100000000.00000000        257.03548352047909        58804.225696093476        1778.2794100389228        2.3300000000000001       0.84999999999999998       0.14999999999999999        4.1370706039976480E-006   4.3557929237282639E-015   2.6902560349823090E-006  0.15331928909873957     
      100001   100000000.00000000        265.37389508684407        66778.602047431297        1778.2794100389228        2.3300000000000001       0.84999999999999998       0.14999999999999999        4.1457777088358583E-006   4.3340323704892794E-015   2.6802768052904883E-006  0.14212323596482354     
      100001   100000000.00000000        273.44583019720619        75834.374802514241        1778.2794100389228        2.3300000000000001       0.84999999999999998       0.14999999999999999        4.1549796287007701E-006   4.3110079968151013E-015   2.6696956311275000E-006  0.13142393711114742     
      100001   100000000.00000000        281.87149394675680        86118.190937922278        1778.2794100389228        2.3300000000000001       0.84999999999999998       0.14999999999999999        4.1646851964912395E-006   4.2866923160146509E-015   2.6584961921066188E-006  0.12133416500004426     
      100001   100000000.00000000        290.92508001996765        97796.584065390693        1778.2794100389228        2.3300000000000001       0.84999999999999998       0.14999999999999999        4.1749339398588770E-006   4.2609800625479356E-015   2.6466258728501238E-006  0.11187896154983089     
      100001   100000000.00000000        301.11755476929346        111058.67123652530        1778.2794100389228        2.3300000000000001       0.84999999999999998       0.14999999999999999        4.1857951933891613E-006   4.2336898328561502E-015   2.6339961268304792E-006  0.10315469152084875     
      100001   100000000.00000000        312.67609778012331        126119.21545823732        1778.2794100389228        2.3300000000000001       0.84999999999999998       0.14999999999999999        4.1973687733290316E-006   4.2045616584563841E-015   2.6204808940169568E-006   9.5192700315508583E-002
      100001   100000000.00000000        324.36149699130874        143222.10351252661        1778.2794100389228        2.3300000000000001       0.84999999999999998       0.14999999999999999        4.2097196093546586E-006   4.1734208859015399E-015   2.6059922968786888E-006   8.7542166025557658E-002
      100001   100000000.00000000        337.01724123242201        162644.29539958050        1778.2794100389228        2.3300000000000001       0.84999999999999998       0.14999999999999999        4.2228996052053377E-006   4.1401231362310121E-015   2.5904552255937338E-006   8.0877562923665047E-002
      100001   100000000.00000000        349.59778750080392        184700.30936050520        1778.2794100389228        2.3300000000000001       0.84999999999999998       0.14999999999999999        4.2369513753964137E-006   4.1045446330492008E-015   2.5738028170911765E-006   7.4584513187887100E-002
      100001   100000000.00000000        363.16568518210579        209747.31510905706        1778.2794100389228        2.3300000000000001       0.84999999999999998       0.14999999999999999        4.2519181177502089E-006   4.0665568276335594E-015   2.5559644997550564E-006   6.8790353217926217E-002
      100001   100000000.00000000        378.11661826054114        238190.91775092279        1778.2794100389228        2.3300000000000001       0.84999999999999998       0.14999999999999999        4.2679036575587405E-006   4.0258729462582642E-015   2.5367934791119546E-006   6.3764820989499080E-002
      100001   100000000.00000000        391.31766091043983        270491.72605393210        1778.2794100389228        2.3300000000000001       0.84999999999999998       0.14999999999999999        4.2848909179905553E-006   3.9825086697235851E-015   2.5162832730374703E-006   5.9303870681624120E-002
      100001   100000000.00000000        406.08105005592330        307172.81143416697        1778.2794100389228        2.3300000000000001       0.84999999999999998       0.14999999999999999        4.3028672272989278E-006   3.9364641724074016E-015   2.4944187038147402E-006   5.5311161566954710E-002
      100001   100000000.00000000        421.77694077106156        348828.17844697135        1778.2794100389228        2.3300000000000001       0.84999999999999998       0.14999999999999999        4.3219337425999364E-006   3.8874419501211355E-015   2.4710411264315400E-006   5.1749433001668683E-002
      100001   100000000.00000000        438.91226104770720        396132.38395192620        1778.2794100389228        2.3300000000000001       0.84999999999999998       0.14999999999999999        4.3421855682740768E-006   3.8351503076437734E-015   2.4459910221155584E-006   4.8835035425975455E-002
      100001   100000000.00000000        456.50597732413735        449851.46072220639        1778.2794100389228        2.3300000000000001       0.84999999999999998       0.14999999999999999        4.3636912118481314E-006   3.7793546580350612E-015   2.4191322230494629E-006   4.6199424602968130E-002
      100001   100000000.00000000        474.26973893784452        510855.32239258057        1778.2794100389228        2.3300000000000001       0.84999999999999998       0.14999999999999999        4.3864511062765085E-006   3.7199844363499731E-015   2.3904036515977738E-006   4.4118208595001401E-002
      100001   100000000.00000000        492.98424869475809        580131.85062876658        1778.2794100389228        2.3300000000000001       0.84999999999999998       0.14999999999999999        4.4104792808722472E-006   3.6569201243293856E-015   2.3597169573098985E-006   4.2212063040926180E-002
      100001   100000000.00000000        512.91415377181511        658802.89264231955        1778.2794100389228        2.3300000000000001       0.84999999999999998       0.14999999999999999        4.4358298674533388E-006   3.5899193120527035E-015   2.3269193727190184E-006   4.0838368191785934E-002
      100001   100000000.00000000        530.93903059850572        748142.42811092245        1778.2794100389228        2.3300000000000001       0.84999999999999998       0.14999999999999999        4.4623963776866631E-006   3.5191439872408449E-015   2.2920513857448899E-006   3.9581222078881997E-002
      100001   100000000.00000000        551.93889466472353        849597.19969473651        1778.2794100389228        2.3300000000000001       0.84999999999999998       0.14999999999999999        4.4901487888437778E-006   3.4445335372964484E-015   2.2550406196606447E-006   3.8656230852596618E-002
      100001   100000000.00000000        575.53518242265818        964810.14123439044        1778.2794100389228        2.3300000000000001       0.84999999999999998       0.14999999999999999        4.5192665216197648E-006   3.3654314225182587E-015   2.2155118903565212E-006   3.7911792808795954E-002
      100001   100000000.00000000        599.18196175120920        1095646.9830211105        1778.2794100389228        2.3300000000000001       0.84999999999999998       0.14999999999999999        4.5497556801689731E-006   3.2816020644372475E-015   2.1732890666112134E-006   3.7493757936944490E-002
      100001   100000000.00000000        620.41261575877957        1244226.4649782805        1778.2794100389228        2.3300000000000001       0.84999999999999998       0.14999999999999999        4.5813328120324478E-006   3.1935648604971071E-015   2.1285700250120819E-006   3.7125010991632006E-002
      100001   100000000.00000000        642.43581749361636        1412954.6470192957        1778.2794100389228        2.3300000000000001       0.84999999999999998       0.14999999999999999        4.6137274973930848E-006   3.1017763091059630E-015   2.0815206121882667E-006   3.7041639916426922E-002
      100001   100000000.00000000        664.49041161441460        1604563.8721953032        1778.2794100389228        2.3300000000000001       0.84999999999999998       0.14999999999999999        4.6467638834832506E-006   3.0063888044992940E-015   2.0321493551149559E-006   3.7254289388176307E-002
      100001   100000000.00000000        688.26437537277354        1822157.0135925440        1778.2794100389228        2.3300000000000001       0.84999999999999998       0.14999999999999999        4.6802817841655626E-006   2.9074535068080385E-015   1.9804075475919419E-006   3.7457172275418588E-002
      100001   100000000.00000000        714.22841134512998        2069257.7215027579        1778.2794100389228        2.3300000000000001       0.84999999999999998       0.14999999999999999        4.7141860983220850E-006   2.8047502076835565E-015   1.9260966858059466E-006   3.7605725132602269E-002
      100001   100000000.00000000        742.15441060610374        2349867.4845570968        1778.2794100389228        2.3300000000000001       0.84999999999999998       0.14999999999999999        4.7483393267289409E-006   2.6980730837147526E-015   1.8690137755563208E-006   3.7940669118427556E-002
      100001   100000000.00000000        771.61765137710734        2668530.4288576227        1778.2794100389228        2.3300000000000001       0.84999999999999998       0.14999999999999999        4.7825102423611681E-006   2.5873703337088757E-015   1.8090256896550293E-006   3.8344680404119348E-002
      100001   100000000.00000000        800.26444135217741        3030406.9044477330        1778.2794100389228        2.3300000000000001       0.84999999999999998       0.14999999999999999        4.8162764682707419E-006   2.4730654454005439E-015   1.7462483437029897E-006   3.9027287886018898E-002
      100001   100000000.00000000        831.80384683283069        3441357.0507628848        1778.2794100389228        2.3300000000000001       0.84999999999999998       0.14999999999999999        4.8492166077058367E-006   2.3554390029228871E-015   1.6807162638934367E-006   3.9417075561865821E-002
      100001   100000000.00000000        863.29983485733953        3908035.6943001701        1778.2794100389228        2.3300000000000001       0.84999999999999998       0.14999999999999999        4.8808639879888695E-006   2.2347438359915601E-015   1.6124433144194994E-006   3.9962222476960310E-002
      100001   100000000.00000000        898.58965985515408        4438000.1152564203        1778.2794100389228        2.3300000000000001       0.84999999999999998       0.14999999999999999        4.9107031265997128E-006   2.1111711636392596E-015   1.5414021391436534E-006   4.0180527553300677E-002
      100001   100000000.00000000        931.66914202314967        5039832.4282816034        1778.2794100389228        2.3300000000000001       0.84999999999999998       0.14999999999999999        4.9380505498375998E-006   1.9853157832303062E-015   1.4677935159941334E-006   4.0029552380452145E-002
      100001   100000000.00000000        965.51644287049430        5723278.5591514893        1778.2794100389228        2.3300000000000001       0.84999999999999998       0.14999999999999999        4.9620754703592153E-006   1.8582314263961670E-015   1.3920965324627634E-006   3.8615188062044004E-002
      100001   100000000.00000000        1003.2763958474869        6499406.0679139839        1778.2794100389228        2.3300000000000001       0.84999999999999998       0.14999999999999999        4.9820496488421452E-006   1.7301975108280502E-015   1.3143433832959590E-006   3.3426032681133450E-002
      100001   100000000.00000000        1040.2209806042877        7380783.3742587958        1778.2794100389228        2.3300000000000001       0.84999999999999998       0.14999999999999999        4.9971109857402597E-006   1.6017943317551675E-015   1.2347514729546440E-006   3.1610248196361775E-002
      100001   100000000.00000000        1082.7203068489671        8381683.2874421794        1778.2794100389228        2.3300000000000001       0.84999999999999998       0.14999999999999999        5.0063363090854581E-006   1.4734485088644308E-015   1.1534526804173411E-006   5.1600960511166156E-005
      100001   100000000.00000000        1121.0264604758859        9518314.1366809998        1778.2794100389228        2.3300000000000001       0.84999999999999998       0.14999999999999999        5.0086937633943620E-006   1.3460836891273182E-015   1.0709089760728374E-006   4.6185066762391032E-005
      100001   100000000.00000000        1160.4930999822493        10809082.244885122        1778.2794100389228        2.3300000000000001       0.84999999999999998       0.14999999999999999        5.0031615832290198E-006   1.2210940421289821E-015   9.8792897857579498E-007   4.1328666546371979E-005
      100001   100000000.00000000        1206.3445797687386        12274889.996163836        1778.2794100389228        2.3300000000000001       0.84999999999999998       0.14999999999999999        4.9887067919667415E-006   1.0986838848724493E-015   9.0457656096702319E-007   3.7057579451769385E-005
      100001   100000000.00000000        1247.7618529338035        13939474.323939182        1778.2794100389228        2.3300000000000001       0.84999999999999998       0.14999999999999999        4.9643284953231598E-006   9.7970586230486762E-016   8.2138034037781791E-007   3.3137372314644729E-005
      100001   100000000.00000000        1294.9032587687566        15829791.101059584        1778.2794100389228        2.3300000000000001       0.84999999999999998       0.14999999999999999        4.9291265722832277E-006   8.6499886759342910E-016   7.3891204639574269E-007   2.9679142172029590E-005
      100001   100000000.00000000        1338.7088949879546        17976451.656634133        1778.2794100389228        2.3300000000000001       0.84999999999999998       0.14999999999999999        4.8823242567153207E-006   7.5525168932208270E-016   6.5769403102439785E-007   2.6525238992645218E-005
      100001   100000000.00000000        1387.6817865423159        20414218.488434359        1778.2794100389228        2.3300000000000001       0.84999999999999998       0.14999999999999999        4.8233511912644191E-006   6.5108829888700927E-016   5.7826146098607605E-007   2.3736591532202257E-005
      100001   100000000.00000000        1434.2598754874628        23182568.198309500        1778.2794100389228        2.3300000000000001       0.84999999999999998       0.14999999999999999        4.7518665362778428E-006   5.5296597502548477E-016   5.0108648838505860E-007   2.1206381319684673E-005
      100001   100000000.00000000        1481.1340603612982        26326330.766654283        1778.2794100389228        2.3300000000000001       0.84999999999999998       0.14999999999999999        4.6681196967978997E-006   4.6151606100561787E-016   4.2684898749147400E-007   1.8936022128368378E-005
      100001   100000000.00000000        1499.9957221874458        29896415.518183492        1778.2794100389228        2.3300000000000001       0.84999999999999998       0.14999999999999999        4.5744879133600615E-006   3.7860333729716233E-016   3.5735236176866424E-007   1.6735519209252003E-005
      100001   100000000.00000000        1499.9957221874458        33950635.535127081        1778.2794100389228        2.3300000000000001       0.84999999999999998       0.14999999999999999        4.4753935414490144E-006   3.0622469796319631E-016   2.9470981721073449E-007   1.4695342133637296E-005
      100001   100000000.00000000        1499.9957221874458        38554643.868191354        1778.2794100389228        2.3300000000000001       0.84999999999999998       0.14999999999999999        4.3739287455608385E-006   2.4411627653162511E-016   2.3922303869827649E-007   1.2911454856862772E-005
      100001   100000000.00000000        1499.9957221874458        43782996.706058599        1778.2794100389228        2.3300000000000001       0.84999999999999998       0.14999999999999999        4.2720187617527426E-006   1.9101408763462646E-016   1.9028811669954594E-007   1.1356896743006004E-005
      100001   100000000.00000000        1499.9957221874458        49720360.720133029        1778.2794100389228        2.3300000000000001       0.84999999999999998       0.14999999999999999        4.1715145386115322E-006   1.4570864667858540E-016   1.4727791001947879E-007   1.0008021459829043E-005
      100001   100000000.00000000        1499.9957221874458        56462884.135979146        1778.2794100389228        2.3300000000000001       0.84999999999999998       0.14999999999999999        4.0741383146270767E-006   1.0706863537291817E-016   1.0956414971682447E-007   8.8438355701093409E-006
      100001   100000000.00000000        1499.9957221874458        64119753.734250024        1778.2794100389228        2.3300000000000001       0.84999999999999998       0.14999999999999999        3.9814378355246266E-006   7.4056927071606929E-017   7.6535881314148185E-008   7.8453696428095594E-006
      100001   100000000.00000000        1499.9957221874458        72814962.994797617        1778.2794100389228        2.3300000000000001       0.84999999999999998       0.14999999999999999        3.8947502051961873E-006   4.5740207692562942E-017   4.7614245439061051E-008   6.9951229870365569E-006
      100001   100000000.00000000        1499.9957221874458        82689320.016861662        1778.2794100389228        2.3300000000000001       0.84999999999999998       0.14999999999999999        3.8151759121615302E-006   2.1293398386633169E-017   2.2263714757242076E-008   6.2766312625973881E-006
      100001   100000000.00000000        1499.9957221874458        93902727.731104746        1778.2794100389228        2.3300000000000001       0.84999999999999998       0.14999999999999999        3.7435631330472103E-006   1.0000000000000001E-030   1.0000000000000001E-030   5.6741976193866364E-006
