      100001   50000000.000000000        173.33950672748799        309.17697968322204        17.782794100389228        2.3300000000000001       0.84999999999999998       0.14999999999999999        2.6161877628142056E-022   7.5332974605698252E-022   2.6840063687963808E-007   30.548343897721896        30.548343897721896     
      100001   50000000.000000000        174.15666541855501        328.28332005193289        17.782794100389228        2.3300000000000001       0.84999999999999998       0.14999999999999999        2.6188669796243052E-022   8.1222016232405074E-022   2.8938300692893427E-007   28.817103847112250        28.817103847112250     
      100001   50000000.000000000        175.02432241031306        348.57038300438649        17.782794100389228        2.3300000000000001       0.84999999999999998       0.14999999999999999        2.6244177678019411E-022   8.5717591582583770E-022   3.0540363635536312E-007   27.188293055560909        27.188293055560909     
      100001   50000000.000000000        175.94559836757361        370.11113415266811        17.782794100389228        2.3300000000000001       0.84999999999999998       0.14999999999999999        2.6331609599169692E-022   9.0643438283971424E-022   3.2295749899101828E-007   25.656154032157687        25.656154032157687     
      100001   50000000.000000000        176.92380680418938        392.98304819560752        17.782794100389228        2.3300000000000001       0.84999999999999998       0.14999999999999999        2.6454424566061555E-022   9.5577223844162111E-022   3.4054074736542654E-007   24.215271994617620        24.215271994617620     
      100001   50000000.000000000        177.96246600062784        417.26838756871348        17.782794100389228        2.3300000000000001       0.84999999999999998       0.14999999999999999        2.6616513001783519E-022   1.0050303619139356E-021   3.5809642626967222E-007   22.860554080289063        22.860554080289063     
      100001   50000000.000000000        179.06531165802014        443.05449831395606        17.782794100389228        2.3300000000000001       0.84999999999999998       0.14999999999999999        2.6822377092783984E-022   1.0541728195745624E-021   3.7561182661875891E-007   21.587203858677423        21.587203858677423     
      100001   50000000.000000000        180.23631033419750        470.43412423354374        17.782794100389228        2.3300000000000001       0.84999999999999998       0.14999999999999999        2.7077209749729621E-022   1.1031058367037342E-021   3.9305354958825554E-007   20.390697658001915        20.390697658001915     
      100001   50000000.000000000        181.47967371004077        499.50574045759828        17.782794100389228        2.3300000000000001       0.84999999999999998       0.14999999999999999        2.7387003247333173E-022   1.1517483961784351E-021   4.1039273950709347E-007   19.266765752277735        19.266765752277735     
      100001   50000000.000000000        182.66146309115561        530.37390762543168        17.782794100389228        2.3300000000000001       0.84999999999999998       0.14999999999999999        2.7758414048504626E-022   1.2000046914129137E-021   4.2759526378169490E-007   18.204502783287356        18.204502783287356     
      100001   50000000.000000000        183.79099135497290        563.14964795434548        17.782794100389228        2.3300000000000001       0.84999999999999998       0.14999999999999999        2.8198762445365425E-022   1.2477655240321410E-021   4.4462220604344726E-007   17.201763491291842        17.201763491291842     
      100001   50000000.000000000        184.99032155387178        597.95084454847597        17.782794100389228        2.3300000000000001       0.84999999999999998       0.14999999999999999        2.8716701228668632E-022   1.2949537757965828E-021   4.6144607996810832E-007   16.261211999105367        16.261211999105367     
      100001   50000000.000000000        186.26376726750954        634.90266538392984        17.782794100389228        2.3300000000000001       0.84999999999999998       0.14999999999999999        2.9322561975776026E-022   1.3415264616161862E-021   4.7805156426847628E-007   15.379406436323286        15.379406436323286     
      100001   50000000.000000000        187.61590864364700        674.13801349508583        17.782794100389228        2.3300000000000001       0.84999999999999998       0.14999999999999999        3.0028379281906909E-022   1.3874524500968064E-021   4.9442755974682567E-007   14.553077101921167        14.553077101921167     
      100001   50000000.000000000        189.05160887137029        715.79800498125849        17.782794100389228        2.3300000000000001       0.84999999999999998       0.14999999999999999        3.0848228228003954E-022   1.4327097931481735E-021   5.1056623789968172E-007   13.779112163147499        13.779112163147499     
      100001   50000000.000000000        190.57603167231505        760.03247655294194        17.782794100389228        2.3300000000000001       0.84999999999999998       0.14999999999999999        3.1798639673025671E-022   1.4772856417265716E-021   5.2646301138056474E-007   13.054544616817900        13.054544616817900     
      100001   50000000.000000000        192.19465987280307        807.00052444309483        17.782794100389228        2.3300000000000001       0.84999999999999998       0.14999999999999999        3.2899116334210054E-022   1.5211755770260789E-021   5.4211629606281924E-007   12.376540600325626        12.376540600325626     
      100001   50000000.000000000        193.91331512369001        856.87107662177391        17.782794100389228        2.3300000000000001       0.84999999999999998       0.14999999999999999        3.4172777266914188E-022   1.5643829072691820E-021   5.5752726079100209E-007   11.742389122248506        11.742389122248506     
      100001   50000000.000000000        195.73817883884729        909.82350037212257        17.782794100389228        2.3300000000000001       0.84999999999999998       0.14999999999999999        3.5647166810971618E-022   1.6069185545506756E-021   5.7269978735814555E-007   11.149493256973866        11.149493256973866     
      100001   50000000.000000000        197.67581442758990        966.04824741303526        17.782794100389228        2.3300000000000001       0.84999999999999998       0.14999999999999999        3.7355264892959421E-022   1.6487974552727450E-021   5.8763918792450158E-007   10.595362814637150        10.595362814637150     
      100001   50000000.000000000        199.55093533328798        1025.7475388886849        17.782794100389228        2.3300000000000001       0.84999999999999998       0.14999999999999999        3.9335011130087488E-022   1.6900166355638578E-021   6.0234437764399436E-007   10.074120577819789        10.074120577819789     
      100001   50000000.000000000        201.49761951540918        1089.1360926886944        17.782794100389228        2.3300000000000001       0.84999999999999998       0.14999999999999999        4.1631422342249616E-022   1.7305721463466404E-021   6.1681391662592870E-007   9.5867271885912757        9.5867271885912757     
      100001   50000000.000000000        203.56460376195341        1156.4418957147789        17.782794100389228        2.3300000000000001       0.84999999999999998       0.14999999999999999        4.4300931272458818E-022   1.7704876974181770E-021   6.3105623281505050E-007   9.1318504909511091        9.1318504909511091     
      100001   50000000.000000000        205.75932230680039        1227.9070238714794        17.782794100389228        2.3300000000000001       0.84999999999999998       0.14999999999999999        4.7413008908141189E-022   1.8097983898236724E-021   6.4508381680264834E-007   8.7073598397065872        8.7073598397065872     
      100001   50000000.000000000        208.08966880032051        1303.7885127302470        17.782794100389228        2.3300000000000001       0.84999999999999998       0.14999999999999999        5.1053082667228826E-022   1.8485424909727425E-021   6.5891028712156310E-007   8.3112110758233388        8.3112110758233388     
      100001   50000000.000000000        210.56402470012912        1384.3592819982662        17.782794100389228        2.3300000000000001       0.84999999999999998       0.14999999999999999        5.5326891478332481E-022   1.8867607451597079E-021   6.7255014427297068E-007   7.9414461305882078        7.9414461305882078     
      100001   50000000.000000000        213.19128941631689        1469.9091171171153        17.782794100389228        2.3300000000000001       0.84999999999999998       0.14999999999999999        6.0366205512647612E-022   1.9244959514918865E-021   6.8601862003196434E-007   7.5961932825544878        7.5961932825544878     
      100001   50000000.000000000        215.98091231957801        1560.7457115216712        17.782794100389228        2.3300000000000001       0.84999999999999998       0.14999999999999999        6.6336396890581370E-022   1.9617924710666051E-021   6.9933150144396908E-007   7.2736678316845413        7.2736678316845413     
      100001   50000000.000000000        218.94292672735764        1657.1957733079412        17.782794100389228        2.3300000000000001       0.84999999999999998       0.14999999999999999        7.3446538114867643E-022   1.9986966332080617E-021   7.1250527032330360E-007   6.9721729398087131        6.9721729398087131     
      100001   50000000.000000000        222.08798599025556        1759.6062002900908        17.782794100389228        2.3300000000000001       0.84999999999999998       0.14999999999999999        8.1962922557887267E-022   2.0352524857936042E-021   7.2555561655990574E-007   6.6901005812938159        6.6901005812938159     
      100001   50000000.000000000        225.05035181745242        1868.3453276730004        17.782794100389228        2.3300000000000001       0.84999999999999998       0.14999999999999999        9.2210427780453324E-022   2.0714716048081188E-021   7.3848672391369530E-007   6.4242348262774271        6.4242348262774271     
      100001   50000000.000000000        228.03171877901076        1983.8042528277274        17.782794100389228        2.3300000000000001       0.84999999999999998       0.14999999999999999        1.0459559285308683E-021   2.1073532157265026E-021   7.5129825861028019E-007   6.1748458996099886        6.1748458996099886     
      100001   50000000.000000000        231.19732653362541        2106.3982419347353        17.782794100389228        2.3300000000000001       0.84999999999999998       0.14999999999999999        1.1966187660748053E-021   2.1429286780497877E-021   7.6400134240915864E-007   5.9413729609937960        5.9413729609937960     
      100001   50000000.000000000        234.55856068738370        2236.5682235539871        17.782794100389228        2.3300000000000001       0.84999999999999998       0.14999999999999999        1.3812950624850664E-021   2.1782451350178303E-021   7.7661273754668295E-007   5.7224937948322294        5.7224937948322294     
      100001   50000000.000000000        238.12751044747981        2374.7823744938391        17.782794100389228        2.3300000000000001       0.84999999999999998       0.14999999999999999        1.6094913460089102E-021   2.2133496892527709E-021   7.8914918764548147E-007   5.5169733404418153        5.5169733404418153     
      100001   50000000.000000000        241.91701210295022        2521.5378036825969        17.782794100389228        2.3300000000000001       0.84999999999999998       0.14999999999999999        1.8938742736477725E-021   2.2482885322401332E-021   8.0162710638021863E-007   5.3236626452810558        5.3236626452810558     
      100001   50000000.000000000        245.94069519240520        2677.3623400989068        17.782794100389228        2.3300000000000001       0.84999999999999998       0.14999999999999999        2.2514874845887411E-021   2.2831071684448122E-021   8.1406265652575655E-007   5.1414971691210249        5.1414971691210249     
      100001   50000000.000000000        250.21303152480743        2842.8164311916785        17.782794100389228        2.3300000000000001       0.84999999999999998       0.14999999999999999        2.7055005940605416E-021   2.3178521161730088E-021   8.2647235546443921E-007   4.9694944774718302        4.9694944774718302     
      100001   50000000.000000000        254.74938722961005        3018.4951586175225        17.782794100389228        2.3300000000000001       0.84999999999999998       0.14999999999999999        3.2877452092701889E-021   2.3525629131610917E-021   8.3887022408577565E-007   4.8067513900568297        4.8067513900568297     
      100001   50000000.000000000        258.25785565321064        3205.0303785454125        17.782794100389228        2.3300000000000001       0.84999999999999998       0.14999999999999999        4.0386431361198836E-021   2.3872002976908116E-021   8.5124206667688110E-007   4.6536811017046862        4.6536811017046862     
      100001   50000000.000000000        261.48449170894526        3403.0929942268631        17.782794100389228        2.3300000000000001       0.84999999999999998       0.14999999999999999        5.0112078802125540E-021   2.4216976230203992E-021   8.6356383608164315E-007   4.5098596651313567        4.5098596651313567     
      100001   50000000.000000000        264.91052555551767        3613.3953690048615        17.782794100389228        2.3300000000000001       0.84999999999999998       0.14999999999999999        6.2825534312577039E-021   2.4560639965048053E-021   8.7583856747599671E-007   4.3741697625236995        4.3741697625236995     
      100001   50000000.000000000        268.54827946240789        3836.6938884407787        17.782794100389228        2.3300000000000001       0.84999999999999998       0.14999999999999999        7.9629745362548754E-021   2.4903410316093849E-021   8.8808090688025453E-007   4.2458369385986581        4.2458369385986581     
      100001   50000000.000000000        272.41083718358556        4073.7916807738693        17.782794100389228        2.3300000000000001       0.84999999999999998       0.14999999999999999        1.0209219036088947E-020   2.5245698241332632E-021   9.0030529582362162E-007   4.1241555055538983        4.1241555055538983     
      100001   50000000.000000000        276.51209101528923        4325.5415054983232        17.782794100389228        2.3300000000000001       0.84999999999999998       0.14999999999999999        1.3246656033024728E-020   2.5587898820629633E-021   9.1252558691859559E-007   4.0084845764354222        4.0084845764354222     
      100001   50000000.000000000        280.86679176185476        4592.8488204469149        17.782794100389228        2.3300000000000001       0.84999999999999998       0.14999999999999999        1.7403220959322410E-020   2.5930397905625069E-021   9.2475527822280461E-007   3.8982439064837364        3.8982439064837364     
      100001   50000000.000000000        285.49060178930205        4876.6750384124298        17.782794100389228        2.3300000000000001       0.84999999999999998       0.14999999999999999        2.3162056817741045E-020   2.6273578881563769E-021   9.3700775128789945E-007   3.7929096489075906        3.7929096489075906     
      100001   50000000.000000000        290.40015135749769        5178.0409850199958        17.782794100389228        2.3300000000000001       0.84999999999999998       0.14999999999999999        3.1244227372210497E-020   2.6617800416362075E-021   9.4929547455751375E-007   3.6920101191677110        3.6920101191677110     
      100001   50000000.000000000        294.94188295052436        5498.0305702869709        17.782794100389228        2.3300000000000001       0.84999999999999998       0.14999999999999999        4.2714191454038204E-020   2.6963119682756282E-021   9.6162010589018357E-007   3.5969622135323331        3.5969622135323331     
      100001   50000000.000000000        299.39727761960796        5837.7946870757050        17.782794100389228        2.3300000000000001       0.84999999999999998       0.14999999999999999        5.9160375247239046E-020   2.7309440541930989E-021   9.7397776939124859E-007   3.5067632381517431        3.5067632381517431     
      100001   50000000.000000000        304.12800419442306        6198.5553504607979        17.782794100389228        2.3300000000000001       0.84999999999999998       0.14999999999999999        8.3040944760190794E-020   2.7656944880902064E-021   9.8637447482883014E-007   3.4201068275301814        3.4201068275301814     
      100001   50000000.000000000        309.15107747701177        6581.6100928984297        17.782794100389228        2.3300000000000001       0.84999999999999998       0.14999999999999999        1.1820582270704403E-019   2.8005977870649221E-021   9.9882201805803055E-007   3.3366471890091360        3.3366471890091360     
      100001   50000000.000000000        314.48456374032253        6988.3366310058418        17.782794100389228        2.3300000000000001       0.84999999999999998       0.14999999999999999        1.7073904140562270E-019   2.8356887280082657E-021   1.0113322378599819E-006   3.2560748807377684        3.2560748807377684     
      100001   50000000.000000000        320.14764570640199        7420.1978207358497        17.782794100389228        2.3300000000000001       0.84999999999999998       0.14999999999999999        2.5040034071180127E-019   2.8710017964899943E-021   1.0239168210821812E-006   3.1781134492349428        3.1781134492349428     
      100001   50000000.000000000        326.16069154007170        7878.7469187683146        17.782794100389228        2.3300000000000001       0.84999999999999998       0.14999999999999999        3.7309204329633960E-019   2.9065721148179481E-021   1.0365876472201084E-006   3.1025163517683731        3.1025163517683731     
      100001   50000000.000000000        332.54532810623544        8365.6331690420393        17.782794100389228        2.3300000000000001       0.84999999999999998       0.14999999999999999        5.6515168591302976E-019   2.9424325853267768E-021   1.0493558162422397E-006   3.0290641959480467        3.0290641959480467     
      100001   50000000.000000000        338.03283446674004        8882.6077345199137        17.782794100389228        2.3300000000000001       0.84999999999999998       0.14999999999999999        8.6977201980878862E-019   2.9785699669196045E-021   1.0622162346890274E-006   2.9612314864320508        2.9612314864320508     
      100001   50000000.000000000        343.73764840567395        9431.5299955219252        17.782794100389228        2.3300000000000001       0.84999999999999998       0.14999999999999999        1.3591102620049087E-018   3.0149660541583408E-021   1.0751624143109603E-006   2.8956540057590154        2.8956540057590154     
      100001   50000000.000000000        349.79500514054638        10014.374237278791        17.782794100389228        2.3300000000000001       0.84999999999999998       0.14999999999999999        2.1581221942124636E-018   3.0516507829946309E-021   1.0882034827041259E-006   2.8318161923761980        2.8318161923761980     
      100001   50000000.000000000        356.22669090738549        10633.236750759392        17.782794100389228        2.3300000000000001       0.84999999999999998       0.14999999999999999        3.4852128751075257E-018   3.0886581502521997E-021   1.1013507835720850E-006   2.7695525102016427        2.7695525102016427     
      100001   50000000.000000000        363.05583827544626        11290.343372310739        17.782794100389228        2.3300000000000001       0.84999999999999998       0.14999999999999999        5.7286610742102138E-018   3.1260206095777349E-021   1.1146156850530261E-006   2.7087163937028413        2.7087163937028413     
      100001   50000000.000000000        370.30700934713468        11988.057489228528        17.782794100389228        2.3300000000000001       0.84999999999999998       0.14999999999999999        9.5916568433084326E-018   3.1637682357376457E-021   1.1280099260804303E-006   2.6491793250515694        2.6491793250515694     
      100001   50000000.000000000        378.00628409947029        12728.888540051119        17.782794100389228        2.3300000000000001       0.84999999999999998       0.14999999999999999        1.6372601321221954E-017   3.2019217168113126E-021   1.1415447574447565E-006   2.5908312731118510        2.5908312731118510     
      100001   50000000.000000000        384.15866502333716        13515.501040149862        17.782794100389228        2.3300000000000001       0.84999999999999998       0.14999999999999999        2.8453090444670462E-017   3.2404204709153771E-021   1.1552094190189239E-006   2.5387486489737787        2.5387486489737787     
      100001   50000000.000000000        390.45952011339159        14350.724165077710        17.782794100389228        2.3300000000000001       0.84999999999999998       0.14999999999999999        5.0263645265749834E-017   3.2791310249341893E-021   1.1689909915717656E-006   2.4883962380109463        2.4883962380109463     
      100001   50000000.000000000        397.14975180608889        15237.561926143841        17.782794100389228        2.3300000000000001       0.84999999999999998       0.14999999999999999        9.0346645155727679E-017   3.3178115500461861E-021   1.1828982456554600E-006   2.4392073719136320        2.4392073719136320     
      100001   50000000.000000000        404.25342257176362        16179.203974812868        17.782794100389228        2.3300000000000001       0.84999999999999998       0.14999999999999999        1.6538261929822432E-016   3.3558112637533435E-021   1.1969443507569549E-006   2.3913604169184199        2.3913604169184199     
      100001   50000000.000000000        411.79608187939050        17179.037074787851        17.782794100389228        2.3300000000000001       0.84999999999999998       0.14999999999999999        3.0852136799951203E-016   3.3915705411803010E-021   1.2111455715930268E-006   2.3453916775235113        2.3453916775235113     
      100001   50000000.000000000        419.80485808926630        18240.657283038439        17.782794100389228        2.3300000000000001       0.84999999999999998       0.14999999999999999        5.8682956933404815E-016   3.4221346353681614E-021   1.2255241563494916E-006   2.3023492169429329        2.3023492169429329     
      100001   50000000.000000000        427.34742538774043        19367.882883585520        17.782794100389228        2.3300000000000001       0.84999999999999998       0.14999999999999999        1.1369985989184082E-015   3.4441303799452970E-021   1.2401013013023310E-006   2.2655540639289757        2.2655540639289757     
      100001   50000000.000000000        434.37485109561226        20564.768120559671        17.782794100389228        2.3300000000000001       0.84999999999999998       0.14999999999999999        2.2392301478778449E-015   3.4521147207462151E-021   1.2549008216545997E-006   2.2369404299588540        2.2369404299588540     
      100001   50000000.000000000        441.83655359740362        21835.617779928274        17.782794100389228        2.3300000000000001       0.84999999999999998       0.14999999999999999        4.4779982959103582E-015   3.4316514376050531E-021   1.2699836068138273E-006   2.2197790492812755        2.2197790492812755     
      100001   50000000.000000000        449.75937007952837        23185.002672334667        17.782794100389228        2.3300000000000001       0.84999999999999998       0.14999999999999999        9.0822975993827342E-015   3.3671387252030005E-021   1.2854670073976005E-006   2.2203871804401829        2.2203871804401829     
      100001   50000000.000000000        458.17179619734293        24617.776072737815        17.782794100389228        2.3300000000000001       0.84999999999999998       0.14999999999999999        1.8632900808964530E-014   3.2559124852700173E-021   1.3015115385758343E-006   2.2412028950822900        2.2412028950822900     
      100001   50000000.000000000        467.10408856424954        26139.091175978527        17.782794100389228        2.3300000000000001       0.84999999999999998       0.14999999999999999        3.8522186314337891E-014   3.1181218309332472E-021   1.3182810951982011E-006   2.2761709052044448        2.2761709052044448     
      100001   50000000.000000000        475.35763772432352        27754.419631055382        17.782794100389228        2.3300000000000001       0.84999999999999998       0.14999999999999999        7.9868854409828256E-014   2.9767407555674927E-021   1.3358897751428606E-006   2.3197454113776454        2.3197454113776454     
      100001   50000000.000000000        483.63574828770339        29469.571220770464        17.782794100389228        2.3300000000000001       0.84999999999999998       0.14999999999999999        1.6571754896783584E-013   2.8351964707334345E-021   1.3544218948755815E-006   2.3695780225090193        2.3695780225090193     
      100001   50000000.000000000        492.42542474514084        31290.714757526985        17.782794100389228        2.3300000000000001       0.84999999999999998       0.14999999999999999        3.4396090304275848E-013   2.6947506540167023E-021   1.3739792673430642E-006   2.4245872190882447        2.4245872190882447     
      100001   50000000.000000000        501.75828055020816        33224.400270433121        17.782794100389228        2.3300000000000001       0.84999999999999998       0.14999999999999999        7.1334957086885175E-013   2.5574083125803201E-021   1.3946772020608242E-006   2.4842079257075893        2.4842079257075893     
      100001   50000000.000000000        511.66788278641883        35277.582563512013        17.782794100389228        2.3300000000000001       0.84999999999999998       0.14999999999999999        1.4748453188311936E-012   2.4237003392850014E-021   1.4166416063040779E-006   2.5485508493704874        2.5485508493704874     
      100001   50000000.000000000        522.18987289651830        37457.646229747370        17.782794100389228        2.3300000000000001       0.84999999999999998       0.14999999999999999        3.0290367834011585E-012   2.2933620467437114E-021   1.4400151965594482E-006   2.6182484952831957        2.6182484952831957     
      100001   50000000.000000000        530.57403135848733        39772.432210933810        17.782794100389228        2.3300000000000001       0.84999999999999998       0.14999999999999999        6.1305460273011632E-012   2.1669168632369912E-021   1.4649275221480222E-006   2.7008544371072190        2.7008544371072190     
      100001   50000000.000000000        539.30254333447886        42230.265998857431        17.782794100389228        2.3300000000000001       0.84999999999999998       0.14999999999999999        1.2336307742478137E-011   2.0449018797346373E-021   1.4915185718483644E-006   2.7902837946189498        2.7902837946189498     
      100001   50000000.000000000        548.57045485081301        44839.987579235392        17.782794100389228        2.3300000000000001       0.84999999999999998       0.14999999999999999        2.4743679429303026E-011   1.9270631051834442E-021   1.5199810834505431E-006   2.8868981293496865        2.8868981293496865     
      100001   50000000.000000000        558.41109940865454        47610.983226115066        17.782794100389228        2.3300000000000001       0.84999999999999998       0.14999999999999999        4.9412625630271415E-011   1.8131116718424726E-021   1.5505397772502682E-006   2.9916914143112572        2.9916914143112572     
      100001   50000000.000000000        568.85987043361649        50553.219261084996        17.782794100389228        2.3300000000000001       0.84999999999999998       0.14999999999999999        9.7982610438609394E-011   1.7027722138714770E-021   1.5834537686713477E-006   3.1058684266129570        3.1058684266129570     
      100001   50000000.000000000        578.21450329317747        53677.277898717148        17.782794100389228        2.3300000000000001       0.84999999999999998       0.14999999999999999        1.9189397560895002E-010   1.5961913359990045E-021   1.6189936940527167E-006   3.2357537639602305        3.2357537639602305     
      100001   50000000.000000000        587.91471190674702        56994.395307165534        17.782794100389228        2.3300000000000001       0.84999999999999998       0.14999999999999999        3.7389090642979951E-010   1.4935557535653661E-021   1.6574510927040903E-006   3.3783122393010503        3.3783122393010503     
      100001   50000000.000000000        598.21436840808781        60516.502020813197        17.782794100389228        2.3300000000000001       0.84999999999999998       0.14999999999999999        7.2614003768905021E-010   1.3946638156085049E-021   1.6991638662871575E-006   3.5345922179774787        3.5345922179774787     
      100001   50000000.000000000        609.15051713144680        64256.265850313495        17.782794100389228        2.3300000000000001       0.84999999999999998       0.14999999999999999        1.4033268664864791E-009   1.2992745947283611E-021   1.7444816220719131E-006   3.7066957739606967        3.7066957739606967     
      100001   50000000.000000000        620.76249165543675        68227.137444363951        17.782794100389228        2.3300000000000001       0.84999999999999998       0.14999999999999999        2.6900684611975228E-009   1.2071580468111041E-021   1.7937228388696469E-006   3.8970914199923810        3.8970914199923810     
      100001   50000000.000000000        632.00121156866408        72443.398667080226        17.782794100389228        2.3300000000000001       0.84999999999999998       0.14999999999999999        5.0871428956817255E-009   1.1182957725688221E-021   1.8470839531854684E-006   4.1122520241910019        4.1122520241910019     
      100001   50000000.000000000        643.24595328509940        76920.213964964190        17.782794100389228        2.3300000000000001       0.84999999999999998       0.14999999999999999        9.5106338805260978E-009   1.0327847366492626E-021   1.9044501797985242E-006   4.3534082291678464        4.3534082291678464     
      100001   50000000.000000000        655.18559105366899        81673.684908222946        17.782794100389228        2.3300000000000001       0.84999999999999998       0.14999999999999999        1.7621327998485543E-008   9.5051638986372752E-022   1.9651032432759287E-006   4.6203791589807377        4.6203791589807377     
      100001   50000000.000000000        667.86306765913741        86720.908102596033        17.782794100389228        2.3300000000000001       0.84999999999999998       0.14999999999999999        3.2252216572704551E-008   8.7125142755005015E-022   2.0272750554283936E-006   4.9148153024935688        4.9148153024935688     
      100001   50000000.000000000        680.57775880485042        92080.036679987403        17.782794100389228        2.3300000000000001       0.84999999999999998       0.14999999999999999        5.7907510729770752E-008   7.9483799609791249E-022   2.0875481503401365E-006   5.2397108218461046        5.2397108218461046     
      100001   50000000.000000000        692.13295472975562        97770.345589058561        17.782794100389228        2.3300000000000001       0.84999999999999998       0.14999999999999999        1.0157833191752963E-007   7.2135407562553000E-022   2.1398278189286312E-006   5.5962126775627787        5.5962126775627787     
      100001   50000000.000000000        704.40223197661044        103812.30092061353        17.782794100389228        2.3300000000000001       0.84999999999999998       0.14999999999999999        1.7574251247956797E-007   6.5066048219207995E-022   2.1720265597668439E-006   5.9611190582327911        5.9611190582327911     
      100001   50000000.000000000        717.42971893039953        110227.63351711068        17.782794100389228        2.3300000000000001       0.84999999999999998       0.14999999999999999        2.9899188096103664E-007   5.8218832514202700E-022   2.1642018817313099E-006   6.3049432279245705        6.3049432279245705     
      100001   50000000.000000000        731.14679337892119        117039.41713105644        17.782794100389228        2.3300000000000001       0.84999999999999998       0.14999999999999999        4.9556287783693989E-007   5.1516337054339131E-022   2.0903302156448756E-006   6.5808699759674205        6.5808699759674205     
      100001   50000000.000000000        743.42328054371296        124272.15141338449        17.782794100389228        2.3300000000000001       0.84999999999999998       0.14999999999999999        7.8808594573667934E-007   4.4881524549378221E-022   1.9198292023003944E-006   6.7257909345329105        6.7257909345329105     
      100001   50000000.000000000        756.45842296978219        131951.85003030242        17.782794100389228        2.3300000000000001       0.84999999999999998       0.14999999999999999        1.2046685622448211E-006   3.8199809756933648E-022   1.6140315335576904E-006   6.5875842725406892        6.5875842725406892     
      100001   50000000.000000000        770.29910359666565        140106.13422553314        17.782794100389228        2.3300000000000001       0.84999999999999998       0.14999999999999999        1.7434172540562754E-006   3.1296157790285771E-022   1.1602729637416424E-006   5.9730575721020784        5.9730575721020784     
      100001   50000000.000000000        784.51494105334473        148764.33216446143        17.782794100389228        2.3300000000000001       0.84999999999999998       0.14999999999999999        2.3257565492281425E-006   2.4003216831591940E-022   6.2617544609325400E-007   4.6930287180566950        4.6930287180566950     
      100001   50000000.000000000        797.93573615782623        157957.58441749270        17.782794100389228        2.3300000000000001       0.84999999999999998       0.14999999999999999        2.7775797274540594E-006   1.6266006706155215E-022   1.9030888998501208E-007   2.7549561859132532        2.7549561859132532     
      100001   50000000.000000000        812.18590180453725        167718.95596201086        17.782794100389228        2.3300000000000001       0.84999999999999998       0.14999999999999999        2.9619230279255501E-006   8.2224847323412132E-023   9.2117234236452932E-009  0.59924019757293567       0.59924019757293567     
      100001   50000000.000000000        827.31669095509346        178083.55510577114        17.782794100389228        2.3300000000000001       0.84999999999999998       0.14999999999999999        2.9743151216245599E-006   2.0052247923946035E-024   1.6970863378910844E-010  0.49430576499844364       0.49430576499844364     
      100001   50000000.000000000        842.60899384736103        189088.65975944613        17.782794100389228        2.3300000000000001       0.84999999999999998       0.14999999999999999        2.9781369647440437E-006   2.3461795724401799E-026   1.9910376800126380E-012  0.48685347551672609       0.48685347551672609     
      100001   50000000.000000000        857.01328187006334        200773.85151249589        17.782794100389228        2.3300000000000001       0.84999999999999998       0.14999999999999999        2.9820992444961436E-006   2.6958802817848636E-028   2.2568378190477433E-014  0.47881683888900978       0.47881683888900978     
      100001   50000000.000000000        872.30771776216056        213181.15799457996        17.782794100389228        2.3300000000000001       0.84999999999999998       0.14999999999999999        2.9863675099433839E-006   3.9409868371012208E-030   2.4729434822714489E-016  0.39169662040820502       0.39169662040820502     
      100001   50000000.000000000        888.54731036741646        226355.20403453294        17.782794100389228        2.3300000000000001       0.84999999999999998       0.14999999999999999        2.9909545333166344E-006   1.0310134305831576E-030   2.6154754665344948E-018   5.2134845687758238E-002   5.2134845687758238E-002
      100001   50000000.000000000        903.73368820559858        240343.37216058114        17.782794100389228        2.3300000000000001       0.84999999999999998       0.14999999999999999        2.9958615923784225E-006   1.0003208331841798E-030   2.6720141399689013E-020   4.3401521655246442E-003   4.3401521655246442E-003
      100001   50000000.000000000        919.29768154305282        255195.97301905660        17.782794100389228        2.3300000000000001       0.84999999999999998       0.14999999999999999        3.0010861541511487E-006   1.0000035698851495E-030   2.6403970574118432E-022   7.7074394475452857E-004   7.7074394475452857E-004
      100001   50000000.000000000        935.82348954894246        270966.42632454663        17.782794100389228        2.3300000000000001       0.84999999999999998       0.14999999999999999        3.0066367867940595E-006   1.0000001091779296E-030   2.5214164489200025E-024   1.5733330070826220E-004   1.5733330070826220E-004
      100001   50000000.000000000        952.68798990431685        287711.45299229625        17.782794100389228        2.3300000000000001       0.84999999999999998       0.14999999999999999        3.0125223614211821E-006   1.0000000154198439E-030   2.3250433041007514E-026   3.1401269874092508E-005   3.1401269874092508E-005
      100001   50000000.000000000        968.76809002335131        305491.27914390498        17.782794100389228        2.3300000000000001       0.84999999999999998       0.14999999999999999        3.0187409062271865E-006   1.0000000018308981E-030   2.0821963475664450E-028   1.3495838638521396E-005   1.3495838638521396E-005
      100001   50000000.000000000        985.84189887953687        324369.85272003809        17.782794100389228        2.3300000000000001       0.84999999999999998       0.14999999999999999        3.0252940236509076E-006   1.0000000000240409E-030   2.7858969121141672E-030   1.2821849802340066E-005   1.2821849802340066E-005
      100001   50000000.000000000        1003.7945396763956        344415.07347925392        17.782794100389228        2.3300000000000001       0.84999999999999998       0.14999999999999999        3.0321944888462230E-006   1.0000000000218299E-030   1.0148632552122887E-030   1.2185030183336063E-005   1.2185030183336063E-005
      100001   50000000.000000000        1020.6116624194368        365699.03721016186        17.782794100389228        2.3300000000000001       0.84999999999999998       0.14999999999999999        3.0394405618846210E-006   1.0000000000200245E-030   1.0001195552650252E-030   1.1571552066684673E-005   1.1571552066684673E-005
      100001   50000000.000000000        1038.4680399979450        388298.29503526288        17.782794100389228        2.3300000000000001       0.84999999999999998       0.14999999999999999        3.0470309539200173E-006   1.0000000000195090E-030   1.0000009300817660E-030   1.0992973458327790E-005   1.0992973458327790E-005
      100001   50000000.000000000        1057.4278956818305        412294.12873910146        17.782794100389228        2.3300000000000001       0.84999999999999998       0.14999999999999999        3.0549807280119287E-006   1.0000000000178575E-030   1.0000000070049547E-030   1.0447235377541890E-005   1.0447235377541890E-005
      100001   50000000.000000000        1075.2826709695241        437772.84311098437        17.782794100389228        2.3300000000000001       0.84999999999999998       0.14999999999999999        3.0632889701288633E-006   1.0000000000162634E-030   1.0000000000669834E-030   9.9218990662150198E-006   9.9218990662150198E-006
      100001   50000000.000000000        1093.8942547723486        464826.07635372790        17.782794100389228        2.3300000000000001       0.84999999999999998       0.14999999999999999        3.0719513553656546E-006   1.0000000000156442E-030   1.0000000000160001E-030   9.4249447807719236E-006   9.4249447807719236E-006
      100001   50000000.000000000        1113.4988186801977        493551.12967485707        17.782794100389228        2.3300000000000001       0.84999999999999998       0.14999999999999999        3.0809798723744386E-006   1.0000000000144680E-030   1.0000000000144704E-030   8.9555837416340639E-006   8.9555837416340639E-006
      100001   50000000.000000000        1132.4713779423898        524051.31724571524        17.782794100389228        2.3300000000000001       0.84999999999999998       0.14999999999999999        3.0903752006590009E-006   1.0000000000134832E-030   1.0000000000134832E-030   8.5059093690168244E-006   8.5059093690168244E-006
      100001   50000000.000000000        1152.6163924607936        556436.33778711280        17.782794100389228        2.3300000000000001       0.84999999999999998       0.14999999999999999        3.1001390323931909E-006   1.0000000000128924E-030   1.0000000000128924E-030   8.0817971437574048E-006   8.0817971437574048E-006
      100001   50000000.000000000        1173.2681382862388        590822.66911802802        17.782794100389228        2.3300000000000001       0.84999999999999998       0.14999999999999999        3.1102825300476291E-006   1.0000000000113601E-030   1.0000000000113601E-030   7.6793232794100780E-006   7.6793232794100780E-006
      100001   50000000.000000000        1191.8748939633442        627333.98708641471        17.782794100389228        2.3300000000000001       0.84999999999999998       0.14999999999999999        3.1207883224497902E-006   1.0000000000102283E-030   1.0000000000102283E-030   7.2895192225307702E-006   7.2895192225307702E-006
      100001   50000000.000000000        1211.6314991780457        666101.61038881668        17.782794100389228        2.3300000000000001       0.84999999999999998       0.14999999999999999        3.1316433274664114E-006   1.0000000000096429E-030   1.0000000000096429E-030   6.9219440542850695E-006   6.9219440542850695E-006
      100001   50000000.000000000        1231.2433955209719        707264.97287872469        17.782794100389228        2.3300000000000001       0.84999999999999998       0.14999999999999999        3.1428507457434552E-006   1.0000000000087925E-030   1.0000000000087925E-030   6.5715865651418452E-006   6.5715865651418452E-006
      100001   50000000.000000000        1250.6540833551214        750972.12506234914        17.782794100389228        2.3300000000000001       0.84999999999999998       0.14999999999999999        3.1544008384823384E-006   1.0000000000083026E-030   1.0000000000083026E-030   6.2376657765276312E-006   6.2376657765276312E-006
      100001   50000000.000000000        1271.2643016618511        797380.26658555330        17.782794100389228        2.3300000000000001       0.84999999999999998       0.14999999999999999        3.1662956231216881E-006   1.0000000000081998E-030   1.0000000000081998E-030   5.9227920284678321E-006   5.9227920284678321E-006
      100001   50000000.000000000        1293.6563593431772        846656.31162709033        17.782794100389228        2.3300000000000001       0.84999999999999998       0.14999999999999999        3.1785556140040896E-006   1.0000000000081674E-030   1.0000000000081674E-030   5.6269487223799474E-006   5.6269487223799474E-006
      100001   50000000.000000000        1317.9534203696167        898977.48923170695        17.782794100389228        2.3300000000000001       0.84999999999999998       0.14999999999999999        3.1912083314598727E-006   1.0000000000078244E-030   1.0000000000078244E-030   5.3489476612260059E-006   5.3489476612260059E-006
      100001   50000000.000000000        1342.5307574269896        954531.98074225802        17.782794100389228        2.3300000000000001       0.84999999999999998       0.14999999999999999        3.2042668545290994E-006   1.0000000000067894E-030   1.0000000000067894E-030   5.0843449887188547E-006   5.0843449887188547E-006
      100001   50000000.000000000        1364.3062295735047        1013519.5966235163        17.782794100389228        2.3300000000000001       0.84999999999999998       0.14999999999999999        3.2176970996711219E-006   1.0000000000060589E-030   1.0000000000060589E-030   4.8270615593094490E-006   4.8270615593094490E-006
      100001   50000000.000000000        1387.4273697673209        1076152.4951119118        17.782794100389228        2.3300000000000001       0.84999999999999998       0.14999999999999999        3.2314736983781752E-006   1.0000000000056816E-030   1.0000000000056816E-030   4.5844351572398679E-006   4.5844351572398679E-006
      100001   50000000.000000000        1410.1854436403914        1142655.9452759963        17.782794100389228        2.3300000000000001       0.84999999999999998       0.14999999999999999        3.2455944145048242E-006   1.0000000000052712E-030   1.0000000000052712E-030   4.3528351360726098E-006   4.3528351360726098E-006
      100001   50000000.000000000        1433.7139847907829        1213269.1372320827        17.782794100389228        2.3300000000000001       0.84999999999999998       0.14999999999999999        3.2600502681091711E-006   1.0000000000050237E-030   1.0000000000050237E-030   4.1335048437711068E-006   4.1335048437711068E-006
      100001   50000000.000000000        1458.1934285662587        1288246.0424290982        17.782794100389228        2.3300000000000001       0.84999999999999998       0.14999999999999999        3.2748446469587984E-006   1.0000000000047074E-030   1.0000000000047074E-030   3.9259750142307550E-006   3.9259750142307550E-006
      100001   50000000.000000000        1482.7228726618471        1367856.3270968448        17.782794100389228        2.3300000000000001       0.84999999999999998       0.14999999999999999        3.2899726108974528E-006   1.0000000000037559E-030   1.0000000000037559E-030   3.7283982199708308E-006   3.7283982199708308E-006
      100001   50000000.000000000        1500.8872896207452        1452386.3221429938        17.782794100389228        2.3300000000000001       0.84999999999999998       0.14999999999999999        3.3053525642340090E-006   1.0000000000014497E-030   1.0000000000014497E-030   3.5327864620327934E-006   3.5327864620327934E-006
      100001   50000000.000000000        1500.8872896207452        1542140.0529872417        17.782794100389228        2.3300000000000001       0.84999999999999998       0.14999999999999999        3.3207145416384027E-006   1.0000000000000116E-030   1.0000000000000116E-030   3.3270957444497750E-006   3.3270957444497750E-006
      100001   50000000.000000000        1500.8872896207452        1637440.3330365019        17.782794100389228        2.3300000000000001       0.84999999999999998       0.14999999999999999        3.3358584451591749E-006   1.0000000000000118E-030   1.0000000000000118E-030   3.1333730240816022E-006   3.1333730240816022E-006
      100001   50000000.000000000        1500.8872896207452        1738629.9247341279        17.782794100389228        2.3300000000000001       0.84999999999999998       0.14999999999999999        3.3507730789751790E-006   1.0000000000000125E-030   1.0000000000000125E-030   2.9509216305071223E-006   2.9509216305071223E-006
      100001   50000000.000000000        1500.8872896207452        1846072.7723589146        17.782794100389228        2.3300000000000001       0.84999999999999998       0.14999999999999999        3.3654482631907186E-006   1.0000000000000129E-030   1.0000000000000129E-030   2.7790854376441417E-006   2.7790854376441417E-006
      100001   50000000.000000000        1500.8872896207452        1960155.3110079400        17.782794100389228        2.3300000000000001       0.84999999999999998       0.14999999999999999        3.3798747875423681E-006   1.0000000000000136E-030   1.0000000000000136E-030   2.6172465042932350E-006   2.6172465042932350E-006
      100001   50000000.000000000        1500.8872896207452        2081287.8564711413        17.782794100389228        2.3300000000000001       0.84999999999999998       0.14999999999999999        3.3940443665992574E-006   1.0000000000000141E-030   1.0000000000000141E-030   2.4648228520571662E-006   2.4648228520571662E-006
      100001   50000000.000000000        1500.8872896207452        2209906.0809966084        17.782794100389228        2.3300000000000001       0.84999999999999998       0.14999999999999999        3.4079495964397358E-006   1.0000000000000146E-030   1.0000000000000146E-030   2.3212663726475856E-006   2.3212663726475856E-006
      100001   50000000.000000000        1500.8872896207452        2346472.5802543098        17.782794100389228        2.3300000000000001       0.84999999999999998       0.14999999999999999        3.4215839127830122E-006   1.0000000000000153E-030   1.0000000000000153E-030   2.1860608570567443E-006   2.1860608570567443E-006
      100001   50000000.000000000        1500.8872896207452        2491478.5371341542        17.782794100389228        2.3300000000000001       0.84999999999999998       0.14999999999999999        3.4349415505499235E-006   1.0000000000000160E-030   1.0000000000000160E-030   2.0587201395104244E-006   2.0587201395104244E-006
      100001   50000000.000000000        1500.8872896207452        2645445.4883625261        17.782794100389228        2.3300000000000001       0.84999999999999998       0.14999999999999999        3.4480175048237749E-006   1.0000000000000164E-030   1.0000000000000164E-030   1.9387863495317037E-006   1.9387863495317037E-006
      100001   50000000.000000000        1500.8872896207452        2808927.2002911251        17.782794100389228        2.3300000000000001       0.84999999999999998       0.14999999999999999        3.4608074931792935E-006   1.0000000000000171E-030   1.0000000000000171E-030   1.8258282658346033E-006   1.8258282658346033E-006
      100001   50000000.000000000        1500.8872896207452        2982511.6606046916        17.782794100389228        2.3300000000000001       0.84999999999999998       0.14999999999999999        3.4733079193456550E-006   1.0000000000000178E-030   1.0000000000000178E-030   1.7194397661333298E-006   1.7194397661333298E-006
      100001   50000000.000000000        1500.8872896207452        3166823.1931112446        17.782794100389228        2.3300000000000001       0.84999999999999998       0.14999999999999999        3.4855158381672805E-006   1.0000000000000188E-030   1.0000000000000188E-030   1.6192383672983617E-006   1.6192383672983617E-006
      100001   50000000.000000000        1500.8872896207452        3362524.7032207805        17.782794100389228        2.3300000000000001       0.84999999999999998       0.14999999999999999        3.4974289218258520E-006   1.0000000000000192E-030   1.0000000000000192E-030   1.5248638506163903E-006   1.5248638506163903E-006
      100001   50000000.000000000        1500.8872896207452        3570320.0621888381        17.782794100389228        2.3300000000000001       0.84999999999999998       0.14999999999999999        3.5090454272855860E-006   1.0000000000000199E-030   1.0000000000000199E-030   1.4359769672176007E-006   1.4359769672176007E-006
      100001   50000000.000000000        1500.8872896207452        3790956.6387001630        17.782794100389228        2.3300000000000001       0.84999999999999998       0.14999999999999999        3.5203641649234076E-006   1.0000000000000209E-030   1.0000000000000209E-030   1.3522582190229293E-006   1.3522582190229293E-006
      100001   50000000.000000000        1500.8872896207452        4025227.9868976898        17.782794100389228        2.3300000000000001       0.84999999999999998       0.14999999999999999        3.5313844683063623E-006   1.0000000000000216E-030   1.0000000000000216E-030   1.2734067108361722E-006   1.2734067108361722E-006
      100001   50000000.000000000        1500.8872896207452        4273976.7005248405        17.782794100389228        2.3300000000000001       0.84999999999999998       0.14999999999999999        3.5421061650785510E-006   1.0000000000000223E-030   1.0000000000000223E-030   1.1991390694623244E-006   1.1991390694623244E-006
      100001   50000000.000000000        1500.8872896207452        4538097.4434463661        17.782794100389228        2.3300000000000001       0.84999999999999998       0.14999999999999999        3.5525295489199344E-006   1.0000000000000232E-030   1.0000000000000232E-030   1.1291884259752745E-006   1.1291884259752745E-006
      100001   50000000.000000000        1500.8872896207452        4818540.1674476871        17.782794100389228        2.3300000000000001       0.84999999999999998       0.14999999999999999        3.5626553525413845E-006   1.0000000000000239E-030   1.0000000000000239E-030   1.0633034574855572E-006   1.0633034574855572E-006
      100001   50000000.000000000        1500.8872896207452        5116313.5288858237        17.782794100389228        2.3300000000000001       0.84999999999999998       0.14999999999999999        3.5724847216802751E-006   1.0000000000000243E-030   1.0000000000000243E-030   1.0012474849734259E-006   1.0012474849734259E-006
      100001   50000000.000000000        1500.8872896207452        5432488.5164805958        17.782794100389228        2.3300000000000001       0.84999999999999998       0.14999999999999999        3.5820191900625645E-006   1.0000000000000257E-030   1.0000000000000257E-030   9.4279762395433535E-007   9.4279762395433535E-007
      100001   50000000.000000000        1500.8872896207452        5768202.3032940133        17.782794100389228        2.3300000000000001       0.84999999999999998       0.14999999999999999        3.5912606552978159E-006   1.0000000000000262E-030   1.0000000000000262E-030   8.8774398493404968E-007   8.8774398493404968E-007
      100001   50000000.000000000        1500.8872896207452        6124662.3367520040        17.782794100389228        2.3300000000000001       0.84999999999999998       0.14999999999999999        3.6002113556764978E-006   1.0000000000000269E-030   1.0000000000000269E-030   8.3588892078943063E-007   8.3588892078943063E-007
      100001   50000000.000000000        1500.8872896207452        6503150.6814188827        17.782794100389228        2.3300000000000001       0.84999999999999998       0.14999999999999999        3.6088738478379892E-006   1.0000000000000281E-030   1.0000000000000281E-030   7.8704631837905014E-007   7.8704631837905014E-007
      100001   50000000.000000000        1500.8872896207452        6905028.6301442618        17.782794100389228        2.3300000000000001       0.84999999999999998       0.14999999999999999        3.6172509852808042E-006   1.0000000000000286E-030   1.0000000000000286E-030   7.4104093184561863E-007   7.4104093184561863E-007
      100001   50000000.000000000        1500.8872896207452        7331741.6001668200        17.782794100389228        2.3300000000000001       0.84999999999999998       0.14999999999999999        3.6253458976873124E-006   1.0000000000000293E-030   1.0000000000000293E-030   6.9770775522034988E-007   6.9770775522034988E-007
      100001   50000000.000000000        1500.8872896207452        7784824.3317846479        17.782794100389228        2.3300000000000001       0.84999999999999998       0.14999999999999999        3.6331619710359807E-006   1.0000000000000302E-030   1.0000000000000302E-030   6.5689143207786748E-007   6.5689143207786748E-007
      100001   50000000.000000000        1500.8872896207452        8265906.4082901161        17.782794100389228        2.3300000000000001       0.84999999999999998       0.14999999999999999        3.6407028284762555E-006   1.0000000000000307E-030   1.0000000000000307E-030   6.1844570011962747E-007   6.1844570011962747E-007
      100001   50000000.000000000        1500.8872896207452        8776718.1170225125        17.782794100389228        2.3300000000000001       0.84999999999999998       0.14999999999999999        3.6479723119421709E-006   1.0000000000000314E-030   1.0000000000000314E-030   5.8223286868415256E-007   5.8223286868415256E-007
      100001   50000000.000000000        1500.8872896207452        9319096.6726183258        17.782794100389228        2.3300000000000001       0.84999999999999998       0.14999999999999999        3.6549744644813229E-006   1.0000000000000321E-030   1.0000000000000321E-030   5.4812332729379328E-007   5.4812332729379328E-007
      100001   50000000.000000000        1500.8872896207452        9894992.8248428460        17.782794100389228        2.3300000000000001       0.84999999999999998       0.14999999999999999        3.6617135132778948E-006   1.0000000000000325E-030   1.0000000000000325E-030   5.1599508345018294E-007   5.1599508345018294E-007
      100001   50000000.000000000        1500.8872896207452        10506477.874768317        17.782794100389228        2.3300000000000001       0.84999999999999998       0.14999999999999999        3.6681938533490808E-006   1.0000000000000328E-030   1.0000000000000328E-030   4.8573332798427213E-007   4.8573332798427213E-007
      100001   50000000.000000000        1500.8872896207452        11155751.124533957        17.782794100389228        2.3300000000000001       0.84999999999999998       0.14999999999999999        3.6744200318944730E-006   1.0000000000000335E-030   1.0000000000000335E-030   4.5723002635127458E-007   4.5723002635127458E-007
      100001   50000000.000000000        1500.8872896207452        11845147.787482003        17.782794100389228        2.3300000000000001       0.84999999999999998       0.14999999999999999        3.6803967332804241E-006   1.0000000000000335E-030   1.0000000000000335E-030   4.3038353433623526E-007   4.3038353433623526E-007
      100001   50000000.000000000        1500.8872896207452        12577147.387119716        17.782794100389228        2.3300000000000001       0.84999999999999998       0.14999999999999999        3.6861287646408748E-006   1.0000000000000335E-030   1.0000000000000335E-030   4.0509823670176240E-007   4.0509823670176240E-007
      100001   50000000.000000000        1500.8872896207452        13354382.675115502        17.782794100389228        2.3300000000000001       0.84999999999999998       0.14999999999999999        3.6916210420772653E-006   1.0000000000000337E-030   1.0000000000000337E-030   3.8128420736558895E-007   3.8128420736558895E-007
      100001   50000000.000000000        1500.8872896207452        14179649.100404339        17.782794100389228        2.3300000000000001       0.84999999999999998       0.14999999999999999        3.6968785774415712E-006   1.0000000000000335E-030   1.0000000000000335E-030   3.5885688974176381E-007   3.5885688974176381E-007
      100001   50000000.000000000        1500.8872896207452        15055914.863459505        17.782794100389228        2.3300000000000001       0.84999999999999998       0.14999999999999999        3.7019064656861371E-006   1.0000000000000328E-030   1.0000000000000328E-030   3.3773679591532019E-007   3.3773679591532019E-007
      100001   50000000.000000000        1500.8872896207452        15986331.591892289        17.782794100389228        2.3300000000000001       0.84999999999999998       0.14999999999999999        3.7067098727651531E-006   1.0000000000000327E-030   1.0000000000000327E-030   3.1784922334617532E-007   3.1784922334617532E-007
      100001   50000000.000000000        1500.8872896207452        16974245.675776269        17.782794100389228        2.3300000000000001       0.84999999999999998       0.14999999999999999        3.7112940240730577E-006   1.0000000000000314E-030   1.0000000000000314E-030   2.9912398781409036E-007   2.9912398781409036E-007
      100001   50000000.000000000        1500.8872896207452        18023210.303465553        17.782794100389228        2.3300000000000001       0.84999999999999998       0.14999999999999999        3.7156641934057943E-006   1.0000000000000304E-030   1.0000000000000304E-030   2.8149517132345391E-007   2.8149517132345391E-007
      100001   50000000.000000000        1500.8872896207452        19136998.241195228        17.782794100389228        2.3300000000000001       0.84999999999999998       0.14999999999999999        3.7198256924308365E-006   1.0000000000000295E-030   1.0000000000000295E-030   2.6490088368571412E-007   2.6490088368571412E-007
      100001   50000000.000000000        1500.8872896207452        20319615.402428668        17.782794100389228        2.3300000000000001       0.84999999999999998       0.14999999999999999        3.7237838606528440E-006   1.0000000000000278E-030   1.0000000000000278E-030   2.4928303649046413E-007   2.4928303649046413E-007
      100001   50000000.000000000        1500.8872896207452        21575315.255755011        17.782794100389228        2.3300000000000001       0.84999999999999998       0.14999999999999999        3.7275440558620362E-006   1.0000000000000255E-030   1.0000000000000255E-030   2.3458712816657773E-007   2.3458712816657773E-007
      100001   50000000.000000000        1500.8872896207452        22908614.123157904        17.782794100389228        2.3300000000000001       0.84999999999999998       0.14999999999999999        3.7311116450525096E-006   1.0000000000000232E-030   1.0000000000000232E-030   2.2076203882648666E-007   2.2076203882648666E-007
      100001   50000000.000000000        1500.8872896207452        24324307.423677821        17.782794100389228        2.3300000000000001       0.84999999999999998       0.14999999999999999        3.7344919957978367E-006   1.0000000000000202E-030   1.0000000000000202E-030   2.0775983358536126E-007   2.0775983358536126E-007
      100001   50000000.000000000        1500.8872896207452        25827486.920890491        17.782794100389228        2.3300000000000001       0.84999999999999998       0.14999999999999999        3.7376904680726936E-006   1.0000000000000171E-030   1.0000000000000171E-030   1.9553557305957781E-007   1.9553557305957781E-007
      100001   50000000.000000000        1500.8872896207452        27423559.036235455        17.782794100389228        2.3300000000000001       0.84999999999999998       0.14999999999999999        3.7407124065077826E-006   1.0000000000000134E-030   1.0000000000000134E-030   1.8404712978396782E-007   1.8404712978396782E-007
      100001   50000000.000000000        1500.8872896207452        29118264.294060912        17.782794100389228        2.3300000000000001       0.84999999999999998       0.14999999999999999        3.7435631330472103E-006   1.0000000000239966E-030   1.0000000000239966E-030   1.7325500935473603E-007   1.7325500935473603E-007
