      100001   100000000.00000000        116.35374266780812        317.95164836224080        1778.2794100389228        2.3300000000000001       0.84999999999999998       0.14999999999999999        2.3572135121820968E-006   4.8583152965903583E-015   1.5915185625946054E-006   2.3280233674791067     
      100001   100000000.00000000        119.27855409753866        356.74761703816307        1778.2794100389228        2.3300000000000001       0.84999999999999998       0.14999999999999999        2.3572135121820968E-006   4.8583152965903583E-015   1.5915185625946054E-006   2.1866684297576660     
      100001   100000000.00000000        122.56024649704960        400.27740984506841        1778.2794100389228        2.3300000000000001       0.84999999999999998       0.14999999999999999        2.3573658738216900E-006   4.8576670041749119E-015   1.5913558871976533E-006   2.0550241638318631     
      100001   100000000.00000000        126.24236593064342        449.11864068635748        1778.2794100389228        2.3300000000000001       0.84999999999999998       0.14999999999999999        2.3576482591762150E-006   4.8564655020976283E-015   1.5910543834766567E-006   1.9342837432064885     
      100001   100000000.00000000        130.37377188607957        503.91940302110601        1778.2794100389228        2.3300000000000001       0.84999999999999998       0.14999999999999999        2.3580595746254953E-006   4.8547155146928248E-015   1.5906152132031199E-006   1.8221382241358641     
      100001   100000000.00000000        133.76874163492997        565.40686967050874        1778.2794100389228        2.3300000000000001       0.84999999999999998       0.14999999999999999        2.3586006235078310E-006   4.8524137323735070E-015   1.5900375096700457E-006   1.7133052175876897     
      100001   100000000.00000000        137.32119607315016        634.39694195941661        1778.2794100389228        2.3300000000000001       0.84999999999999998       0.14999999999999999        2.3592693222423263E-006   4.8495691685456550E-015   1.5893234852590148E-006   1.6095205414555691     
      100001   100000000.00000000        141.10734193605029        711.80507623119638        1778.2794100389228        2.3300000000000001       0.84999999999999998       0.14999999999999999        2.3600674958060327E-006   4.8461742532780583E-015   1.5884711752827833E-006   1.5131061610346734     
      100001   100000000.00000000        144.16745197241880        798.65843139721801        1778.2794100389228        2.3300000000000001       0.84999999999999998       0.14999999999999999        2.3609919830375064E-006   4.8422426722693042E-015   1.5874839354117970E-006   1.4208194986621501     
      100001   100000000.00000000        147.60095190541895        896.10949871153741        1778.2794100389228        2.3300000000000001       0.84999999999999998       0.14999999999999999        2.3620397061484203E-006   4.8377877999365074E-015   1.5863650286872187E-006   1.3338440903793780     
      100001   100000000.00000000        150.46242874957537        1005.4513946296269        1778.2794100389228        2.3300000000000001       0.84999999999999998       0.14999999999999999        2.3632078456562359E-006   4.8328219557755212E-015   1.5851174386833256E-006   1.2525784496723313     
      100001   100000000.00000000        152.89232674490307        1128.1350196780866        1778.2794100389228        2.3300000000000001       0.84999999999999998       0.14999999999999999        2.3644865864810188E-006   4.8273872344095915E-015   1.5837516173390788E-006   1.1745226602905796     
      100001   100000000.00000000        155.61871713773209        1265.7883110231230        1778.2794100389228        2.3300000000000001       0.84999999999999998       0.14999999999999999        2.3658724199137949E-006   4.8214989514691226E-015   1.5822712787940388E-006   1.1015099052161634     
      100001   100000000.00000000        158.67777747211787        1420.2378442076570        1778.2794100389228        2.3300000000000001       0.84999999999999998       0.14999999999999999        2.3673689582007653E-006   4.8151422088671184E-015   1.5806725270585640E-006   1.0332548736603451     
      100001   100000000.00000000        161.28914460743516        1593.5330706990296        1778.2794100389228        2.3300000000000001       0.84999999999999998       0.14999999999999999        2.3689733235803582E-006   4.8083297306640882E-015   1.5789583948075221E-006  0.96901208586039722     
      100001   100000000.00000000        163.32166264258908        1787.9735128647835        1778.2794100389228        2.3300000000000001       0.84999999999999998       0.14999999999999999        2.3706731329325252E-006   4.8011146254361939E-015   1.5771420684640684E-006  0.90733656074669433     
      100001   100000000.00000000        165.60218538673337        2006.1392772373974        1778.2794100389228        2.3300000000000001       0.84999999999999998       0.14999999999999999        2.3724626311014523E-006   4.7935218627890330E-015   1.5752296525546393E-006  0.84962421679173350     
      100001   100000000.00000000        168.16097399111860        2250.9252909603615        1778.2794100389228        2.3300000000000001       0.84999999999999998       0.14999999999999999        2.3743453582988809E-006   4.7855369977761488E-015   1.5732173155757137E-006  0.79694951266785496     
      100001   100000000.00000000        170.25342839777733        2525.5797157125457        1778.2794100389228        2.3300000000000001       0.84999999999999998       0.14999999999999999        2.3763171282347246E-006   4.7771784002762239E-015   1.5711094805268081E-006  0.74629374733546650     
      100001   100000000.00000000        172.30105405678617        2833.7470488401818        1778.2794100389228        2.3300000000000001       0.84999999999999998       0.14999999999999999        2.3783701241239667E-006   4.7684798366037674E-015   1.5689144508060283E-006  0.69873177466066572     
      100001   100000000.00000000        174.59852783369635        3179.5164836224117        1778.2794100389228        2.3300000000000001       0.84999999999999998       0.14999999999999999        2.3805049868166956E-006   4.7594392401467534E-015   1.5666314867529526E-006  0.65458891142702280     
      100001   100000000.00000000        176.78293806257952        3567.4761703816312        1778.2794100389228        2.3300000000000001       0.84999999999999998       0.14999999999999999        2.3827216743572778E-006   4.7500574725165469E-015   1.5642605756895126E-006  0.61322783438777972     
      100001   100000000.00000000        178.83534799486139        4002.7740984506868        1778.2794100389228        2.3300000000000001       0.84999999999999998       0.14999999999999999        2.3850155752056777E-006   4.7403547578499854E-015   1.5618065904223222E-006  0.57433015791572239     
      100001   100000000.00000000        181.13818981467429        4491.1864068635759        1778.2794100389228        2.3300000000000001       0.84999999999999998       0.14999999999999999        2.3873869163799309E-006   4.7303308626405197E-015   1.5592692266678330E-006  0.53778690110971139     
      100001   100000000.00000000        183.72202083384269        5039.1940302110552        1778.2794100389228        2.3300000000000001       0.84999999999999998       0.14999999999999999        2.3898415967337856E-006   4.7199616270239654E-015   1.5566421069247344E-006  0.50407212415341152     
      100001   100000000.00000000        185.70355581962716        5654.0686967050915        1778.2794100389228        2.3300000000000001       0.84999999999999998       0.14999999999999999        2.3923740719484658E-006   4.7092712830874689E-015   1.5539310961053063E-006  0.47189014160032877     
      100001   100000000.00000000        187.89366515222056        6343.9694195941611        1778.2794100389228        2.3300000000000001       0.84999999999999998       0.14999999999999999        2.3949781557746184E-006   4.6982867530513202E-015   1.5511427477413669E-006  0.44191139473245711     
      100001   100000000.00000000        190.35100824032929        7118.0507623119720        1778.2794100389228        2.3300000000000001       0.84999999999999998       0.14999999999999999        2.3976595743232460E-006   4.6869847174651937E-015   1.5482708592689039E-006  0.41403999961669946     
      100001   100000000.00000000        192.61905524403858        7986.5843139721828        1778.2794100389228        2.3300000000000001       0.84999999999999998       0.14999999999999999        2.4004185695541661E-006   4.6753650409541645E-015   1.5453150957929570E-006  0.38761465355082347     
      100001   100000000.00000000        195.07413147241252        8961.0949871153789        1778.2794100389228        2.3300000000000001       0.84999999999999998       0.14999999999999999        2.4032545994728262E-006   4.6634309211295502E-015   1.5422759593597452E-006  0.36319747872971181     
      100001   100000000.00000000        197.82877230736611        10054.513946296269        1778.2794100389228        2.3300000000000001       0.84999999999999998       0.14999999999999999        2.4061743565248882E-006   4.6511551645437620E-015   1.5391461947883315E-006  0.34016600334527936     
      100001   100000000.00000000        200.41825987213684        11281.350196780872        1778.2794100389228        2.3300000000000001       0.84999999999999998       0.14999999999999999        2.4091794070055571E-006   4.6385322214325151E-015   1.5359240336704363E-006  0.31835814599507961     
      100001   100000000.00000000        202.83923119122821        12657.883110231225        1778.2794100389228        2.3300000000000001       0.84999999999999998       0.14999999999999999        2.4122644245410079E-006   4.6255855246220894E-015   1.5326150953807068E-006  0.29818995935772968     
      100001   100000000.00000000        205.55560568858454        14202.378442076570        1778.2794100389228        2.3300000000000001       0.84999999999999998       0.14999999999999999        2.4154312116201700E-006   4.6123085888639098E-015   1.5292173526612316E-006  0.27933787120854109     
      100001   100000000.00000000        208.60342800341351        15935.330706990284        1778.2794100389228        2.3300000000000001       0.84999999999999998       0.14999999999999999        2.4186893914456935E-006   4.5986622297961663E-015   1.5257203790947313E-006  0.26190227132747801     
      100001   100000000.00000000        211.06195046290992        17879.735128647859        1778.2794100389228        2.3300000000000001       0.84999999999999998       0.14999999999999999        2.4220345702832649E-006   4.5846660757409143E-015   1.5221287830611335E-006  0.24526716080263969     
      100001   100000000.00000000        213.50564630824545        20061.392772373954        1778.2794100389228        2.3300000000000001       0.84999999999999998       0.14999999999999999        2.4254571407887735E-006   4.5703615269756226E-015   1.5184527736468910E-006  0.22951077599618064     
      100001   100000000.00000000        216.24751814341295        22509.252909603616        1778.2794100389228        2.3300000000000001       0.84999999999999998       0.14999999999999999        2.4289615641021059E-006   4.5557311490743421E-015   1.5146874522246389E-006  0.21462072318289507     
      100001   100000000.00000000        219.31371329374943        25255.797157125475        1778.2794100389228        2.3300000000000001       0.84999999999999998       0.14999999999999999        2.4325579633120866E-006   4.5407339922951963E-015   1.5108218255971644E-006  0.20092686864748516     
      100001   100000000.00000000        222.66810947898622        28337.470488401828        1778.2794100389228        2.3300000000000001       0.84999999999999998       0.14999999999999999        2.4362566504255921E-006   4.5253285091398765E-015   1.5068446804755368E-006  0.18818239776784049     
      100001   100000000.00000000        226.43180390186197        31795.164836224107        1778.2794100389228        2.3300000000000001       0.84999999999999998       0.14999999999999999        2.4400698250914849E-006   4.5094655066615891E-015   1.5027427543351204E-006  0.17635055461854215     
      100001   100000000.00000000        230.65473850068202        35674.761703816301        1778.2794100389228        2.3300000000000001       0.84999999999999998       0.14999999999999999        2.4440130841830013E-006   4.4930819309767420E-015   1.4984991057714852E-006  0.16522530445578185     
      100001   100000000.00000000        235.42632054126608        40027.740984506883        1778.2794100389228        2.3300000000000001       0.84999999999999998       0.14999999999999999        2.4481051326480563E-006   4.4761021622134284E-015   1.4940934173353966E-006  0.15480741591789252     
      100001   100000000.00000000        240.78022473148664        44911.864068635776        1778.2794100389228        2.3300000000000001       0.84999999999999998       0.14999999999999999        2.4523676959569277E-006   4.4584384752069721E-015   1.4895020810352278E-006  0.14500548024839366     
      100001   100000000.00000000        247.09186270076657        50391.940302110554        1778.2794100389228        2.3300000000000001       0.84999999999999998       0.14999999999999999        2.4568311267420936E-006   4.4399679439776708E-015   1.4846921468484039E-006  0.13589223467351333     
      100001   100000000.00000000        254.35990015897875        56540.686967050926        1778.2794100389228        2.3300000000000001       0.84999999999999998       0.14999999999999999        2.4615343301962451E-006   4.4205330045884855E-015   1.4796213803550890E-006  0.12728930359322715     
      100001   100000000.00000000        262.39773300265574        63439.694195941600        1778.2794100389228        2.3300000000000001       0.84999999999999998       0.14999999999999999        2.4665149635580886E-006   4.3999821773730164E-015   1.4742488088410078E-006  0.11940330985722608     
      100001   100000000.00000000        269.29756865174824        71180.507623119716        1778.2794100389228        2.3300000000000001       0.84999999999999998       0.14999999999999999        2.4717711141448844E-006   4.3783280077427399E-015   1.4685760741664816E-006  0.11162440389210285     
      100001   100000000.00000000        277.02440853587814        79865.843139721866        1778.2794100389228        2.3300000000000001       0.84999999999999998       0.14999999999999999        2.4773022838568140E-006   4.3555775076442713E-015   1.4626032623710330E-006  0.10424312519557190     
      100001   100000000.00000000        284.57922893134219        89610.949871153847        1778.2794100389228        2.3300000000000001       0.84999999999999998       0.14999999999999999        2.4831263730321757E-006   4.3316624613825854E-015   1.4563105487792511E-006   9.7132430080145424E-002
      100001   100000000.00000000        293.04871559512480        100545.13946296272        1778.2794100389228        2.3300000000000001       0.84999999999999998       0.14999999999999999        2.4892644113753197E-006   4.3065025708905336E-015   1.4496746551110430E-006   9.0603498931884213E-002
      100001   100000000.00000000        302.46433787259082        112813.50196780858        1778.2794100389228        2.3300000000000001       0.84999999999999998       0.14999999999999999        2.4957622151861979E-006   4.2799170058619284E-015   1.4426454056516004E-006   8.4412926721309664E-002
      100001   100000000.00000000        313.02883982664451        126578.83110231224        1778.2794100389228        2.3300000000000001       0.84999999999999998       0.14999999999999999        2.5026735815318761E-006   4.2516939204108991E-015   1.4351638381165396E-006   7.8707718853481101E-002
      100001   100000000.00000000        323.58065721623285        142023.78442076579        1778.2794100389228        2.3300000000000001       0.84999999999999998       0.14999999999999999        2.5100331091863932E-006   4.2217016637704235E-015   1.4271916029198609E-006   7.3224238189846427E-002
      100001   100000000.00000000        334.87279189101412        159353.30706990277        1778.2794100389228        2.3300000000000001       0.84999999999999998       0.14999999999999999        2.5178677005885899E-006   4.1898415388762471E-015   1.4186985348211121E-006   6.7976011791327465E-002
      100001   100000000.00000000        346.24812820116966        178797.35128647837        1778.2794100389228        2.3300000000000001       0.84999999999999998       0.14999999999999999        2.5262068325089036E-006   4.1560060066560243E-015   1.4096515194162727E-006   6.3308943830066591E-002
      100001   100000000.00000000        358.36486352471428        200613.92772373956        1778.2794100389228        2.3300000000000001       0.84999999999999998       0.14999999999999999        2.5350811160429151E-006   4.1200847671997446E-015   1.4000160309258911E-006   5.8874421709089644E-002
      100001   100000000.00000000        371.23165594826708        225092.52909603622        1778.2794100389228        2.3300000000000001       0.84999999999999998       0.14999999999999999        2.5445388849411226E-006   4.0818980027745949E-015   1.3897380819387342E-006   5.4805009712458108E-002
      100001   100000000.00000000        384.09948603813945        252557.97157125469        1778.2794100389228        2.3300000000000001       0.84999999999999998       0.14999999999999999        2.5546104800191336E-006   4.0413411816441503E-015   1.3787829768920702E-006   5.1053408407207963E-002
      100001   100000000.00000000        396.50294401228706        283374.70488401799        1778.2794100389228        2.3300000000000001       0.84999999999999998       0.14999999999999999        2.5652932294504069E-006   3.9984448232361641E-015   1.3671517117891309E-006   4.7608258785792411E-002
      100001   100000000.00000000        410.14255421713602        317951.64836224116        1778.2794100389228        2.3300000000000001       0.84999999999999998       0.14999999999999999        2.5766173571022993E-006   3.9531092088165866E-015   1.3548092691885724E-006   4.4536549251879970E-002
      100001   100000000.00000000        424.76101345044481        356747.61703816301        1778.2794100389228        2.3300000000000001       0.84999999999999998       0.14999999999999999        2.5886539257521402E-006   3.9050744434474343E-015   1.3416757796871977E-006   4.1804958275443137E-002
      100001   100000000.00000000        440.30661520349832        400277.40984506835        1778.2794100389228        2.3300000000000001       0.84999999999999998       0.14999999999999999        2.6014678615656170E-006   3.8541098034071367E-015   1.3276775919349814E-006   3.9295066550946119E-002
      100001   100000000.00000000        456.28203813471191        449118.64068635728        1778.2794100389228        2.3300000000000001       0.84999999999999998       0.14999999999999999        2.6151092907019466E-006   3.8000482403431437E-015   1.3127567220248071E-006   3.7244827074426196E-002
      100001   100000000.00000000        472.34496848868844        503919.40302110562        1778.2794100389228        2.3300000000000001       0.84999999999999998       0.14999999999999999        2.6296025965059331E-006   3.7428291919175184E-015   1.2968828650779760E-006   3.5373049355571340E-002
      100001   100000000.00000000        489.09905218349564        565406.86967050913        1778.2794100389228        2.3300000000000001       0.84999999999999998       0.14999999999999999        2.6449789726252145E-006   3.6823693359299850E-015   1.2800178001270687E-006   3.3677254126307316E-002
      100001   100000000.00000000        507.30213094661576        634396.94195941533        1778.2794100389228        2.3300000000000001       0.84999999999999998       0.14999999999999999        2.6613126559266203E-006   3.6184214815551863E-015   1.2620755027864201E-006   3.2298284867017184E-002
      100001   100000000.00000000        523.60771542650821        711805.07623119641        1778.2794100389228        2.3300000000000001       0.84999999999999998       0.14999999999999999        2.6785905511942232E-006   3.5510861944288124E-015   1.2430652262252386E-006   3.1225014517862498E-002
      100001   100000000.00000000        541.28846253246161        798658.43139721837        1778.2794100389228        2.3300000000000001       0.84999999999999998       0.14999999999999999        2.6967944793006409E-006   3.4804867012926859E-015   1.2230014432020519E-006   3.0185751667641689E-002
      100001   100000000.00000000        561.66382717782597        896109.49871153850        1778.2794100389228        2.3300000000000001       0.84999999999999998       0.14999999999999999        2.7160602530954194E-006   3.4061546508730157E-015   1.2017282298382271E-006   2.9382958731818554E-002
      100001   100000000.00000000        582.88047398999424        1005451.3946296267        1778.2794100389228        2.3300000000000001       0.84999999999999998       0.14999999999999999        2.7365070632224477E-006   3.3276981062253270E-015   1.1791066437573660E-006   2.8729301992521290E-002
      100001   100000000.00000000        604.98762827467272        1128135.0196780867        1778.2794100389228        2.3300000000000001       0.84999999999999998       0.14999999999999999        2.7581906856917918E-006   3.2449799331176380E-015   1.1550665718404847E-006   2.8210980718736761E-002
      100001   100000000.00000000        623.27752285435315        1265788.3110231217        1778.2794100389228        2.3300000000000001       0.84999999999999998       0.14999999999999999        2.7809880800664431E-006   3.1585504733824963E-015   1.1297354188045768E-006   2.7904677801771298E-002
      100001   100000000.00000000        643.27412764148914        1420237.8442076582        1778.2794100389228        2.3300000000000001       0.84999999999999998       0.14999999999999999        2.8047992431908489E-006   3.0688696054532260E-015   1.1032151235777112E-006   2.7703937423399824E-002
      100001   100000000.00000000        663.22074492898241        1593533.0706990273        1778.2794100389228        2.3300000000000001       0.84999999999999998       0.14999999999999999        2.8296546105284737E-006   2.9759061362384021E-015   1.0754621135072906E-006   2.7720408280261032E-002
      100001   100000000.00000000        684.67255384355667        1787973.5128647846        1778.2794100389228        2.3300000000000001       0.84999999999999998       0.14999999999999999        2.8555738585204633E-006   2.8796755720566486E-015   1.0464439020007139E-006   2.7642253680843835E-002
      100001   100000000.00000000        707.59625892725626        2006139.2772373958        1778.2794100389228        2.3300000000000001       0.84999999999999998       0.14999999999999999        2.8826292627814004E-006   2.7800056334354813E-015   1.0160680333313907E-006   2.7811716325728139E-002
      100001   100000000.00000000        733.00631941918948        2250925.2909603650        1778.2794100389228        2.3300000000000001       0.84999999999999998       0.14999999999999999        2.9109270275687638E-006   2.6766110196568062E-015   9.8420233479657841E-007   2.7843068677709953E-002
      100001   100000000.00000000        758.40057874563138        2525579.7157125473        1778.2794100389228        2.3300000000000001       0.84999999999999998       0.14999999999999999        2.9405072680408991E-006   2.5694606802719543E-015   9.5078727540705880E-007   2.8051682104660216E-002
      100001   100000000.00000000        784.92395925366498        2833747.0488401814        1778.2794100389228        2.3300000000000001       0.84999999999999998       0.14999999999999999        2.9713487093392475E-006   2.4587529689487598E-015   9.1583147692549850E-007   2.8311976522495699E-002
      100001   100000000.00000000        811.89575686890680        3179516.4836224080        1778.2794100389228        2.3300000000000001       0.84999999999999998       0.14999999999999999        3.0034367699317784E-006   2.3446650388081609E-015   8.7933521178580912E-007   2.8626952547236791E-002
      100001   100000000.00000000        840.31558469823858        3567476.1703816261        1778.2794100389228        2.3300000000000001       0.84999999999999998       0.14999999999999999        3.0367587902541087E-006   2.2273698208144730E-015   8.4129578924851552E-007   2.8934527980107125E-002
      100001   100000000.00000000        869.69369856614105        4002774.0984506872        1778.2794100389228        2.3300000000000001       0.84999999999999998       0.14999999999999999        3.0713092993129085E-006   2.1070170942876529E-015   8.0170155192674881E-007   2.9273835459217645E-002
      100001   100000000.00000000        902.10728094523245        4491186.4068635795        1778.2794100389228        2.3300000000000001       0.84999999999999998       0.14999999999999999        3.1071341677969642E-006   1.9835814255222787E-015   7.6048102971653849E-007   2.9057582991225562E-002
      100001   100000000.00000000        931.63599712701671        5039194.0302110538        1778.2794100389228        2.3300000000000001       0.84999999999999998       0.14999999999999999        3.1441044339640006E-006   1.8576395980518666E-015   7.1776337529024542E-007   2.8526125008884989E-002
      100001   100000000.00000000        962.14014799876838        5654068.6967050936        1778.2794100389228        2.3300000000000001       0.84999999999999998       0.14999999999999999        3.1819975005182940E-006   1.7300677885128429E-015   6.7378782693131347E-007   2.6700267296687182E-002
      100001   100000000.00000000        995.93876800821431        6343969.4195941593        1778.2794100389228        2.3300000000000001       0.84999999999999998       0.14999999999999999        3.2208231785965633E-006   1.6009389040536686E-015   6.2852605210882748E-007   3.4912407954770686E-002
      100001   100000000.00000000        1028.9226634399765        7118050.7623119662        1778.2794100389228        2.3300000000000001       0.84999999999999998       0.14999999999999999        3.2604986485251589E-006   1.4706256779949783E-015   5.8205831577136738E-007   6.5853537928746032E-003
      100001   100000000.00000000        1066.5531975143444        7986584.3139721826        1778.2794100389228        2.3300000000000001       0.84999999999999998       0.14999999999999999        3.3009795337526561E-006   1.3393576025886711E-015   5.3442168806150161E-007   5.3767233403388951E-005
      100001   100000000.00000000        1102.2473446693637        8961094.9871153850        1778.2794100389228        2.3300000000000001       0.84999999999999998       0.14999999999999999        3.3421514530295969E-006   1.2075714049497758E-015   4.8573794633495248E-007   4.8670155907290651E-005
      100001   100000000.00000000        1137.7256288344067        10054513.946296267        1778.2794100389228        2.3300000000000001       0.84999999999999998       0.14999999999999999        3.3837024432734468E-006   1.0762989368286207E-015   4.3636739426564039E-007   4.4023763947866645E-005
      100001   100000000.00000000        1174.7427669626211        11281350.196780860        1778.2794100389228        2.3300000000000001       0.84999999999999998       0.14999999999999999        3.4254404889247217E-006   9.4614106645252548E-016   3.8653502824738204E-007   3.9823604591819894E-005
      100001   100000000.00000000        1218.5292944774264        12657883.110231237        1778.2794100389228        2.3300000000000001       0.84999999999999998       0.14999999999999999        3.4674062542343974E-006   8.1693749271178132E-016   3.3619324948481321E-007   3.6105901808845929E-005
      100001   100000000.00000000        1253.3274958071745        14202378.442076571        1778.2794100389228        2.3300000000000001       0.84999999999999998       0.14999999999999999        3.5092366208418344E-006   6.8973472638247292E-016   2.8578441124623276E-007   3.2588376197453472E-005
      100001   100000000.00000000        1297.2970685216601        15935330.706990289        1778.2794100389228        2.3300000000000001       0.84999999999999998       0.14999999999999999        3.5506618934219239E-006   5.6522988374712691E-016   2.3564834969296791E-007   2.9507195457695484E-005
      100001   100000000.00000000        1336.7442470613573        17879735.128647842        1778.2794100389228        2.3300000000000001       0.84999999999999998       0.14999999999999999        3.5915322395232741E-006   4.4370645427067952E-016   1.8598847029118104E-007   2.6651232025481808E-005
      100001   100000000.00000000        1381.5161296712120        20061392.772373974        1778.2794100389228        2.3300000000000001       0.84999999999999998       0.14999999999999999        3.6315699653525591E-006   3.2577959443389100E-016   1.3717167236503682E-007   2.4106980942820712E-005
      100001   100000000.00000000        1423.7732583187708        22509252.909603614        1778.2794100389228        2.3300000000000001       0.84999999999999998       0.14999999999999999        3.6705409433803240E-006   2.1188485391690642E-016   8.9520417189837025E-008   2.1771449774052602E-005
      100001   100000000.00000000        1464.7644367247815        25255797.157125473        1778.2794100389228        2.3300000000000001       0.84999999999999998       0.14999999999999999        3.7080289865136694E-006   1.0294407057379854E-016   4.3587645183858694E-008   1.9642808991299432E-005
      100001   100000000.00000000        1499.9957221874458        28337470.488401823        1778.2794100389228        2.3300000000000001       0.84999999999999998       0.14999999999999999        3.7435631330472103E-006   1.0000000000000001E-030   1.0000000000000001E-030   1.7678690036785015E-005
