           4
 TiO2                Al2O3               Fe                  Mg2SiO4             
   4.2300000000000004        3.9860000000000002        7.8739999999999997        3.2100000000000000     
   79.865799999999993        26.981538600000000        55.844999999999999        24.305000000000000     
   1.0000000000000000E-004   1.0000000000000000E-004   1.0000000000000000E-004   1.0000000000000000E-004
   2.0000000000000000                1
      100001   10000000.000000000        1093.1788626025104        10.431738337489184        316.22776601683790        2.3300000000000001       0.84999999999999998       0.14999999999999999        1.0172115045618386E-016   4.0422291286018477E-021   1.7444993882404147E-009   1.4346093087733586E-011   1.0000000000000001E-030   1.0000000000000001E-030   1.0000000000000001E-030   1.0000000000000001E-030   62385.304597597657        58786.853255984592        116124.93521138691        47342.518407947719     
      100001   10000000.000000000        1093.1800468055417        11.345274765696345        316.22776601683790        2.3300000000000001       0.84999999999999998       0.14999999999999999        1.0172115046471285E-016   4.0422291183154627E-021   1.7444993882435691E-009   1.4346093087733586E-011   1.0000000000000001E-030   1.0000000000000001E-030   1.0000000000000001E-030   1.0000000000000001E-030   57364.565958384112        54055.720406159329        106779.15797264280        43532.430836041865     
      100001   10000000.000000000        1093.1813347081675        12.338812127464312        316.22776601683790        2.3300000000000001       0.84999999999999998       0.14999999999999999        1.0172115048138626E-016   4.0422290985709214E-021   1.7444993882490558E-009   1.4346093087733588E-011   1.0000000000000001E-030   1.0000000000000001E-030   1.0000000000000001E-030   1.0000000000000001E-030   52748.113081894619        49705.553138774412        98185.937172548613        40029.142834872291     
      100001   10000000.000000000        1093.1827353908518        13.419356327728012        316.22776601683790        2.3300000000000001       0.84999999999999998       0.14999999999999999        1.0172115050612891E-016   4.0422290701297592E-021   1.7444993882555992E-009   1.4346093087733594E-011   1.0000000000000001E-030   1.0000000000000001E-030   1.0000000000000001E-030   1.0000000000000001E-030   48503.391889478662        45705.675183274441        90284.674885242435        36807.950188749695     
      100001   10000000.000000000        1093.1842587291146        14.594526798062295        316.22776601683790        2.3300000000000001       0.84999999999999998       0.14999999999999999        1.0172115053912817E-016   4.0422290336921878E-021   1.7444993882615541E-009   1.4346093087733614E-011   1.0000000000000001E-030   1.0000000000000001E-030   1.0000000000000001E-030   1.0000000000000001E-030   44600.469622086370        42027.880383339892        83019.652662985594        33846.137913120976     
      100001   10000000.000000000        1093.1859154631293        15.872610224921379        316.22776601683790        2.3300000000000001       0.84999999999999998       0.14999999999999999        1.0172115058079098E-016   4.0422289899020298E-021   1.7444993882649780E-009   1.4346093087733635E-011   1.0000000000000001E-030   1.0000000000000001E-030   1.0000000000000001E-030   1.0000000000000001E-030   41011.823767064823        38646.233799026253        76339.638631536145        31122.820078313191     
      100001   10000000.000000000        1093.1877172734132        17.262618983009986        316.22776601683790        2.3300000000000001       0.84999999999999998       0.14999999999999999        1.0172115063170261E-016   4.0422289393512633E-021   1.7444993882637021E-009   1.4346093087733657E-011   1.0000000000000001E-030   1.0000000000000001E-030   1.0000000000000001E-030   1.0000000000000001E-030   37712.147980900474        35536.888824470327        70197.526222848013        28618.792530917166     
      100001   10000000.000000000        1093.1896768631364        18.774354685828140        316.22776601683790        2.3300000000000001       0.84999999999999998       0.14999999999999999        1.0172115069258441E-016   4.0422288825841946E-021   1.7444993882553877E-009   1.4346093087733686E-011   1.0000000000000001E-030   1.0000000000000001E-030   1.0000000000000001E-030   1.0000000000000001E-030   34678.173639367502        32677.919031565296        64550.001997609434        26316.397474272828     
      100001   10000000.000000000        1093.1918080476357        20.418477301514223        316.22776601683790        2.3300000000000001       0.84999999999999998       0.14999999999999999        1.0172115076424828E-016   4.0422288201012915E-021   1.7444993882375774E-009   1.4346093087733715E-011   1.0000000000000001E-030   1.0000000000000001E-030   1.0000000000000001E-030   1.0000000000000001E-030   31888.505756742503        30049.163553849692        59357.240215264370        24199.398953145643     
      100001   10000000.000000000        1093.1941258517581        22.206580321355077        316.22776601683790        2.3300000000000001       0.84999999999999998       0.14999999999999999        1.0172115084754563E-016   4.0422287523627213E-021   1.7444993882077435E-009   1.4346093087733744E-011   1.0000000000000001E-030   1.0000000000000001E-030   1.0000000000000001E-030   1.0000000000000001E-030   29323.472117065689        27632.084920331403        54582.621997768329        22252.868364571830     
      100001   10000000.000000000        1093.1966466157178        24.151272511012497        316.22776601683790        2.3300000000000001       0.84999999999999998       0.14999999999999999        1.0172115094330820E-016   4.0422286797915880E-021   1.7444993881633248E-009   1.4346093087733775E-011   1.0000000000000001E-030   1.0000000000000001E-030   1.0000000000000001E-030   1.0000000000000001E-030   26964.984553594873        25409.638336759039        50192.477106751467        20463.079187550400     
      100001   10000000.000000000        1093.1993881102148        26.266266820932874        316.22776601683790        2.3300000000000001       0.84999999999999998       0.14999999999999999        1.0172115105227965E-016   4.0422286027769244E-021   1.7444993881017653E-009   1.4346093087733806E-011   1.0000000000000001E-030   1.0000000000000001E-030   1.0000000000000001E-030   1.0000000000000001E-030   24796.411398261764        23366.151492575380        46155.846513223834        18817.410189266928     
      100001   10000000.000000000        1093.2023696616195        28.566477082888710        316.22776601683790        2.3300000000000001       0.84999999999999998       0.14999999999999999        1.0172115117503659E-016   4.0422285216764237E-021   1.7444993880205435E-009   1.4346093087733837E-011   1.0000000000000001E-030   1.0000000000000001E-030   1.0000000000000001E-030   1.0000000000000001E-030   22802.460201706199        21487.214046010380        42444.264085576542        17304.256425307129     
      100001   10000000.000000000        1093.2056122881056        31.068123174506820        316.22776601683790        2.3300000000000001       0.84999999999999998       0.14999999999999999        1.0172115131189914E-016   4.0422284368189708E-021   1.7444993879172050E-009   1.4346093087733869E-011   1.0000000000000001E-030   1.0000000000000001E-030   1.0000000000000001E-030   1.0000000000000001E-030   20969.069896884026        19759.576008013220        39031.555856439976        15912.947406274820     
      100001   10000000.000000000        1093.2091388476842        33.788845393347479        316.22776601683790        2.3300000000000001       0.84999999999999998       0.14999999999999999        1.0172115146283232E-016   4.0422283485069593E-021   1.7444993877893944E-009   1.4346093087733903E-011   1.0000000000000001E-030   1.0000000000000001E-030   1.0000000000000001E-030   1.0000000000000001E-030   19283.311645839305        18171.054308477269        35893.655452925159        14633.671853766204     
      100001   10000000.000000000        1093.2129741991810        36.747828847040090        316.22776601683790        2.3300000000000001       0.84999999999999998       0.14999999999999999        1.0172115162734086E-016   4.0422282570184213E-021   1.7444993876348926E-009   1.4346093087733937E-011   1.0000000000000001E-030   1.0000000000000001E-030   1.0000000000000001E-030   1.0000000000000001E-030   17733.297670458865        16710.446885906771        33008.434388746333        13457.408515115070     
      100001   10000000.000000000        1093.2171453772839        39.965938736611179        316.22776601683790        2.3300000000000001       0.84999999999999998       0.14999999999999999        1.0172115180436183E-016   4.0422281626089902E-021   1.7444993874516568E-009   1.4346093087733967E-011   1.0000000000000001E-030   1.0000000000000001E-030   1.0000000000000001E-030   1.0000000000000001E-030   16308.097424326075        15367.453694725615        30355.546021520979        12375.862549047171     
      100001   10000000.000000000        1093.2216817828903        43.465867486949911        316.22776601683790        2.3300000000000001       0.84999999999999998       0.14999999999999999        1.0172115199216164E-016   4.0422280655137015E-021   1.7444993872378776E-009   1.4346093087733998E-011   1.0000000000000001E-030   1.0000000000000001E-030   1.0000000000000001E-030   1.0000000000000001E-030   14997.660514558229        14132.604073210119        27916.282074907540        11381.407033666441     
      100001   10000000.000000000        1093.2266153900848        47.272294761899261        316.22776601683790        2.3300000000000001       0.84999999999999998       0.14999999999999999        1.0172115218824553E-016   4.0422279659486626E-021   1.7444993869920444E-009   1.4346093087734030E-011   1.0000000000000001E-030   1.0000000000000001E-030   1.0000000000000001E-030   1.0232705172295844E-030   13792.745830107673        12997.189959877793        25673.440713838216        10467.029184314564     
      100001   10000000.000000000        1093.2319809712012        51.412061492314940        316.22776601683790        2.3300000000000001       0.84999999999999998       0.14999999999999999        1.0172115238928912E-016   4.0422278641141682E-021   1.7444993867130302E-009   1.4346093087734066E-011   1.0000000000000001E-030   1.0000000000000001E-030   1.0000000000000001E-030   1.2736056661185102E-030   12684.856376772994        11953.204487405679        23611.205242573800        9626.2809020579516     
      100001   10000000.000000000        1093.2378163415428        55.914359144247676        316.22776601683790        2.3300000000000001       0.84999999999999998       0.14999999999999999        1.0172115259110365E-016   4.0422277602261418E-021   1.7444993864001992E-009   1.4346093087734108E-011   1.0000000000000001E-030   1.0161833238899610E-030   1.0000000000000001E-030   3.2572303948632653E-030   11666.179359406658        10993.285521071009        21715.032570212872        8853.2333040930862     
      100001   10000000.000000000        1093.2441626254711        60.810935561867311        316.22776601683790        2.3300000000000001       0.84999999999999998       0.14999999999999999        1.0172115278864602E-016   4.0422276546809807E-021   1.7444993860535332E-009   1.4346093087734152E-011   1.0000000000000001E-030   1.2093091766575932E-030   1.0000000000000001E-030   1.8696537122687270E-029   10729.531088807042        10110.663743573741        19971.550657164618        8142.4349154403681     
      100001   10000000.000000000        1093.2510645457276        66.136318836625861        316.22776601683790        2.3300000000000001       0.84999999999999998       0.14999999999999999        1.0172115297608463E-016   4.0422275484829948E-021   1.7444993856737905E-009   1.4346093087734190E-011   1.0018273677972138E-030   2.7623958052891473E-030   1.0000000000000001E-030   1.2953212558794116E-028   9868.3063248034159        9299.1149201590761        18368.464219422920        7488.8732271135987     
      100001   10000000.000000000        1093.2585707380063        71.928060781269068        316.22776601683790        2.3300000000000001       0.84999999999999998       0.14999999999999999        1.0172115314692965E-016   4.0422274427570956E-021   1.7444993852626861E-009   1.4346093087734232E-011   1.0346008415262596E-030   1.5052091209254055E-029   1.0000000000000001E-030   7.8672823479324638E-028   9076.4316983242607        8552.9160074351894        16894.468025709150        6887.9393496910270     
      100001   10000000.000000000        1093.2667340929750        78.227001725545264        316.22776601683790        2.3300000000000001       0.84999999999999998       0.14999999999999999        1.0172115329423264E-016   4.0422273362245004E-021   1.7444993848230977E-009   1.4346093087734273E-011   1.2887224188341179E-030   1.0488459088699917E-028   1.0000000000000001E-030   3.6686564401156115E-027   8348.3228840031225        7866.8047963862364        15539.167176094079        6335.3955130417398     
      100001   10000000.000000000        1093.2756121281288        85.077558500813126        316.22776601683790        2.3300000000000001       0.84999999999999998       0.14999999999999999        1.0172115341085385E-016   4.0422272120333545E-021   1.7444993843592971E-009   1.4346093087734313E-011   3.2581832164714234E-030   6.4965606545735546E-028   1.0000000000000001E-030   1.4373085186620485E-026   7678.8452213224118        7235.9428050012111        14293.003799937749        5827.3451830301883     
      100001   10000000.000000000        1093.2852673920704        92.528037644265609        316.22776601683790        2.3300000000000001       0.84999999999999998       0.14999999999999999        1.0172115348978746E-016   4.0422269669388485E-021   1.7444993838771972E-009   1.4346093087734345E-011   1.8058794278297275E-029   3.0920438445381978E-027   1.0000000000000001E-030   7.0243235261484334E-026   7063.2775066131026        6655.8811588542840        13147.189656252822        5360.2055844755778     
      100001   10000000.000000000        1093.2957679040262        100.63097603132084        316.22776601683790        2.3300000000000001       0.84999999999999998       0.14999999999999999        1.0172115352452173E-016   4.0422261474658097E-021   1.7444993833846172E-009   1.4346093087734363E-011   1.2272957481058660E-028   1.2061834575668464E-026   1.0000000000000001E-030   4.9623976825800319E-025   6497.2787005881301        6122.5292190420942        12093.644161218279        4930.6824366107412     
      100001   10000000.000000000        1093.3071876316599        109.44351133814270        316.22776601683790        2.3300000000000001       0.84999999999999998       0.14999999999999999        1.0172115350938763E-016   4.0422230816596448E-021   1.7444993828915513E-009   1.4346093087734281E-011   7.5919339882114797E-028   5.5988044241844352E-026   1.0000000000000001E-030   3.9075431885019629E-024   5976.8573166454998        5632.1257362559845        11124.937405839550        4535.7467228862442     
      100001   10000000.000000000        1093.3196070104950        119.02778494659654        316.22776601683790        2.3300000000000001       0.84999999999999998       0.14999999999999999        1.0172115343978700E-016   4.0422103062260489E-021   1.7444993824104447E-009   1.4346093087733242E-011   3.6839726018969615E-027   3.8676200829578156E-025   1.0000000000000001E-030   3.0571149067602283E-023   5498.3432740813678        5181.2123275808299        10234.237761939916        4172.6133313111050     
      100001   10000000.000000000        1093.3331135085539        129.45138013271696        316.22776601683790        2.3300000000000001       0.84999999999999998       0.14999999999999999        1.0172115331204992E-016   4.0421301557715386E-021   1.7444993819564627E-009   1.4346093087722825E-011   1.4919347414413130E-026   3.0732980165974686E-024   1.0000000000000001E-030   2.3377566060856077E-022   5058.3620177341127        4766.6090889904290        9415.2637070222991        3838.7214147112363     
      100001   10000000.000000000        1093.3478022401202        140.78779862856183        316.22776601683790        2.3300000000000001       0.84999999999999998       0.14999999999999999        1.0172115312205066E-016   4.0256384963789763E-021   1.7444993815477528E-009   1.4346093087623314E-011   7.3517860821579412E-026   2.4398374426486730E-023   1.0000000000000001E-030   1.7481490985236291E-021   4653.8107215626205        4385.3921715695933        8662.2395282904836        3531.7163324150524     
      100001   10000000.000000000        1093.3637766328668        153.11697891791701        316.22776601683790        2.3300000000000001       0.84999999999999998       0.14999999999999999        1.0172115285465659E-016   3.9228810487040738E-021   1.7444993812056832E-009   1.4346093086711071E-011   5.0404066072629326E-025   1.8397378069226058E-022   1.0000000000000001E-030   1.2808105512929860E-020   4281.8364083567440        4034.8731633402558        7969.8545934726735        3249.4330460270180     
      100001   10000000.000000000        1093.3811491529561        166.52585992060216        316.22776601683790        2.3300000000000001       0.84999999999999998       0.14999999999999999        1.0172115238169518E-016   3.6916456873083573E-021   1.7444993809550512E-009   1.4346093078659205E-011   3.8071290735880504E-024   1.2768765489560945E-021   1.0162262370104651E-030   9.2109510514626144E-020   3939.8158312895948        3712.5801313012071        7333.2259012417981        2989.8808522034537     
      100001   10000000.000000000        1093.4000420931052        181.10899404018389        316.22776601683790        2.3300000000000001       0.84999999999999998       0.14999999999999999        1.0172115048905531E-016   3.4123858314455506E-021   1.7444993808242252E-009   1.4346093010009224E-011   2.8608273166176413E-023   8.1679227011095413E-021   1.1383559469543347E-030   6.5125160324305963E-019   3625.3369754450405        3416.2401899980764        6747.8636471532418        2751.2293447728616     
      100001   10000000.000000000        1093.4205884290304        196.96921389798786        316.22776601683790        2.3300000000000001       0.84999999999999998       0.14999999999999999        1.0172113602635513E-016   3.1452102838235490E-021   1.7444993808451840E-009   1.4346092442907211E-011   2.1081557482664431E-022   4.8998335315046112E-020   2.0346795887636372E-030   4.5338148422607501E-018   3336.1820488770281        3143.7634737046574        6209.6395622847085        2531.7955072117775     
      100001   10000000.000000000        1093.4429327501518        214.21835745486533        316.22776601683790        2.3300000000000001       0.84999999999999998       0.14999999999999999        1.0172101047900798E-016   2.8979629137695572E-021   1.7444993810533769E-009   1.4346087891308919E-011   1.5241498336922919E-021   2.7903399386265862E-019   8.4781041878236750E-030   3.1119764492832468E-017   3070.3118432609726        2893.2283991941677        5714.7578013148968        2330.0318444578998     
      100001   10000000.000000000        1093.4672322709143        232.97805663390125        316.22776601683790        2.3300000000000001       0.84999999999999998       0.14999999999999999        1.0171993346864937E-016   2.6703857029346940E-021   1.7444993814873194E-009   1.4346052308070481E-011   1.0828807300151357E-020   1.5136971352880949E-018   5.3492307900122329E-029   2.1086284371993549E-016   2825.8513538549269        2662.8681151796950        5259.7281747548441        2144.5154703710796     
      100001   10000000.000000000        1093.4936579296341        253.38059500500913        316.22776601683790        2.3300000000000001       0.84999999999999998       0.14999999999999999        1.0171096096833297E-016   2.4612284969285944E-021   1.7444993821878012E-009   1.4345780724106229E-011   7.5723063740770068E-020   7.8150823090658223E-018   3.4738846742973897E-028   1.4120195191282319E-015   2601.0765573686645        2451.0580428710573        4841.3415365762548        1973.9380738917177     
      100001   10000000.000000000        1093.5223955823412        275.56984057935517        316.22776601683790        2.3300000000000001       0.84999999999999998       0.14999999999999999        1.0160657103593822E-016   2.2689781665285789E-021   1.7444993831965878E-009   1.4343752814654767E-011   5.2188417604714964E-019   3.8321473902169776E-017   1.9623547456007398E-027   9.3540671584059463E-015   2394.4022545035905        2256.3044197892254        4456.6471536796489        1817.0966931421381     
      100001   10000000.000000000        1093.5536472997121        299.70226029120391        316.22776601683790        2.3300000000000001       0.84999999999999998       0.14999999999999999        9.9763314770892878E-017   2.0921823383010417E-021   1.7444993845544931E-009   1.4328906790629538E-011   3.4865919731724858E-018   1.7856917918638169E-016   8.8151292319916317E-027   6.1359591112756289E-014   2204.3708914339336        2077.2337660538610        4102.9318976200802        1672.8852324136828     
      100001   10000000.000000000        1093.5876327758585        325.94802332075642        316.22776601683790        2.3300000000000001       0.84999999999999998       0.14999999999999999        9.4315650671355233E-017   1.9295909454030017E-021   1.7444993862987492E-009   1.4099386677629576E-011   1.9879616245922588E-017   7.9175779936379874E-016   3.9630171001063267E-026   3.9915112126313743E-013   2029.6422814030693        1912.5831988648044        3777.7011118587129        1540.2866622210643     
      100001   10000000.000000000        1093.6245908584538        354.49220103805158        316.22776601683790        2.3300000000000001       0.84999999999999998       0.14999999999999999        8.7295197097440667E-017   1.7800847585267870E-021   1.7444993884596943E-009   1.3355390330900898E-011   9.5724026175989225E-017   3.3297241789877302E-015   2.3889092673241157E-025   2.1452076657631283E-012   1868.9841539556035        1761.1915268789085        3478.6610196226998        1418.3658474218205     
      100001   10000000.000000000        1093.6647812104518        385.53607202931107        316.22776601683790        2.3300000000000001       0.84999999999999998       0.14999999999999999        8.0527388714463641E-017   1.6425889506508373E-021   1.7444993910569190E-009   1.2262905822067538E-011   4.0744382586054294E-016   1.3055405493833494E-014   1.6791369880688437E-024   8.5167295028989311E-012   1721.2634651621772        1621.9910616834002        3203.7025483200396        1306.2629528277528     
      100001   10000000.000000000        1093.7084861144888        419.29854140806611        316.22776601683790        2.3300000000000001       0.84999999999999998       0.14999999999999999        7.4256569256986408E-017   1.5161157762190740E-021   1.7444993940952013E-009   1.1142580385171157E-011   1.5753121685588177E-015   4.7566744897363263E-014   1.1975158927280325E-023   2.7390510333462473E-011   1585.4384075602522        1494.0000886236141        2950.8864564451624        1203.1873798074885     
      100001   10000000.000000000        1093.7560124319471        456.01768441933399        316.22776601683790        2.3300000000000001       0.84999999999999998       0.14999999999999999        6.8483580162481682E-017   1.3998485300902797E-021   1.7444993975607525E-009   1.0108854737071972E-011   5.6325977571003481E-015   1.6106039491667277E-013   8.4267380443603322E-023   7.8603248521184215E-011   1460.5510634679079        1376.3159438921919        2718.4296580950936        1108.4121911234140     
      100001   10000000.000000000        1093.8076937296155        495.95242522150778        316.22776601683790        2.3300000000000001       0.84999999999999998       0.14999999999999999        6.3176240597779279E-017   1.2929947366180846E-021   1.7444994014183570E-009   9.1704137043508444E-012   1.8702528985931329E-014   5.0746371266253116E-013   5.8419966974426604E-022   2.0837377609924878E-010   1345.7206498647843        1268.1086490621713        2504.6926486616339        1021.2689846892441     
      100001   10000000.000000000        1093.8638925879086        539.38436268386613        316.22776601683790        2.3300000000000001       0.84999999999999998       0.14999999999999999        5.8295951198569814E-017   1.1947813829704359E-021   1.7444994056094868E-009   8.3208487405519096E-012   5.7805473416175709E-014   1.4910430882701539E-012   3.9949005803394346E-021   5.1653557176635432E-010   1240.1373072055665        1168.6150581770823        2308.1679430296781        941.14318009995577     
      100001   10000000.000000000        1093.9250031056922        586.61975607426393        316.22776601683790        2.3300000000000001       0.84999999999999998       0.14999999999999999        5.3808187074317910E-017   1.1045045338291349E-021   1.7444994100484324E-009   7.5522399522741131E-012   1.6672949432846501E-013   4.0961262361069140E-012   2.6978435675445269E-020   1.2043619101240849E-009   1143.0563883670834        1077.1334761255703        2127.4694447517600        867.46968469654576     
      100001   10000000.000000000        1093.9914536179413        637.99168463903061        316.22776601683790        2.3300000000000001       0.84999999999999998       0.14999999999999999        4.9682566080823634E-017   1.0215262035661009E-021   1.7444994145973338E-009   6.8569054564201509E-012   4.5001105710127040E-013   1.0551007708876971E-011   1.8012237031527203E-019   2.6519836160998026E-009   1053.7932074568218        993.01871035135980        1961.3226712337391        799.72890860440521     
      100001   10000000.000000000        1094.0637096436785        693.86239630330283        316.22776601683790        2.3300000000000001       0.84999999999999998       0.14999999999999999        4.5890046623988524E-017   9.4526583554815786E-022   1.7444994189014643E-009   6.2278444903403621E-012   1.1399080450221820E-012   2.5559792330073340E-011   1.1901185567181688E-018   5.5339536588580739E-009   971.71821145336548        915.67752100504299        1808.5557660027926        737.44310064488275     
      100001   10000000.000000000        1094.1422770829815        754.62586205360674        316.22776601683790        2.3300000000000001       0.84999999999999998       0.14999999999999999        4.2403803532028446E-017   8.7518945060523188E-022   1.7444994212936172E-009   5.6587210766976434E-012   2.7181339874034833E-012   5.8411998866681329E-011   7.7889374142781382E-018   1.0978342703040381E-008   896.25254063091006        844.56443745382853        1668.0912346790208        680.17297928226390     
      100001   10000000.000000000        1094.2277056832188        820.71055401484307        316.22776601683790        2.3300000000000001       0.84999999999999998       0.14999999999999999        3.9199308387369932E-017   8.1080309024873450E-022   1.7444994113157352E-009   5.1438061631433186E-012   6.1202449628153370E-012   1.2632106397268446E-010   5.0534869626637172E-017   2.0768209913019208E-008   826.86394646161239        779.17791164883022        1538.9383463754129        627.51463484892042     
      100001   10000000.000000000        1094.3205927961687        892.58246681121705        316.22776601683790        2.3300000000000001       0.84999999999999998       0.14999999999999999        3.6253990008868263E-017   7.5165105253541918E-022   1.7444993182220512E-009   4.6779201368964292E-012   1.3052957880530706E-011   2.5930868043186512E-010   3.2528021456087781E-016   3.7574885068763852E-008   763.06303821024653        719.05678122481538        1420.1861469431167        579.09668120425295     
      100001   10000000.000000000        1094.4215874492113        970.74840351619173        316.22776601683790        2.3300000000000001       0.84999999999999998       0.14999999999999999        3.3547067769369309E-017   6.9731474032151457E-022   1.7444986581479399E-009   4.2563802791199462E-012   2.6449849001058801E-011   5.0680662114315272E-010   2.0786355682516359E-015   6.5201896779572686E-008   704.39983175348277        663.77701739145095        1310.9970347935257        534.57763674199566     
      100001   10000000.000000000        1094.5313947554157        1055.7595493622257        316.22776601683790        2.3300000000000001       0.84999999999999998       0.14999999999999999        3.1059421452098231E-017   6.4741034476029381E-022   1.7444941416634452E-009   3.8749532112099775E-012   5.1076148176013894E-011   9.4587946404974054E-010   1.3195583678111838E-014   1.0880912995697613E-007   650.46057628729704        612.94873468335754        1210.6008539958505        493.64351627773419     
      100001   10000000.000000000        1094.6507806890431        1148.2153584102582        316.22776601683790        2.3300000000000001       0.84999999999999998       0.14999999999999999        2.8773487221476071E-017   6.0158596029669265E-022   1.7444636335184647E-009   3.5298119043651680E-012   9.4268369406848445E-011   1.6906072388121105E-009   8.3264681175295722E-014   1.7508162223917207E-007   600.86483654554161        566.21344148277205        1118.2894629963876        456.00561683549938     
      100001   10000000.000000000        1094.7805772547449        1248.7677805856742        316.22776601683790        2.3300000000000001       0.84999999999999998       0.14999999999999999        2.6673158184252516E-017   5.5951881508687421E-022   1.7442597525894524E-009   3.2174968181917322E-012   1.6676238891603905E-010   2.9017746916094668E-009   5.2252453467522372E-013   2.7230833792354436E-007   555.26280995452248        523.24151192649265        1033.4117406597284        421.39848171964491     
      100001   10000000.000000000        1094.9216880805568        1358.1258588876030        316.22776601683790        2.3300000000000001       0.84999999999999998       0.14999999999999999        2.4743661613150345E-017   5.2091284210183257E-022   1.7429104487766471E-009   2.9348807732902695E-012   2.8353072613069590E-010   4.7956893236459990E-009   3.2627146034698782E-012   4.1034389063630421E-007   513.33285980509118        483.72986136989044        955.36899441595267        389.57802851539441     
      100001   10000000.000000000        1095.0750944666568        1477.0607291886670        316.22776601683790        2.3300000000000001       0.84999999999999998       0.14999999999999999        2.2971430529889819E-017   4.8549656713721216E-022   1.7305144432133576E-009   2.6791372012202419E-012   4.6452449074941122E-010   7.6507893114984979E-009   2.0298648740984821E-011   6.0043944691911222E-007   474.77924704706004        447.39980901619793        883.61073813342364        360.31982781742727     
      100001   10000000.000000000        1095.2418619237469        1606.4110578811351        316.22776601683790        2.3300000000000001       0.84999999999999998       0.14999999999999999        2.1343997097596891E-017   4.5302123174797005E-022   1.6803554494968504E-009   2.4477114498598098E-012   7.3520542609397219E-010   1.1810769553159708E-008   1.0104276053461997E-010   8.5494547112219768E-007   439.33004471137889        413.99511263912495        817.63080994400548        333.41752054876264     
      100001   10000000.000000000        1095.4231472368297        1747.0889557129149        316.22776601683790        2.3300000000000001       0.84999999999999998       0.14999999999999999        1.9849907575630517E-017   4.2325909166453257E-022   1.5837760899463574E-009   2.2382948534010647E-012   1.1267632929367692E-009   1.7683260722963373E-008   3.3231022222496542E-010   1.1869054230150673E-006   406.73522025335063        383.28016154040358        756.96380264480126        308.68136270949822     
      100001   10000000.000000000        1095.6202060920441        1900.0864095146821        316.22776601683790        2.3300000000000001       0.84999999999999998       0.14999999999999999        1.8478647637834973E-017   3.9600185910473624E-022   1.4721083661542694E-009   2.0488013044817763E-012   1.6759433910286825E-009   2.5733595185982701E-008   8.1745673318290425E-010   1.6095730052774107E-006   376.76487229430381        355.03831499969851        701.18178150472647        285.93688729356342     
      100001   10000000.000000000        1095.8344013060751        2066.4822771712666        316.22776601683790        2.3300000000000001       0.84999999999999998       0.14999999999999999        1.7220572792945091E-017   3.7105925821644663E-022   1.3659603898833547E-009   1.8773460915798552E-012   2.4244534298742074E-009   3.6473792582322108E-008   1.7174019229366483E-009   2.1358939427372105E-006   349.20760932795366        329.07037450033192        649.89126633102558        265.02367393791332     
      100001   10000000.000000000        1096.0672116994228        2247.4498951622236        316.22776601683790        2.3300000000000001       0.84999999999999998       0.14999999999999999        1.6066843334274139E-017   3.4825761355776728E-022   1.2679430199332263E-009   1.7222267880635152E-012   3.4179699830986726E-009   5.0447485233059912E-008   3.3002824341080101E-009   2.7779956449408399E-006   323.86905895877493        305.19317895761100        602.73045651432722        245.79421762828150     
      100001   10000000.000000000        1096.3202416564613        2444.2653523159543        316.22776601683790        2.3300000000000001       0.84999999999999998       0.14999999999999999        1.5009364102409656E-017   3.2743819740435777E-022   1.1778371807882812E-009   1.5819060004453113E-012   4.7048130377918777E-009   6.8211977083064840E-008   5.9721661227499944E-009   3.5467247689550893E-006   300.57049716024790        283.23831304398914        559.36667948438060        228.11288848417482     
      100001   10000000.000000000        1096.5952314166823        2658.3164881195166        316.22776601683790        2.3300000000000001       0.84999999999999998       0.14999999999999999        1.4040729017199873E-017   3.0845384894818072E-022   1.0950549307921500E-009   1.4549958026584454E-012   6.3343945562753543E-009   9.0318919416990522E-008   1.0311445370956552E-008   4.4512649109431323E-006   279.14758788722003        263.05091950285015        519.49404458411584        211.85497528808557     
      100001   10000000.000000000        1096.8940681427282        2891.1126790356084        316.22776601683790        2.3300000000000001       0.84999999999999998       0.14999999999999999        1.3154169680508084E-017   2.9117189111149165E-022   1.0190548698496424E-009   1.3402437007670548E-012   8.3555682917589834E-009   1.1729516451571287E-007   1.7109246244255940E-008   5.4988561739230966E-006   259.44922415485212        244.48860707604078        482.83128581831505        196.90580601446413     
      100001   10000000.000000000        1097.2187978117224        3144.2954818345379        316.22776601683790        2.3300000000000001       0.84999999999999998       0.14999999999999999        1.2343505627755135E-017   2.7548021633117924E-022   9.4931618569543064E-010   1.2365199886360484E-012   1.0815011727791467E-008   1.4962523854460874E-007   2.7407718690321670E-008   6.6946270223169557E-006   241.33646241223465        227.42044634461465        449.11977826526834        183.15993915705383     
      100001   10000000.000000000        1097.5716379768667        3419.6502089925411        316.22776601683790        2.3300000000000001       0.84999999999999998       0.14999999999999999        1.1603087817131370E-017   2.6127712842447544E-022   8.8534487077962832E-010   1.1428063699111279E-012   1.3755758637413827E-008   1.8773660193488600E-007   4.2531879370273509E-008   8.0415382173995184E-006   224.68154269668926        211.72604640222869        418.12171416449763        170.52042015246732     
      100001   10000000.000000000        1097.9549914462352        3719.1185177799598        316.22776601683790        2.3300000000000001       0.84999999999999998       0.14999999999999999        1.0927690509870581E-017   2.4846924782262681E-022   8.2669108271760762E-010   1.0581857353980726E-012   1.7215976417010350E-008   2.3198850014192965E-007   6.4111990422905421E-008   9.5404298508291019E-006   209.36698765979907        197.29470585076228        389.61842581987202        158.89809765702427     
      100001   10000000.000000000        1098.3714609249862        4044.8121018110778        316.22776601683790        2.3300000000000001       0.84999999999999998       0.14999999999999999        1.0312578043179650E-017   2.3697431648858378E-022   7.7294340540242212E-010   9.8183299780905623E-013   2.1228051185652962E-008   2.8266481251040591E-007   9.4093978899513290E-008   1.1190156162016518E-005   195.28477411248406        184.02463213191342        363.40884349291156        148.21099485600175     
      100001   10000000.000000000        1098.8238646657280        4399.0275816010808        316.22776601683790        2.3300000000000001       0.84999999999999998       0.14999999999999999        9.7536976649830365E-018   2.2672127008222356E-022   7.2372554510871733E-010   9.1300689813725307E-013   2.5818010757423509E-008   3.3997093541623056E-007   1.3473657848165753E-007   1.2987789080924582E-005   182.33557124797701        171.82222369056103        339.30807741329141        138.38373137264165     
      100001   10000000.000000000        1099.3152531693113        4784.2626991306734        316.22776601683790        2.3300000000000001       0.84999999999999998       0.14999999999999999        9.2474097053006251E-018   2.1765020442646318E-022   6.7869360082551981E-010   8.5104270995365962E-013   3.1005285221641795E-008   4.0403442583475183E-007   1.8859532607186777E-007   1.4928870069477656E-005   170.42804017188715        160.60140990887984        317.14611390906009        129.34699170117679     
      100001   10000000.000000000        1099.8489269747222        5203.2339306138792        316.22776601683790        2.3300000000000001       0.84999999999999998       0.14999999999999999        8.7903757863543187E-018   2.0971250704727924E-022   6.3753325913043250E-010   7.9534578004507606E-013   3.6802779917258372E-008   4.7490890381063885E-007   2.5849489470385230E-007   1.7007690409078979E-005   159.47818980105413        150.28304415776518        296.76661646419279        121.03703641635904     
      100001   10000000.000000000        1100.4284555717907        5658.8956416651308        316.22776601683790        2.3300000000000001       0.84999999999999998       0.14999999999999999        8.3796284799900505E-018   2.0287120542498704E-022   5.9995554696055864E-010   7.4538585635513580E-013   4.3217217574206099E-008   5.5258057233736036E-007   3.4749232725572223E-007   1.9217582066916285E-005   149.40878459059738        140.79434568688396        278.02582325141356        113.39525271377663     
      100001   10000000.000000000        1101.0576974638673        6154.4609199376109        316.22776601683790        2.3300000000000001       0.84999999999999998       0.14999999999999999        8.0125852715015903E-018   1.9710158940628910E-022   5.6569512571627225E-010   7.0069216740197303E-013   5.0249695598462535E-008   6.3697665445380543E-007   4.5883443909456545E-007   2.1551204135687298E-005   140.14879991430186        132.06838641930881        260.79153336901646        106.36774111278994     
      100001   10000000.000000000        1101.7408213992080        6693.4242321340962        316.22776601683790        2.3300000000000001       0.84999999999999998       0.14999999999999999        7.6870462566507493E-018   1.9239217133382192E-022   5.3451745422724835E-010   6.6084923144347809E-013   5.7896400265405452E-008   7.2797505599963090E-007   5.9591294252392738E-007   2.4000813108322617E-005   131.63292125978424        124.04361903359610        244.94217463643588        99.904935409127972     
      100001   10000000.000000000        1102.4823287792549        7279.5860651551784        316.22776601683790        2.3300000000000001       0.84999999999999998       0.14999999999999999        7.4011956407812159E-018   1.8874603241264906E-022   5.0621801395415314E-010   6.2549338900897507E-013   6.6149420760439784E-008   8.2541462102512169E-007   7.6222076274715634E-007   2.6558508546226620E-005   123.80108370920526        116.66344300764625        230.36594637909965        93.961253198917049     
      100001   10000000.000000000        1103.2870772389979        7917.0797251417562        316.22776601683790        2.3300000000000001       0.84999999999999998       0.14999999999999999        7.1536097439849276E-018   1.8618244629493430E-022   4.8060990570210858E-010   5.9431006980021015E-013   7.4997611124830355E-008   9.2910543760778696E-007   9.6131259022667189E-007   2.9216448758611403E-005   116.59804846072974        109.87580556671705        216.96003116257077        88.494774511766536     
      100001   10000000.000000000        1104.1603053788381        8610.4004833844119        316.22776601683790        2.3300000000000001       0.84999999999999998       0.14999999999999999        6.9432732803778797E-018   1.8473761104284863E-022   4.5752343466408473E-010   5.6703182575845535E-013   8.4427455788683999E-008   1.0388387589189121E-006   1.1967720561012126E-006   3.1967033764602822E-005   109.97301340758204        103.63283472451010        204.62986992301833        83.466946289087062     
      100001   10000000.000000000        1105.1076586085028        9364.4372746213958        316.22776601683790        2.3300000000000001       0.84999999999999998       0.14999999999999999        6.7696058590132629E-018   1.8446933472551084E-022   4.3680882116664993E-010   5.4343718802211187E-013   9.4423903229260073E-008   1.1543962149780318E-006   1.4721872110424278E-006   3.4803054976876742E-005   103.87925503219319        97.890501833020735        193.28849538902148        78.842310626440039     
      100001   10000000.000000000        1106.1352160412600        10184.507171244810        316.22776601683790        2.3300000000000001       0.84999999999999998       0.14999999999999999        6.6325006526005797E-018   1.8546749566978982E-022   4.1833601353194503E-010   5.2335043708275790E-013   1.0497114136199549E-007   1.2755580952403224E-006   1.7911352579416082E-006   3.7717812708721364E-005   98.273799094318647        92.608311265453608        182.85591910179818        74.588254866715630     
      100001   10000000.000000000        1107.2495183506157        11076.392876509570        316.22776601683790        2.3300000000000001       0.84999999999999998       0.14999999999999999        6.5323753423704083E-018   1.8785663211395095E-022   4.0199445824514780E-010   5.0664240424246681E-013   1.1605329681457671E-007   1.4021105748859570E-006   2.1571768165144493E-006   4.0705203793996677E-005   93.117117795674957        87.749015048426884        173.25856772007205        70.674781785494602     
      100001   10000000.000000000        1108.4575964715577        12046.383501126886        316.22776601683790        2.3300000000000001       0.84999999999999998       0.14999999999999999        6.4702216396044131E-018   1.9180090245522312E-022   3.8769312462625953E-010   4.9323239019920744E-013   1.2765504777639005E-007   1.5338518351545944E-006   2.5738594529919145E-006   4.3759782377677691E-005   88.372851291059746        83.278350436294559        164.42876464465479        67.074298252175254     
      100001   10000000.000000000        1109.7670009939784        13101.318910778036        316.22776601683790        2.3300000000000001       0.84999999999999998       0.14999999999999999        6.4476473710838965E-018   1.9751702284773701E-022   3.7536085165645890E-010   4.8309085434630522E-013   1.3976214640675931E-007   1.6705970892388250E-006   3.0447298032242580E-006   4.6876797353430423E-005   84.007551588381332        79.164798582929734        156.30425331884612        63.761420881321015     
      100001   10000000.000000000        1111.1858320569968        14248.637957263581        316.22776601683790        2.3300000000000001       0.84999999999999998       0.14999999999999999        6.4671252578365092E-018   2.0529084670845023E-022   3.6494708975042506E-010   4.7623958349786085E-013   1.5236185175028769E-007   1.8121825706479271E-006   3.5733533549066390E-006   5.0052210067262069E-005   79.990447038776821        75.379362615906913        148.82775885626066        60.712797309158113     
      100001   10000000.000000000        1112.7227695094357        15496.430933388809        316.22776601683790        2.3300000000000001       0.84999999999999998       0.14999999999999999        6.5323359916670424E-018   2.1549879170929534E-022   3.5642312043299895E-010   4.7276375430844256E-013   1.6544327779527474E-007   1.9584685721243172E-006   4.1633408227651135E-006   5.3282695842310796E-005   76.293225764146371        71.895363555740857        141.94658491973243        57.906941841061233     
      100001   10000000.000000000        1114.3871030537475        16853.496621469865        316.22776601683790        2.3300000000000001       0.84999999999999998       0.14999999999999999        6.6481479968766067E-018   2.2863737954950489E-022   3.4978384435795763E-010   4.7283873461415366E-013   1.7899766384958926E-007   2.1093416422355128E-006   4.8183800283884191E-006   5.6565632671168091E-005   72.889836504006794        68.688252649652483        135.61224302544611        55.324084317990952     
      100001   10000000.000000000        1116.1887620385178        18329.404337736843        316.22776601683790        2.3300000000000001       0.84999999999999998       0.14999999999999999        6.8209062250924427E-018   2.4536452635766117E-022   3.4505019089767070E-010   4.7673036742061013E-013   1.9301857596789514E-007   2.2647160559694775E-006   5.5422722591080574E-006   5.9899080120745389E-005   69.756305487517409        65.735438806132706        129.78011167716076        52.946031143909813     
      100001   10000000.000000000        1118.1383445087483        19934.561410138173        316.22776601683790        2.3300000000000001       0.84999999999999998       0.14999999999999999        7.0589337268545964E-018   2.6655766336466786E-022   3.4227186704970841E-010   4.8480887627657434E-013   2.0750204892974745E-007   2.4245346772764747E-006   6.3389722031858787E-006   6.3281751142111421E-005   66.870568050714539        63.016129924172517        124.40912294792658        50.756037502855769     
      100001   10000000.000000000        1120.2471450642558        21680.286565364473        316.22776601683790        2.3300000000000001       0.84999999999999998       0.14999999999999999        7.3731078901534936E-018   2.9339511014491895E-022   3.4152794198945538E-010   4.9758140217225917E-013   2.2244667842047600E-007   2.5887693275735407E-006   7.2126307205983126E-006   6.6712979106067999E-005   64.212313824192194        60.511187010160882        119.46147432250734        48.738689874187756     
      100001   10000000.000000000        1122.5271810158119        23578.889742579249        316.22776601683790        2.3300000000000001       0.84999999999999998       0.14999999999999999        7.7776325676269604E-018   3.2747467224205087E-022   3.4293617892427731E-010   5.1573126864870480E-013   2.3785367277002048E-007   2.7574207665186800E-006   8.1676398740577735E-006   7.0192682017535459E-005   61.762844413403812        58.202990066799728        114.90236379415030        46.879798028082938     
      100001   10000000.000000000        1124.9912162675985        25643.758896660285        316.22776601683790        2.3300000000000001       0.84999999999999998       0.14999999999999999        8.2910964567103225E-018   3.7099504592583911E-022   3.4667324477010090E-010   5.4016955654945903E-013   2.5372687300035885E-007   2.9305183813197996E-006   9.2086798335953706E-006   7.3721325513937644E-005   59.504942583082716        56.075314822554589        110.69974637559288        45.166295751152745     
      100001   10000000.000000000        1127.6527822951371        27889.454403043019        316.22776601683790        2.3300000000000001       0.84999999999999998       0.14999999999999999        8.9379367684459848E-018   4.2701964231600031E-022   3.5297207949288259E-010   5.7210602595955587E-013   2.7007274913605398E-007   3.1081196696068466E-006   1.0340767480129026E-005   7.7299885934660505E-005   57.422752039556151        54.113219447693361        106.82411033733329        43.586149614485123     
      100001   10000000.000000000        1130.5261955324652        30331.811729859663        316.22776601683790        2.3300000000000001       0.84999999999999998       0.14999999999999999        9.7504768692687993E-018   4.9986301225123523E-022   3.6213169308850660E-010   6.1314766296670327E-013   2.8690037983637267E-007   3.2903095893219852E-006   1.1569306633513098E-005   8.0929814465679074E-005   55.501666980488594        52.302940474356063        103.24827162718974        42.128275153916547     
      100001   10000000.000000000        1133.6265704338991        32988.053101364101        316.22776601683790        2.3300000000000001       0.84999999999999998       0.14999999999999999        1.0771758912588135E-017   5.9569121722277525E-022   3.7453846646381450E-010   6.6543653460812878E-013   3.0422142148043071E-007   3.4771998377849692E-006   1.2900140004220924E-005   8.4613003117531106E-005   53.728230651279702        50.631797203770532        99.947185054873557        40.782459885226615     
      100001   10000000.000000000        1136.9698274376385        35876.908940033594        316.22776601683790        2.3300000000000001       0.84999999999999998       0.14999999999999999        1.2059535926330011E-017   7.2345554407301878E-022   3.9068985163802268E-010   7.3184284160383948E-013   3.2205007192865002E-007   3.6689281114815015E-006   1.4339603107960088E-005   8.8351753085541486E-005   52.090042211361649        49.088103944055625        96.897770944442655        39.539292625534188     
      100001   10000000.000000000        1140.5726950345397        39018.749943694966        316.22776601683790        2.3300000000000001       0.84999999999999998       0.14999999999999999        1.3692276776099655E-017   8.9636241745317432E-022   4.1122463181273705E-010   8.1623449881311105E-013   3.4040303332802605E-007   3.8656573884528188E-006   1.5894580481986654E-005   9.2148745866518558E-005   50.575671272321131        47.661089477351062        94.078756066705139        38.390098636708984     
      100001   10000000.000000000        1144.4527051397749        42435.730729013565        316.22776601683790        2.3300000000000001       0.84999999999999998       0.14999999999999999        1.5777972186337573E-017   1.1342303328283560E-021   4.3696313273396840E-010   9.2388368757232903E-013   3.5929947754607802E-007   4.0675752665650587E-006   1.7572564637786732E-005   9.6007017363042581E-005   49.174579523405185        46.340823205554145        91.470527763453489        37.326880147317652     
      100001   10000000.000000000        1148.6281809821307        46151.946054241162        316.22776601683790        2.3300000000000001       0.84999999999999998       0.14999999999999999        1.8466419351327075E-017   1.4673352105352482E-021   4.6896111052283831E-010   1.0620772972102263E-012   3.7876101712008468E-007   4.2748933834474136E-006   1.9381718267777174E-005   9.9929935091504877E-005   47.877048908785532        45.118147469944148        89.055000266250843        36.342261846671740     
      100001   10000000.000000000        1153.1182167697198        50193.600722828931        316.22776601683790        2.3300000000000001       0.84999999999999998       0.14999999999999999        2.1967939884492525E-017   1.9427916440675691E-021   5.0858239952108513E-010   1.2409556254164993E-012   3.9881168399794772E-007   4.4878469374876631E-006   2.1330940295188033E-005   1.0392117851964883E-004   46.674115865147037        43.984615581618485        86.815492294729481        35.429440978083342     
      100001   10000000.000000000        1157.9426484658682        54589.194365971067        316.22776601683790        2.3300000000000001       0.84999999999999998       0.14999999999999999        2.6581741851181817E-017   2.6353399961648418E-021   5.5759743303102628E-010   1.4747984445083235E-012   4.1947791782389996E-007   4.7066943238992703E-006   2.3429936419611607E-005   1.0798472248965969E-004   45.557511167899264        42.932435137105976        84.736615093304124        34.582141688588884     
      100001   10000000.000000000        1163.1220151183127        59369.722407071960        316.22776601683790        2.3300000000000001       0.84999999999999998       0.14999999999999999        3.2739131413849595E-017   3.6660092613804347E-021   6.1831747868247048E-010   1.7839819933581904E-012   4.4078856508179548E-007   4.9317168954428192E-006   2.5689294868524797E-005   1.1212482363099554E-004   44.519604969707935        41.954416226880639        82.804170131087446        33.794573319266128     
      100001   10000000.000000000        1168.6775103309481        64568.894625233588        316.22776601683790        2.3300000000000001       0.84999999999999998       0.14999999999999999        4.1070356798921452E-017   5.2350051028426334E-021   6.9377705574477488E-010   2.1979673942520906E-012   4.6277489004466464E-007   5.1632188537976658E-006   2.8120568120724210E-005   1.1634600962984843E-004   43.553356646253469        41.043924173907222        81.005055747885805        33.061392343952875     
      100001   10000000.000000000        1174.6309236511299        70223.372858955801        316.22776601683790        2.3300000000000001       0.84999999999999998       0.14999999999999999        5.2509398371030302E-017   7.6806316231204056E-021   7.8798482782352073E-010   2.7599358263770094E-012   4.8547059818453176E-007   5.4015272747422968E-006   3.0736361418239857E-005   1.2065307119680210E-004   42.652269091269062        40.194836464931193        79.327182079697678        32.377667684775439     
      100001   10000000.000000000        1181.0045718660986        76373.029526213533        316.22776601683790        2.3300000000000001       0.84999999999999998       0.14999999999999999        6.8460451085404123E-017   1.1587438772915194E-020   9.0628741740728174E-010   3.5340744638082769E-012   5.0891187246378927E-007   5.6469922681182846E-006   3.3550428919356693E-005   1.2505105655868140E-004   41.810347126169390        39.401503559139975        77.759393640450952        31.738849150540354     
      100001   10000000.000000000        1187.8212204562610        83061.228783857878        316.22776601683790        2.3300000000000001       0.84999999999999998       0.14999999999999999        9.1065978907289845E-017   1.7988848922374289E-020   1.0558840891865759E-009   4.6171820763103109E-012   5.3313742275186873E-007   5.8999872719396877E-006   3.6577778414030823E-005   1.2954526829276941E-004   41.022059709161312        38.658713277272668        76.291398973202519        31.140738758897086     
      100001   10000000.000000000        1195.1039957353105        90335.132308930857        316.22776601683790        2.3300000000000001       0.84999999999999998       0.14999999999999999        1.2364397815641579E-016   2.8754999359851394E-020   1.2465170309060134E-009   6.1574022579521284E-012   5.5818854848201159E-007   6.1609094788901787E-006   3.9834785606948512E-005   1.3414126231977596E-004   40.282305644914736        37.961658489505908        74.913706814205966        30.579464715454641     
      100001   10000000.000000000        1202.8762885091633        98246.031858102593        316.22776601683790        2.3300000000000001       0.84999999999999998       0.14999999999999999        1.7141038618150263E-016   4.7351496603958555E-020   1.4914790117155381E-009   8.3848542795041287E-012   5.8410921457722851E-007   6.4301803927606439E-006   4.3339318936766069E-005   1.3884484887460768E-004   39.586382509029121        37.305907832839061        73.617568237813032        30.051457833009071     
      100001   10000000.000000000        1211.1616503966668        106849.71095026600        316.22776601683790        2.3300000000000001       0.84999999999999998       0.14999999999999999        2.4269267834566985E-016   8.0356759585918170E-020   1.8090634500766331E-009   1.1662358740043303E-011   6.1094614062702580E-007   6.7082465120651527E-006   4.7110875992183178E-005   1.4366209527941380E-004   38.929958512115569        36.687379198672652        72.394924269958864        29.553430182059554     
      100001   10000000.000000000        1219.9836842618370        116206.83822268601        316.22776601683790        2.3300000000000001       0.84999999999999998       0.14999999999999999        3.5099793288023703E-016   1.4056388491217923E-019   2.2246529951256772E-009   1.6570821402233762E-011   6.3874890328320246E-007   6.9955801380866254E-006   5.1170732609453442E-005   1.4859933034928603E-004   38.309047036879406        36.102315739340121        71.238358474020018        29.082355770274706     
      100001   10000000.000000000        1229.3659304951509        126383.39523444363        316.22776601683790        2.3300000000000001       0.84999999999999998       0.14999999999999999        5.1856492402181128E-016   2.5346223162943314E-019   2.7737540067010881E-009   2.4054957998911831E-011   6.6757005186043445E-007   7.2926803049079501E-006   5.5542105722774432E-005   1.5366315026474404E-004   37.719983588770262        35.547264149117545        70.141054026307387        28.635453054006465     
      100001   10000000.000000000        1239.3317511343253        137451.14173382093        316.22776601683790        2.3300000000000001       0.84999999999999998       0.14999999999999999        7.8257067898895099E-016   4.7107746145643398E-019   3.5064339439658691E-009   3.5674002129545429E-011   6.9746523717226998E-007   7.6000738295451895E-006   6.0250330992484940E-005   1.5886042574295522E-004   37.159404907272034        35.019054981360270        69.096754810675677        28.210169089867758     
      100001   10000000.000000000        1249.9042140172987        149488.12167044831        316.22776601683790        2.3300000000000001       0.84999999999999998       0.14999999999999999        1.2061070124191372E-015   9.0216735868073704E-019   4.4938492529054474E-009   5.4040236886330575E-011   7.2849335370293678E-007   7.9183164810886496E-006   6.5323056111217206E-005   1.6419831031923841E-004   36.624229991465540        34.514784769593447        68.099730074052786        27.804165139353053     
      100001   10000000.000000000        1261.1059792972862        162579.21352035040        316.22776601683790        2.3300000000000001       0.84999999999999998       0.14999999999999999        1.8978326502921296E-015   1.7795227955508283E-018   5.8379029030987927E-009   8.3595092144444034E-011   7.6071669530677064E-007   8.2479942687460933E-006   7.0790450437651416E-005   1.6968424950106271E-004   36.111642800841288        34.031799727300005        67.144742198468933        27.415303545037943     
      100001   10000000.000000000        1272.9591907097326        176816.72880448613        316.22776601683790        2.3300000000000001       0.84999999999999998       0.14999999999999999        3.0475835489631854E-015   3.6130586595492196E-018   7.6856073083430039E-009   1.3199903088210425E-010   7.9420112473712111E-007   8.5897248498441335E-006   7.6685431156134289E-005   1.7532599044586841E-004   35.619076401129540        33.567680809427998        66.227017161618662        27.041635703550405     
      100001   10000000.000000000        1285.4853739553596        192301.06302123182        316.22776601683790        2.3300000000000001       0.84999999999999998       0.14999999999999999        4.9916420572472214E-015   7.5449940099148331E-018   1.0250548693777160E-008   2.1264953574695886E-010   8.2901625743101401E-007   8.9441590601499689E-006   8.3043905390700086E-005   1.8113159158647787E-004   35.144198335699855        33.120229928799340        65.342217278139444        26.681390968679615     
      100001   10000000.000000000        1298.7053444483759        209141.40358283502        316.22776601683790        2.3300000000000001       0.84999999999999998       0.14999999999999999        8.3336665983508265E-015   1.6189820222777558E-017   1.3845104537037241E-008   3.4929286567522591E-010   8.6523566010888054E-007   9.3119825702962879E-006   8.9905026432258360E-005   1.8710943117649292E-004   34.684897016255235        32.687457133013133        64.486415838363243        26.332966327976763     
      100001   10000000.000000000        1312.6391264757208        227456.49974784054        316.22776601683790        2.3300000000000001       0.84999999999999998       0.14999999999999999        1.4171023809322414E-014   3.5657059078924191E-017   1.8928988490039473E-008   5.8455760727889425E-010   9.0293706488145706E-007   9.6939176735965802E-006   9.7311460187724547E-005   1.9326821284514124E-004   34.239268942298409        32.267568562278690        63.656073290642588        25.994916708152861     
      100001   10000000.000000000        1327.3058855286606        247375.49997864486        316.22776601683790        2.3300000000000001       0.84999999999999998       0.14999999999999999        2.4522364515583827E-014   8.0506369843847918E-017   2.6182641470059963E-008   9.9589606809421176E-010   9.4220259967371588E-007   1.0090725212090407E-005   1.0530965469949540E-004   1.9961696453284875E-004   33.805606577158869        31.858955025869520        62.848014647433445        25.665945778474864     
      100001   10000000.000000000        1342.7238752141163        269038.86262878962        316.22776601683790        2.3300000000000001       0.84999999999999998       0.14999999999999999        4.3142274164001671E-014   1.8608144916679283E-016   3.6618492658970909E-008   1.7256250077907200E-009   9.8311903585214656E-007   1.0503206649225520E-005   1.1395010045497530E-004   2.0616502383718663E-004   33.382386729002931        31.460181054333592        62.059407833687828        25.344897137025452     
      100001   10000000.000000000        1358.9103997460932        292599.34638167988        316.22776601683790        2.3300000000000001       0.84999999999999998       0.14999999999999999        7.7085256227117067E-014   4.3966703440440750E-016   5.1749997368124773E-008   3.0379830373953180E-009   1.0257780539281587E-006   1.0932206299124698E-005   1.2328756120715087E-004   2.1292199629019149E-004   32.968259307779235        31.069974305829128        61.287742737984367        25.030745781798956     
      100001   10000000.000000000        1375.8817925771068        318223.08742478525        316.22776601683790        2.3300000000000001       0.84999999999999998       0.14999999999999999        1.3972836722221018E-013   1.0602615620462887E-015   7.3848852934806307E-008   5.4282590842741184E-009   1.0702765280140755E-006   1.1378613723861941E-005   1.3338124264108197E-004   2.1989766038358255E-004   32.562036352899781        30.687215227430983        60.530810771122709        24.722589786717176     
      100001   10000000.000000000        1393.6534112770398        346090.77095499361        316.22776601683790        2.3300000000000001       0.84999999999999998       0.14999999999999999        2.5664615553678409E-013   2.6053063496229182E-015   1.0633674758467031E-007   9.8327721044048191E-009   1.1167168291485907E-006   1.1843366311530129E-005   1.4429484716177673E-004   2.2710176831018970E-004   32.162681250948658        30.310926895336511        59.786684782387269        24.419642121252092     
      100001   10000000.000000000        1412.2396483240107        376398.90527594875        316.22776601683790        2.3300000000000001       0.84999999999999998       0.14999999999999999        4.7708272675283467E-013   6.5121647552098824E-015   1.5438216395110057E-007   1.8034943351464497E-008   1.1652071463327573E-006   1.2327452049045190E-005   1.5609643392495238E-004   2.3454364271941567E-004   31.769298087134949        29.940264980920926        59.053699229021170        24.121222570896723     
      100001   10000000.000000000        1431.6539570590496        409361.20747165574        316.22776601683790        2.3300000000000001       0.84999999999999998       0.14999999999999999        8.9643432165625285E-013   1.6529516663693578E-014   2.2580920910693788E-007   3.3453753637866016E-008   1.2158618214314608E-006   1.2831912504432219E-005   1.6885795889800279E-004   2.4223137439005320E-004   31.381121097867961        29.574507811894868        58.330430538360190        23.826749733702524     
      100001   10000000.000000000        1451.9088916911542        445210.11042738560        316.22776601683790        2.3300000000000001       0.84999999999999998       0.14999999999999999        1.7004221644894990E-012   4.2530546402172762E-014   3.3248014350125987E-007   6.2679266499128154E-008   1.2688016886357798E-006   1.3357846033386260E-005   1.8265430272426460E-004   2.5017023879663549E-004   30.997504214099653        29.213046518804653        57.615677643384302        23.535733085019924     
      100001   10000000.000000000        1473.0161599355504        484198.40182460181        316.22776601683790        2.3300000000000001       0.84999999999999998       0.14999999999999999        3.2520094882519792E-012   1.1073447101079704E-013   4.9239489837680458E-007   1.1846895210292422E-007   1.3241543982766146E-006   1.3906411223139783E-005   1.9756149350215246E-004   2.5835958370487333E-004   30.617910705404032        28.855375276274639        56.908442710144300        23.247765118023505     
      100001   10000000.000000000        1494.9866866349957        526601.00666724879        316.22776601683790        2.3300000000000001       0.84999999999999998       0.14999999999999999        6.2624937902535058E-012   2.9123544255916387E-013   7.3287186416227564E-007   2.2559997938311137E-007   1.3820546832171955E-006   1.4478830580277252E-005   2.1365368139415237E-004   2.6678672551481319E-004   30.241902952701043        28.501081665298486        56.207912108783553        22.962513581234308     
      100001   10000000.000000000        1517.8306865563115        572716.92590884247        316.22776601683790        2.3300000000000001       0.84999999999999998       0.14999999999999999        1.2128074088375081E-011   7.7238290967500156E-013   1.0953523150724788E-006   4.3229858267330005E-007   1.4426444837189635E-006   1.5076394450421444E-005   2.3099819946357752E-004   2.7541500140819533E-004   29.869132392722868        28.149837197206246        55.513437708041266        22.679713845796766     
      100001   10000000.000000000        1541.5577444719950        622871.34485053364        316.22776601683790        2.3300000000000001       0.84999999999999998       0.14999999999999999        2.3590813293245431E-011   2.0621001548260734E-012   1.6426308918953101E-006   8.3253662827466183E-007   1.5060727640916326E-006   1.5700465105831418E-005   2.4964771797571553E-004   2.8416042862367045E-004   29.499329689484320        27.801388051399272        54.824518595669055        22.399161444512313     
      100001   10000000.000000000        1566.1769006256895        677417.92617748480        316.22776601683790        2.3300000000000001       0.84999999999999998       0.14999999999999999        4.6033140211195074E-011   5.5329366166826801E-012   2.4696911006367313E-006   1.6094370036167930E-006   1.5724946943759958E-006   1.6352480795617717E-005   2.6962802227171350E-004   2.9284622337263222E-004   29.132295196923859        27.455546087339759        54.140783343695304        22.120704831400786     
      100001   10000000.000000000        1591.6967397329738        736741.30380282935        316.22776601683790        2.3300000000000001       0.84999999999999998       0.14999999999999999        9.0003775910833932E-011   1.4896114782465727E-011   3.7198649788728700E-006   3.1195139793622171E-006   1.6420695622659567E-006   1.7033959171361580E-005   2.9091925446546785E-004   3.0111446715982998E-004   28.767889782345563        27.112180196432778        53.461972947587846        21.844238414715409     
      100001   10000000.000000000        1618.1254817756310        801259.79510451166        316.22776601683790        2.3300000000000001       0.84999999999999998       0.14999999999999999        1.7612361367079221E-010   4.0178140211816633E-011   5.6088034784063832E-006   6.0555108125450891E-006   1.7149561922689584E-006   1.7746498475299126E-005   3.1342747085814964E-004   3.0825468897020532E-004   28.406026082172414        26.771208061211258        52.787924571833045        21.569695917768328     
      100001   10000000.000000000        1645.4710729969390        871428.35068025719        316.22776601683790        2.3300000000000001       0.84999999999999998       0.14999999999999999        3.4456106666049667E-010   1.0840830472623616E-010   8.4598229175078605E-006   1.1759582480655360E-005   1.7913035355876733E-006   1.8491772141839412E-005   3.3694196454709074E-004   3.1287976094712336E-004   28.046660259740793        26.432588387557168        52.118556231125154        21.297044120574157     
      100001   10000000.000000000        1673.7412756858625        947741.76242084394        316.22776601683790        2.3300000000000001       0.84999999999999998       0.14999999999999999        6.7321559782409056E-010   2.9219849886357313E-010   1.2755692711934830E-005   2.2821555783025776E-005   1.8712320060863953E-006   1.9271505216365060E-005   3.6107183282416735E-004   3.1223065149093817E-004   27.689784329442979        26.096313670581569        51.453852526275007        21.026277031202024     
      100001   10000000.000000000        1702.9437555377012        1030738.1525232699        316.22776601683790        2.3300000000000001       0.84999999999999998       0.14999999999999999        1.3123602131885690E-009   7.8569668831061577E-010   1.9213990569398995E-005   4.4206568948237674E-005   1.9547972618744976E-006   2.0087401964760674E-005   3.8515253116287902E-004   3.0126889692837347E-004   27.335419102623117        25.762403546396602        50.793851537408720        20.757410528966762     
      100001   10000000.000000000        1733.0861655873023        1121002.7680465493        316.22776601683790        2.3300000000000001       0.84999999999999998       0.14999999999999999        2.5501129653598052E-009   2.1049664519838646E-009   2.8895948640548433E-005   8.5268880490256047E-005   2.0419210166431486E-006   2.0940944543729007E-005   4.0810939283740695E-004   2.7002705887948234E-004   26.983607798598584        25.430898770671707        50.138632954676659        20.490477512450930     
      100001   10000000.000000000        1764.1762259190084        1219172.1077673580        316.22776601683790        2.3300000000000001       0.84999999999999998       0.14999999999999999        4.9350943679099445E-009   5.6122015093188280E-009   4.3362461698025856E-005   1.6208340308832348E-004   2.1322605541692513E-006   2.1832855182515765E-005   4.2825968145622100E-004   2.0159887612704826E-004   26.634410349581461        25.101855851107516        49.488307499583371        20.225523574261640     
      100001   10000000.000000000        1796.2217985575269        1325938.4104359150        316.22776601683790        2.3300000000000001       0.84999999999999998       0.14999999999999999        9.5040637996509107E-009   1.4874299599709705E-008   6.4895878720240541E-005   2.8303526484326521E-004   2.2249654811677954E-006   2.2761690080589129E-005   4.4303164625764910E-004   8.6086615945454257E-005   26.287898411900919        24.775342345529058        48.843007659649096        19.962603211989496     
      100001   10000000.000000000        1829.2309571300586        1442054.5360809742        316.22776601683790        2.3300000000000001       0.84999999999999998       0.14999999999999999        1.8200159924006413E-008   3.9148165598488431E-008   9.6812618994391125E-005   3.5866017483104755E-004   2.3182293211908353E-006   2.3720217692617689E-005   4.4851157216537336E-004   1.1604917248228124E-005   25.944151078756388        24.451432821115098        48.202879727233743        19.701776571792987     
      100001   10000000.000000000        1863.2120510580673        1568339.2747843021        316.22776601683790        2.3300000000000001       0.84999999999999998       0.14999999999999999        3.4633222246657901E-008   1.0222350745921437E-007   1.4389952106191414E-004   3.6952399179765926E-004   2.4084721205871501E-006   2.4686210261027058E-005   4.3902114371471650E-004   7.7905127093997325E-007   25.603251272865716        24.130205454384701        47.568077102050466        19.443106708219787     
      100001   10000000.000000000        1898.1737641845048        1705683.1203593500        316.22776601683790        2.3300000000000001       0.84999999999999998       0.14999999999999999        6.5446637369789806E-008   2.6459019410568116E-007   2.1301158877944941E-004   3.7026077136565058E-004   2.4888646284893293E-006   2.5599286553144223E-005   4.0617373081953029E-004   5.1178194849051591E-008   25.265282781931798        23.811739237007142        46.938754788240864        19.186657332145128     
      100001   10000000.000000000        1934.1251678678982        1855054.5496470677        316.22776601683790        2.3300000000000001       0.84999999999999998       0.14999999999999999        1.2274570037970282E-007   6.7829025618113857E-007   3.1379770039877803E-004   3.7030895985338966E-004   2.5467284747299254E-006   2.6304013216371015E-005   3.3790514094615909E-004   3.2544077351917083E-009   24.930327886851519        23.496111740249361        46.315064992769400        18.932491008830375     
      100001   10000000.000000000        1971.0757686784182        2017506.8517071931        316.22776601683790        2.3300000000000001       0.84999999999999998       0.14999999999999999        2.2835759516613048E-007   1.7204502875219848E-006   4.5824694378666741E-004   3.7031203047477367E-004   2.5583756954042536E-006   2.6402042622060567E-005   2.1863292131319630E-004   2.0023317335499483E-010   24.598465522826526        23.183397381669842        45.697153713790435        18.680667760683598     
      100001   10000000.000000000        2009.0355509136507        2194185.5550608300        316.22776601683790        2.3300000000000001       0.84999999999999998       0.14999999999999999        4.2120500356397595E-007   4.3072412507419411E-006   6.3735959270305969E-004   3.7031221978236790E-004   2.4834933536685448E-006   2.4962650112840934E-005   5.2479601575799609E-005   1.1915054714690827E-011   24.269769907472057        22.873666131952419        45.085158196415399        18.431244024694124     
      100001   10000000.000000000        2048.0150142148982        2386336.5053574229        316.22776601683790        2.3300000000000001       0.84999999999999998       0.14999999999999999        7.6962010525368064E-007   1.0510926572321598E-005   6.8537925371889264E-004   3.7031223106956612E-004   2.2472319524518871E-006   1.9791560727261976E-005   4.8138194905157860E-006   6.8545491260264944E-013   23.944309567753177        22.566982597635352        44.479205129131749        18.184271912785938     
      100001   10000000.000000000        2088.0252066101689        2595314.6504255468        316.22776601683790        2.3300000000000001       0.84999999999999998       0.14999999999999999        1.3869729338935941E-006   2.2820962735321983E-005   6.9000232086445490E-004   3.7031223172018474E-004   1.7269954201403725E-006   8.1937304456359068E-006   2.6754713684456361E-007   3.8108273519895558E-014   23.622146698825798        22.263405416665666        43.879409456477241        17.939798724277402     
      100001   10000000.000000000        2129.0777533399082        2822593.5946550933        316.22776601683790        2.3300000000000001       0.84999999999999998       0.14999999999999999        2.3674681116140534E-006   3.0290587004562748E-005   6.9025843888021713E-004   3.7031223175645607E-004   8.1238332854185653E-007   8.5601085110054452E-007   1.4355045877364929E-008   2.0467246169325173E-015   23.303336792026769        21.962986907635017        43.285873691344214        17.697866662795196     
      100001   10000000.000000000        2171.1848818381118        3069775.9900833662        316.22776601683790        2.3300000000000001       0.84999999999999998       0.14999999999999999        3.1131571690919324E-006   3.1106006761293636E-005   6.9027220910197523E-004   3.7031223175843842E-004   8.4599546291846166E-008   4.3780512965998271E-008   7.4380622577590252E-010   1.0615704796498205E-016   22.987928475543779        21.665772919476890        42.698687621991141        17.458512714760246     
      100001   10000000.000000000        2214.3594432469990        3338604.8374575973        316.22776601683790        2.3300000000000001       0.84999999999999998       0.14999999999999999        3.1938385594080243E-006   3.1148158141903544E-005   6.9027292375150315E-004   3.7031223175857102E-004   4.1530002147688657E-009   2.1895603504321995E-009   3.7206855087159511E-011   5.3154995437804808E-018   22.675963518818392        21.371802835494051        42.117928322834366        17.221768652273852     
      100001   10000000.000000000        2258.6149308400109        3630975.7769629848        316.22776601683790        2.3300000000000001       0.84999999999999998       0.14999999999999999        3.1978581316648736E-006   3.1150253752612237E-005   6.9027295955568200E-004   3.7031223175860702E-004   2.0041766650982367E-010   1.0568285201913893E-010   1.7962116044089866E-012   2.5686710205357135E-019   22.367476959664138        21.081109693056870        41.543660392835719        16.987661129250579     
      100001   10000000.000000000        2303.9654957174898        3948950.4552841196        316.22776601683790        2.3300000000000001       0.84999999999999998       0.14999999999999999        3.1980503322646264E-006   3.1150355066724854E-005   6.9027296128685374E-004   3.7031223175863710E-004   9.3315342893861745E-012   4.9214260739402105E-012   8.3662986063511758E-014   1.1976001760164505E-020   22.062497320729769        20.793720387521397        40.975936359521548        16.756211845452064     
      100001   10000000.000000000        2350.4259601236431        4294771.0632572537        316.22776601683790        2.3300000000000001       0.84999999999999998       0.14999999999999999        3.1980592953382120E-006   3.1150359792254419E-005   6.9027296136766345E-004   3.7031223175866578E-004   4.1906867871598752E-013   2.2105100485106179E-013   3.7586053619038091E-015   5.3855520672094648E-022   21.761046888831721        20.509655935412550        40.414797199480589        16.527437758309386     
      100001   10000000.000000000        2398.0118287138989        4670876.1466253446        316.22776601683790        2.3300000000000001       0.84999999999999998       0.14999999999999999        3.1980596984807556E-006   3.1150360004839753E-005   6.9027296137135494E-004   3.7031223175869402E-004   1.8147411458376767E-014   9.5739538317019755E-015   1.6282449610554919E-016   2.3353159191442787E-023   21.463142036555684        20.228931777455838        39.860272937108000        16.301351326884337     
      100001   10000000.000000000        2446.7392980796967        5079917.8013849705        316.22776601683790        2.3300000000000001       0.84999999999999998       0.14999999999999999        3.1980597159649624E-006   3.1150360014065033E-005   6.9027296137157015E-004   3.7031223175872211E-004   7.5758167722242841E-016   3.9973796976917879E-016   6.7998643623827127E-018   9.7621611629868690E-025   21.168793570319991        19.951558106558235        39.312383292267292        16.077960775959113     
      100001   10000000.000000000        2496.6252648142699        5524780.3749778615        316.22776601683790        2.3300000000000001       0.84999999999999998       0.14999999999999999        3.1980597166962788E-006   3.1150360014454736E-005   6.9027296137163120E-004   3.7031223175874937E-004   3.0480559946375740E-017   1.6085630860194193E-017   2.7369164988671689E-019   3.9201786759815300E-026   20.878007092870757        19.677540209398256        38.771138354557820        15.857270371112609     
      100001   10000000.000000000        2547.6873323788332        6008600.8051978257        316.22776601683790        2.3300000000000001       0.84999999999999998       0.14999999999999999        3.1980597167260939E-006   3.1150360014474251E-005   6.9027296137168454E-004   3.7031223175877626E-004   1.1816632683665601E-018   6.2370324575227566E-019   1.0614563387439517E-020   1.6414393580431799E-027   20.590783371089945        19.406878813029866        38.236539267283021        15.639280697852909     
      100001   10000000.000000000        2599.9438170045723        6534790.7402325803        316.22776601683790        2.3300000000000001       0.84999999999999998       0.14999999999999999        3.1980597167275906E-006   3.1150360014478710E-005   6.9027296137173615E-004   3.7031223175880223E-004   4.4131167972722797E-020   2.3296928658514481E-020   3.9657512452886564E-022   6.2519030351004403E-029   20.307118702220130        19.139570429998834        37.708578908340087        15.423988939563397     
      100001   10000000.000000000        2653.4137528423535        7107060.5958192665        316.22776601683790        2.3300000000000001       0.84999999999999998       0.14999999999999999        3.1980597167279794E-006   3.1150360014482606E-005   6.9027296137178765E-004   3.7031223175882852E-004   1.5873997173391522E-021   8.3812417946710331E-022   1.4270517954777487E-023   3.2107611814648311E-030   20.027005273309189        18.875607697072795        37.187242558407696        15.211389150311195     
      100001   10000000.000000000        2708.1168965496317        7729445.7191523332        316.22776601683790        2.3300000000000001       0.84999999999999998       0.14999999999999999        3.1980597167283199E-006   3.1150360014486381E-005   6.9027296137183795E-004   3.7031223175885394E-004   5.4983092898441675E-023   2.9034869601195396E-023   4.9449069239271001E-025   1.0763372678444479E-030   19.750431509993948        18.614979703925847        36.672508549248931        15.001472519566306     
      100001   10000000.000000000        2764.0737314827461        8406334.8440376241        316.22776601683790        2.3300000000000001       0.84999999999999998       0.14999999999999999        3.1980597167286528E-006   3.1150360014490108E-005   6.9027296137188750E-004   3.7031223175887991E-004   1.8335435362202577E-024   9.6839020825530200E-025   1.6385830205359182E-026   1.0024067438755927E-030   19.477382411775846        18.357672309093516        36.164348886865653        14.794227626665213     
      100001   10000000.000000000        2821.3054716430474        9142501.0379438680        316.22776601683790        2.3300000000000001       0.84999999999999998       0.14999999999999999        3.1980597167289798E-006   3.1150360014493740E-005   6.9027296137193596E-004   3.7031223175890523E-004   5.8648963144028407E-026   3.0986597043035350E-026   6.2988510461146108E-028   1.0000000000000001E-030   19.207839871766886        18.103668441291674        35.662729845770698        14.589640683480098     
      100001   10000000.000000000        2879.8340655069551        9943135.3591737300        316.22776601683790        2.3300000000000001       0.84999999999999998       0.14999999999999999        3.1980597167293021E-006   3.1150360014497250E-005   6.9027296137198356E-004   3.7031223175893065E-004   2.0043103551830940E-027   1.0547801892861735E-027   2.0789632933844039E-029   1.0000000000000001E-030   18.941782979548972        17.852948384819562        35.167612531876898        14.387695764259814     
      100001   10000000.000000000        2939.6821998533442        10813883.461487234        316.22776601683790        2.3300000000000001       0.84999999999999998       0.14999999999999999        3.1980597167296150E-006   3.1150360014500685E-005   6.9027296137203007E-004   3.7031223175895559E-004   6.0878116485516374E-029   3.2518292836969670E-029   1.5882457452015741E-030   1.0000000000000001E-030   18.679188306326900        17.605490048273779        34.678953412498082        14.188375022017242     
      100001   10000000.000000000        3000.8733036864660        11760885.404294103        316.22776601683790        2.3300000000000001       0.84999999999999998       0.14999999999999999        3.1980597167299242E-006   3.1150360014504107E-005   6.9027296137207572E-004   3.7031223175898058E-004   2.7098208258567797E-030   1.8999864025797737E-030   1.0165144077215683E-030   1.0000000000000001E-030   18.420030171987857        17.361269216207358        34.196704812757929        13.991658891166221     
      100001   10000000.000000000        3063.4315523389778        12790818.949135916        316.22776601683790        2.3300000000000001       0.84999999999999998       0.14999999999999999        3.1980597167302304E-006   3.1150360014507462E-005   6.9027296137212256E-004   3.7031223175900584E-004   1.0467961761270019E-030   1.0245685934975430E-030   1.0001753162736198E-030   1.0000000000000001E-030   18.164280894025083        17.120259783693569        33.720815378342337        13.797526276373581     
      100001   10000000.000000000        3127.3818718273797        13910946.647761630        316.22776601683790        2.3300000000000001       0.84999999999999998       0.14999999999999999        3.1980597167305328E-006   3.1150360014510755E-005   6.9027296137216863E-004   3.7031223175903067E-004   1.0010906399706071E-030   1.0005120391639000E-030   1.0000000000000001E-030   1.0000000000000001E-030   17.911911018555202        16.882433974010148        33.251230505033426        13.605954727798375     
      100001   10000000.000000000        3192.7499435214118        15129167.053837782        316.22776601683790        2.3300000000000001       0.84999999999999998       0.14999999999999999        3.1980597167308339E-006   3.1150360014514007E-005   6.9027296137221417E-004   3.7031223175905512E-004   1.0000000000000001E-030   1.0000000000000001E-030   1.0000000000000001E-030   1.0000000000000001E-030   17.662889533867741        16.647762539856661        32.787892735850683        13.416920603049377     
      100001   10000000.000000000        3259.5622091792525        16454070.419410402        316.22776601683790        2.3300000000000001       0.84999999999999998       0.14999999999999999        3.1980597167311325E-006   3.1150360014517213E-005   6.9027296137225927E-004   3.7031223175907913E-004   1.0000000000000001E-030   1.0000000000000001E-030   1.0000000000000001E-030   1.0000000000000001E-030   17.417184067103253        16.416214948666653        32.330742126916640        13.230399216311973     
      100001   10000000.000000000        3327.8458763920971        17894999.268861804        316.22776601683790        2.3300000000000001       0.84999999999999998       0.14999999999999999        3.1980597167314302E-006   3.1150360014520506E-005   6.9027296137230611E-004   3.7031223175910391E-004   1.0000000000000001E-030   1.0000000000000001E-030   1.0000000000000001E-030   1.0000000000000001E-030   17.174761064770351        16.187759552683701        31.879716583375000        13.046364975182227     
      100001   10000000.000000000        3397.6289244743011        19462114.277498070        316.22776601683790        2.3300000000000001       0.84999999999999998       0.14999999999999999        3.1980597167317246E-006   3.1150360014523725E-005   6.9027296137235132E-004   3.7031223175912792E-004   1.0000000000000001E-030   1.0000000000000001E-030   1.0000000000000001E-030   1.0000000000000001E-030   16.935585957891032        15.962363744544858        31.434752166835001        12.864791505806080     
      100001   10000000.000000000        3468.9401108288730        21166465.919307370        316.22776601683790        2.3300000000000001       0.84999999999999998       0.14999999999999999        3.1980597167320198E-006   3.1150360014526964E-005   6.9027296137239870E-004   3.7031223175915242E-004   1.0000000000000001E-030   1.0000000000000001E-030   1.0000000000000001E-030   1.0000000000000001E-030   16.699623312612989        15.739994099161480        30.995783375906949        12.685651766959179     
      100001   10000000.000000000        3541.8089778127742        23020072.389113221        316.22776601683790        2.3300000000000001       0.84999999999999998       0.14999999999999999        3.1980597167323166E-006   3.1150360014530162E-005   6.9027296137244543E-004   3.7031223175917671E-004   1.0000000000000001E-030   1.0000000000000001E-030   1.0000000000000001E-030   1.0000000000000001E-030   16.466836967153608        15.520616502712379        30.562743401441072        12.508918153722687     
      100001   10000000.000000000        3616.2658601216513        25036004.348587755        316.22776601683790        2.3300000000000001       0.84999999999999998       0.14999999999999999        3.1980597167326152E-006   3.1150360014533340E-005   6.9027296137249259E-004   3.7031223175920149E-004   1.0000000000000001E-030   1.0000000000000001E-030   1.0000000000000001E-030   1.0000000000000001E-030   16.237190155948035        15.304196269570751        30.135564358095984        12.334562591416187     
      100001   10000000.000000000        3692.3418927097218        27228477.093709577        316.22776601683790        2.3300000000000001       0.84999999999999998       0.14999999999999999        3.1980597167329151E-006   3.1150360014536505E-005   6.9027296137253965E-004   3.7031223175922566E-004   1.0000000000000001E-030   1.0000000000000001E-030   1.0000000000000001E-030   1.0000000000000001E-030   16.010645621865958        15.090698247979848        29.714177493848123        12.162556620443205     
      100001   10000000.000000000        3770.0690192571769        29612950.793583296        316.22776601683790        2.3300000000000001       0.84999999999999998       0.14999999999999999        3.1980597167332175E-006   3.1150360014539595E-005   6.9027296137258649E-004   3.7031223175924984E-004   1.0000000000000001E-030   1.0000000000000001E-030   1.0000000000000001E-030   1.0000000000000001E-030   15.787165717343305        14.880086915274356        29.298513379018893        11.992871472690606     
      100001   10000000.000000000        3849.4800011946299        32206239.507452108        316.22776601683790        2.3300000000000001       0.84999999999999998       0.14999999999999999        3.1980597167335237E-006   3.1150360014542651E-005   6.9027296137263332E-004   3.7031223175927407E-004   1.0000000000000001E-030   1.0000000000000001E-030   1.0000000000000001E-030   1.0000000000000001E-030   15.566712495247661        14.672326463419038        28.888502076345411        11.825478140102526     
      100001   10000000.000000000        3930.6084272918347        35026629.748634435        316.22776601683790        2.3300000000000001       0.84999999999999998       0.14999999999999999        3.1980597167338337E-006   3.1150360014545842E-005   6.9027296137268406E-004   3.7031223175929906E-004   1.0000000000000001E-030   1.0000000000000001E-030   1.0000000000000001E-030   1.0000000000000001E-030   15.349247790262831        14.467380875604510        28.484073293558122        11.660347436024031     
      100001   10000000.000000000        4013.4887238159522        38094009.431434512        316.22776601683790        2.3300000000000001       0.84999999999999998       0.14999999999999999        3.1980597167341467E-006   3.1150360014549041E-005   6.9027296137273437E-004   3.7031223175932248E-004   1.0000000000000001E-030   1.0000000000000001E-030   1.0000000000000001E-030   1.0000000000000001E-030   15.134733291540339        14.265213994604668        28.085156519859147        11.497450049881184     
      100001   10000000.000000000        4098.1561652632099        41430008.110294931        316.22776601683790        2.3300000000000001       0.84999999999999998       0.14999999999999999        3.1980597167344643E-006   3.1150360014552260E-005   6.9027296137278359E-004   3.7031223175934612E-004   1.0000000000000001E-030   1.0000000000000001E-030   1.0000000000000001E-030   1.0000000000000001E-030   14.923130607324769        14.065789583561642        27.691681147618787        11.336756595732995     
      100001   10000000.000000000        4184.6468856664351        45058149.500081860        316.22776601683790        2.3300000000000001       0.84999999999999998       0.14999999999999999        3.1980597167347730E-006   3.1150360014555451E-005   6.9027296137283097E-004   3.7031223175936954E-004   1.0000000000000001E-030   1.0000000000000001E-030   1.0000000000000001E-030   1.0000000000000001E-030   14.714401322218199        13.869071379825023        27.303576580530766        11.178237655199196     
      100001   10000000.000000000        4272.9978904801410        49004017.352997556        316.22776601683790        2.3300000000000001       0.84999999999999998       0.14999999999999999        3.1980597167350890E-006   3.1150360014558765E-005   6.9027296137287879E-004   3.7031223175939491E-004   1.0000000000000001E-030   1.0000000000000001E-030   1.0000000000000001E-030   1.0000000000000001E-030   14.508507047705958        13.675023142431387        26.920772329386295        11.021863815234950     
      100001   10000000.000000000        4363.2470690440723        53295435.861797445        316.22776601683790        2.3300000000000001       0.84999999999999998       0.14999999999999999        3.1980597167354210E-006   3.1150360014562437E-005   6.9027296137293256E-004   3.7031223175942142E-004   1.0000000000000001E-030   1.0000000000000001E-030   1.0000000000000001E-030   1.0000000000000001E-030   14.305409466523624        13.483608693770405        26.543198096549517        10.867605701191513     
      100001   10000000.000000000        4455.4332076255960        57962665.861418702        316.22776601683790        2.3300000000000001       0.84999999999999998       0.14999999999999999        3.1980597167357611E-006   3.1150360014566124E-005   6.9027296137298688E-004   3.7031223175944988E-004   1.0000000000000001E-030   1.0000000000000001E-030   1.0000000000000001E-030   1.0000000000000001E-030   14.105070371403681        13.294791955944596        26.170783850139088        10.715434005570165     
      100001   10000000.000000000        4549.5960030411134        63038618.212534659        316.22776601683790        2.3300000000000001       0.84999999999999998       0.14999999999999999        3.1980597167361101E-006   3.1150360014570020E-005   6.9027296137304532E-004   3.7031223175948072E-004   1.0000000000000001E-030   1.0000000000000001E-030   1.0000000000000001E-030   1.0000000000000001E-030   13.907451698699351        13.108536982291223        25.803459888845492        10.565319512845663     
      100001   10000000.000000000        4645.7760768563257        68559085.871700674        316.22776601683790        2.3300000000000001       0.84999999999999998       0.14999999999999999        3.1980597167364680E-006   3.1150360014573944E-005   6.9027296137310766E-004   3.7031223175951178E-004   1.0000000000000001E-030   1.0000000000000001E-030   1.0000000000000001E-030   1.0000000000000001E-030   13.712515557344799        12.924807984498814        25.441156898242600        10.417233120706349     
      100001   10000000.000000000        4744.0149901653140        74562996.284531817        316.22776601683790        2.3300000000000001       0.84999999999999998       0.14999999999999999        3.1980597167368360E-006   3.1150360014577982E-005   6.9027296137317000E-004   3.7031223175954317E-004   1.0000000000000001E-030   1.0000000000000001E-030   1.0000000000000001E-030   1.0000000000000001E-030   13.520224253573295        12.743569355715067        25.083805999382268        10.271145858029207     
      100001   10000000.000000000        4844.3552589482715        81092685.881652892        316.22776601683790        2.3300000000000001       0.84999999999999998       0.14999999999999999        3.1980597167372150E-006   3.1150360014582001E-005   6.9027296137323310E-004   3.7031223175957494E-004   1.0000000000000001E-030   1.0000000000000001E-030   1.0000000000000001E-030   1.0000000000000001E-030   13.330540311780068        12.564785690010405        24.731338790396638        10.127028899881832     
      100001   10000000.000000000        4946.8403700080617        88194198.613027439        316.22776601683790        2.3300000000000001       0.84999999999999998       0.14999999999999999        3.1980597167376047E-006   3.1150360014586141E-005   6.9027296137329393E-004   3.7031223175960752E-004   1.0000000000000001E-030   1.0000000000000001E-030   1.0000000000000001E-030   1.0000000000000001E-030   13.143426491883027        12.388421798529359        24.383687381770496        9.9848535798175106     
      100001   10000000.000000000        5051.5147974858000        95917610.625768691        316.22776601683790        2.3300000000000001       0.84999999999999998       0.14999999999999999        3.1980597167380066E-006   3.1150360014590329E-005   6.9027296137335931E-004   3.7031223175964053E-004   1.0000000000000001E-030   1.0000000000000001E-030   1.0000000000000001E-030   1.0000000000000001E-030   12.958845803503834        12.214442722633386        24.040784425889736        9.8445913997062213     
