       10001   10000000.000000000        173.32350303863288        308.80279052050048        17.782794100389228        2.3300000000000001       0.84999999999999998       0.14999999999999999        1.0000000000000001E-030   3.2052835166223389E-019   6.6872921597510948E-009   2.4181176545464854E-015   1.2031784849677443     
       10001   10000000.000000000        174.10607767662665        327.10050620398187        17.782794100389228        2.3300000000000001       0.84999999999999998       0.14999999999999999        1.0000000000000001E-030   3.2052835166223389E-019   6.6872921597510948E-009   2.4181176545464854E-015   1.1384264311138035     
       10001   10000000.000000000        174.93502277715083        346.48242970394421        17.782794100389228        2.3300000000000001       0.84999999999999998       0.14999999999999999        1.0000000000000001E-030   3.2049669128554711E-019   6.6907154902126166E-009   2.4205978927629923E-015   1.0775096332087013     
       10001   10000000.000000000        175.81308596284856        367.01280437238137        17.782794100389228        2.3300000000000001       0.84999999999999998       0.14999999999999999        1.0000000000000001E-030   3.2043836661791949E-019   6.6968869283853941E-009   2.4250783143004475E-015   1.0201505225513572     
       10001   10000000.000000000        176.74317766323995        388.75968021920926        17.782794100389228        2.3300000000000001       0.84999999999999998       0.14999999999999999        1.0000000000000001E-030   3.2035313088044162E-019   6.7056274452381282E-009   2.4314435903619910E-015  0.96612437112653660     
       10001   10000000.000000000        177.72838076163592        411.79513947092835        17.782794100389228        2.3300000000000001       0.84999999999999998       0.14999999999999999        1.0000000000000001E-030   3.2023983913799168E-019   6.7168394079113390E-009   2.4396393991279151E-015  0.91522643917412194     
       10001   10000000.000000000        178.77196081366813        436.19553549448273        17.782794100389228        2.3300000000000001       0.84999999999999998       0.14999999999999999        1.0000000000000001E-030   3.2009753654171823E-019   6.7304159137273823E-009   2.4496051529197104E-015  0.86726532802346523     
       10001   10000000.000000000        179.87737687130391        462.04174587823252        17.782794100389228        2.3300000000000001       0.84999999999999998       0.14999999999999999        1.0000000000000001E-030   3.1992533741532789E-019   6.7462617498855186E-009   2.4612885014183381E-015  0.82205968523269135     
       10001   10000000.000000000        181.04829294822545        489.41944050893699        17.782794100389228        2.3300000000000001       0.84999999999999998       0.14999999999999999        1.0000000000000001E-030   3.1972240153998195E-019   6.7642942933065725E-009   2.4746457873888038E-015  0.77944338910785094     
       10001   10000000.000000000        182.24948175866459        518.41936553327446        17.782794100389228        2.3300000000000001       0.84999999999999998       0.14999999999999999        1.0000000000000001E-030   3.1948797728646412E-019   6.7844384588656843E-009   2.4896382684348174E-015  0.73918068209486876     
       10001   10000000.000000000        183.30810510507121        549.13764414516834        17.782794100389228        2.3300000000000001       0.84999999999999998       0.14999999999999999        1.0000000000000001E-030   3.1922168156426731E-019   6.8066031038196101E-009   2.5062145819736406E-015  0.70079962624286030     
       10001   10000000.000000000        184.42945582831209        581.67609519585039        17.782794100389228        2.3300000000000001       0.84999999999999998       0.14999999999999999        1.0000000000000001E-030   3.1892321678521868E-019   6.8307036880956632E-009   2.5243278171492580E-015  0.66459534529957198     
       10001   10000000.000000000        185.61725075913512        616.14257068278266        17.782794100389228        2.3300000000000001       0.84999999999999998       0.14999999999999999        1.0000000000000001E-030   3.1859200153120241E-019   6.8566866087746368E-009   2.5439543479850310E-015  0.63043846338795295     
       10001   10000000.000000000        186.87542696435622        652.65131323604942        17.782794100389228        2.3300000000000001       0.84999999999999998       0.14999999999999999        1.0000000000000001E-030   3.1822740395479150E-019   6.8845064759917601E-009   2.5650771788073819E-015  0.59820792051423810     
       10001   10000000.000000000        188.20815479666604        691.32333478713360        17.782794100389228        2.3300000000000001       0.84999999999999998       0.14999999999999999        1.0000000000000001E-030   3.1782874919648679E-019   6.9141263022980588E-009   2.5876860720712225E-015  0.56779037843306823     
       10001   10000000.000000000        189.61985171768774        732.28681767525836        17.782794100389228        2.3300000000000001       0.84999999999999998       0.14999999999999999        1.0000000000000001E-030   3.1739533126896718E-019   6.9455178456928184E-009   2.6117777593308357E-015  0.53907967417064806     
       10001   10000000.000000000        191.11519694010119        775.67753952073815        17.782794100389228        2.3300000000000001       0.84999999999999998       0.14999999999999999        1.0000000000000008E-030   3.1692641307089259E-019   6.9786617497811534E-009   2.6373561066934755E-015  0.51197631695798151     
       10001   10000000.000000000        192.69914693736885        821.63932327369855        17.782794100389228        2.3300000000000001       0.84999999999999998       0.14999999999999999        1.0000000000000162E-030   3.1642121828450967E-019   7.0135475633037233E-009   2.6644322674929442E-015  0.48638702499874920     
       10001   10000000.000000000        194.37695187246905        870.32451392981056        17.782794100389228        2.3300000000000001       0.84999999999999998       0.14999999999999999        1.0000000000003040E-030   3.1587892271568913E-019   7.0501738062791440E-009   2.6930248869370172E-015  0.46222429871197651     
       10001   10000000.000000000        196.15417300009480        921.89448349326608        17.782794100389228        2.3300000000000001       0.84999999999999998       0.14999999999999999        1.0000000000043166E-030   3.1529865057757625E-019   7.0885482083366303E-009   2.7231604093013783E-015  0.43940602728547290     
       10001   10000000.000000000        198.03670109999609        976.52016586063280        17.782794100389228        2.3300000000000001       0.84999999999999998       0.14999999999999999        1.0000000000514861E-030   3.1467947633697372E-019   7.1286881363279357E-009   2.7548734973698832E-015  0.41785512555339838     
       10001   10000000.000000000        199.81612173397170        1034.3826233986197        17.782794100389228        2.3300000000000001       0.84999999999999998       0.14999999999999999        1.0000000005292159E-030   3.1402113627173791E-019   7.1705752700544120E-009   2.7881711686383420E-015  0.39728428268080157     
       10001   10000000.000000000        201.69839004868282        1095.6736470936448        17.782794100389228        2.3300000000000001       0.84999999999999998       0.14999999999999999        1.0000000047834270E-030   3.1332342812348552E-019   7.2141941691711729E-009   2.8230631331687525E-015  0.37784855881636814     
       10001   10000000.000000000        203.69218977282378        1160.5963922625303        17.782794100389228        2.3300000000000001       0.84999999999999998       0.14999999999999999        1.0000000386191406E-030   3.1258540618579429E-019   7.2595787728013484E-009   2.8595996026959209E-015  0.35948598910188140     
       10001   10000000.000000000        205.80412955787756        1229.3660519314089        17.782794100389228        2.3300000000000001       0.84999999999999998       0.14999999999999999        1.0000002805212343E-030   3.1180597947639174E-019   7.3067721475644972E-009   2.8978398628151718E-015  0.34213590709490754     
       10001   10000000.000000000        208.04120964254579        1302.2105701148403        17.782794100389228        2.3300000000000001       0.84999999999999998       0.14999999999999999        1.0000018435231830E-030   3.1098392095808695E-019   7.3558266453727599E-009   2.9378525638463214E-015  0.32574126620525551     
       10001   10000000.000000000        210.41084505575057        1379.3713973593844        17.782794100389228        2.3300000000000001       0.84999999999999998       0.14999999999999999        1.0000109880055254E-030   3.1011786882441495E-019   7.4068046612527603E-009   2.9797165155726689E-015  0.31024840877838611     
       10001   10000000.000000000        212.92089019449978        1461.1042910559304        17.782794100389228        2.3300000000000001       0.84999999999999998       0.14999999999999999        1.0000593766415540E-030   3.0920631885745701E-019   7.4597792875372281E-009   3.0235215144950553E-015  0.29560685209463561     
       10001   10000000.000000000        215.57966485808296        1547.6801631735148        17.782794100389228        2.3300000000000001       0.84999999999999998       0.14999999999999999        1.0002903122909288E-030   3.0824761266300231E-019   7.5148349851753387E-009   3.0693692607657257E-015  0.28176909000305245     
       10001   10000000.000000000        218.39598182489061        1639.3859782245424        17.782794100389228        2.3300000000000001       0.84999999999999998       0.14999999999999999        1.0012784074422471E-030   3.0723992844259115E-019   7.5720684409515236E-009   3.1173744437475023E-015  0.26869040892021584     
       10001   10000000.000000000        221.37917606326144        1736.5257044377579        17.782794100389228        2.3300000000000001       0.84999999999999998       0.14999999999999999        1.0050339681653451E-030   3.0618128060021261E-019   7.6315897800339628E-009   3.1676660785467861E-015  0.25632871832907661     
       10001   10000000.000000000        224.30347948250554        1839.4213212918128        17.782794100389228        2.3300000000000001       0.84999999999999998       0.14999999999999999        1.0175507603698975E-030   3.0507070750735661E-019   7.6934581147512842E-009   3.2203329438198438E-015  0.24451438261042238     
       10001   10000000.000000000        227.11787285463967        1948.4138867488846        17.782794100389228        2.3300000000000001       0.84999999999999998       0.14999999999999999        1.0534899828439972E-030   3.0390871206282886E-019   7.7576592381287179E-009   3.2754033144463547E-015  0.23319882925681820     
       10001   10000000.000000000        230.09902951818694        2063.8646677259139        17.782794100389228        2.3300000000000001       0.84999999999999998       0.14999999999999999        1.1408350289456551E-030   3.0269471853730565E-019   7.8242436710230056E-009   3.3329629511132534E-015  0.22250037634505213     
       10001   10000000.000000000        233.25683081938666        2186.1563375504652        17.782794100389228        2.3300000000000001       0.84999999999999998       0.14999999999999999        1.3192124880647042E-030   3.0142657253482116E-019   7.8933486054980911E-009   3.3931765755145529E-015  0.21238523546457352     
       10001   10000000.000000000        236.60174361105192        2315.6942443702628        17.782794100389228        2.3300000000000001       0.84999999999999998       0.14999999999999999        1.6303435053120569E-030   3.0010185396231403E-019   7.9651256489733829E-009   3.4562270031632580E-015  0.20282157333564044     
       10001   10000000.000000000        240.14485494601664        2452.9077547208094        17.782794100389228        2.3300000000000001       0.84999999999999998       0.14999999999999999        2.1129817995550562E-030   2.9871788421462509E-019   8.0397428042709621E-009   3.5223173873966128E-015  0.19377939824916460     
       10001   10000000.000000000        243.89790882629586        2598.2516767042748        17.782794100389228        2.3300000000000001       0.84999999999999998       0.14999999999999999        2.8110523981901481E-030   2.9727171919513416E-019   8.1173863092067798E-009   3.5916736077288698E-015  0.18523045435414254     
       10001   10000000.000000000        247.87334512977290        2752.2077674971461        17.782794100389228        2.3300000000000001       0.84999999999999998       0.14999999999999999        3.8134086849241824E-030   2.9576013379162441E-019   8.1982625112426792E-009   3.6645469121108558E-015  0.17714812326274801     
       10001   10000000.000000000        252.08434084343588        2915.2863301832235        17.782794100389228        2.3300000000000001       0.84999999999999998       0.14999999999999999        5.3494023848816128E-030   2.9417961647011932E-019   8.2826003148852777E-009   3.7412170884798148E-015  0.16950733260132389     
       10001   10000000.000000000        256.35176955113928        3088.0279052049968        17.782794100389228        2.3300000000000001       0.84999999999999998       0.14999999999999999        7.8713545211519007E-030   2.9252765791685343E-019   8.3705876199657662E-009   3.8219348269526478E-015  0.16222219019296116     
       10001   10000000.000000000        259.33264855037766        3271.0050620398224        17.782794100389228        2.3300000000000001       0.84999999999999998       0.14999999999999999        1.2061839096981963E-029   2.9081201875916889E-019   8.4618843432345744E-009   3.9064691926977543E-015  0.15486677180955005     
       10001   10000000.000000000        262.49015573462339        3464.8242970394440        17.782794100389228        2.3300000000000001       0.84999999999999998       0.14999999999999999        1.9018162859654667E-029   2.8904021647629051E-019   8.5561763976954606E-009   3.9946078239263801E-015  0.14790560971934391     
       10001   10000000.000000000        265.83475698180985        3670.1280437238115        17.782794100389228        2.3300000000000001       0.84999999999999998       0.14999999999999999        3.0688822254151823E-029   2.8721001173494218E-019   8.6536632060378935E-009   4.0866200808806963E-015  0.14131781443111310     
       10001   10000000.000000000        269.37753831212478        3887.5968021920867        17.782794100389228        2.3300000000000001       0.84999999999999998       0.14999999999999999        5.0596455244038056E-029   2.8531880211107450E-019   8.7545600915860942E-009   4.1828015833327730E-015  0.13508367190323048     
       10001   10000000.000000000        273.13024263374933        4117.9513947092819        17.782794100389228        2.3300000000000001       0.84999999999999998       0.14999999999999999        8.5253969239981001E-029   2.8336368814747765E-019   8.8591025085357343E-009   4.2834785379571013E-015  0.12918457960987803     
       10001   10000000.000000000        277.10530866591904        4361.9553549448192        17.782794100389228        2.3300000000000001       0.84999999999999998       0.14999999999999999        1.4700701771628597E-028   2.8134148687988436E-019   8.9675490323758556E-009   4.3890118423193122E-015  0.12360298636119893     
       10001   10000000.000000000        281.31591216832055        4620.4174587823190        17.782794100389228        2.3300000000000001       0.84999999999999998       0.14999999999999999        2.5985523344733302E-028   2.7924871693119348E-019   9.0801838384937398E-009   4.4998013573889493E-015  0.11832233622330682     
       10001   10000000.000000000        285.77600961348412        4894.1944050893680        17.782794100389228        2.3300000000000001       0.84999999999999998       0.14999999999999999        4.7159820199433504E-028   2.7708157907736669E-019   9.1973194014862736E-009   4.6162907540074518E-015  0.11332701634197999     
       10001   10000000.000000000        290.50038444692700        5184.1936553327541        17.782794100389228        2.3300000000000001       0.84999999999999998       0.14999999999999999        8.8012997218675574E-028   2.7483594462954465E-019   9.3192998523645283E-009   4.7389732259670228E-015  0.10860230840089340     
       10001   10000000.000000000        294.85462603116417        5491.3764414516872        17.782794100389228        2.3300000000000001       0.84999999999999998       0.14999999999999999        1.6904157990285484E-027   2.7251255538636939E-019   9.4462214341594459E-009   4.8681094997779485E-015  0.10401596018130294     
       10001   10000000.000000000        299.12145805338099        5816.7609519584885        17.782794100389228        2.3300000000000001       0.84999999999999998       0.14999999999999999        3.3428767639588364E-027   2.7011514714484964E-019   9.5780308457408757E-009   5.0038182218610353E-015   9.9617032123083232E-002
       10001   10000000.000000000        303.64111576762031        6161.4257068278348        17.782794100389228        2.3300000000000001       0.84999999999999998       0.14999999999999999        6.8164453290721635E-027   2.6764259170017280E-019   9.7149484880860711E-009   5.1465114518449222E-015   9.5453989018115803E-002
       10001   10000000.000000000        308.42858003795448        6526.5131323604974        17.782794100389228        2.3300000000000001       0.84999999999999998       0.14999999999999999        1.4355306301395733E-026   2.6509079762629649E-019   9.8573681731181357E-009   5.2968041953946675E-015   9.1514917334522286E-002
       10001   10000000.000000000        313.49971940045890        6913.2333478713435        17.782794100389228        2.3300000000000001       0.84999999999999998       0.14999999999999999        3.1259282837653764E-026   2.6245529093977077E-019   1.0005721609140749E-008   5.4553801067539824E-015   8.7788586858040363E-002
       10001   10000000.000000000        318.87134266108524        7322.8681767525914        17.782794100389228        2.3300000000000001       0.84999999999999998       0.14999999999999999        7.0419499746025828E-026   2.5973120939995715E-019   1.0160483300250144E-008   5.6230010208878715E-015   8.4264418717699824E-002
       10001   10000000.000000000        324.56125461015222        7756.7753952073854        17.782794100389228        2.3300000000000001       0.84999999999999998       0.14999999999999999        1.6406836850334954E-025   2.5691328117283904E-019   1.0322175519445146E-008   5.8005176619556085E-015   8.0932455909423190E-002
       10001   10000000.000000000        330.58831503813275        8216.3932327369839        17.782794100389228        2.3300000000000001       0.84999999999999998       0.14999999999999999        3.9497026175899943E-025   2.5399580562362581E-019   1.0491374092393301E-008   5.9888821310108338E-015   7.7783336324529995E-002
       10001   10000000.000000000        336.16876316550179        8703.2451392981129        17.782794100389228        2.3300000000000001       0.84999999999999998       0.14999999999999999        9.8047296127374255E-025   2.5097996651596278E-019   1.0668286643935844E-008   6.1886782519285477E-015   7.4714551613509150E-002
       10001   10000000.000000000        341.52830316045413        9218.9448349326649        17.782794100389228        2.3300000000000001       0.84999999999999998       0.14999999999999999        2.5049693441246868E-024   2.4787229718322363E-019   1.0852828941406130E-008   6.4001875594872365E-015   7.1752144936689799E-002
       10001   10000000.000000000        347.20541586534370        9765.2016586063237        17.782794100389228        2.3300000000000001       0.84999999999999998       0.14999999999999999        6.5771802106609493E-024   2.4467259633045048E-019   1.1045327235513829E-008   6.6241898234948306E-015   6.8949979847458973E-002
       10001   10000000.000000000        353.21891864624990        10343.826233986212        17.782794100389228        2.3300000000000001       0.84999999999999998       0.14999999999999999        1.7683611590828230E-023   2.4137551979858038E-019   1.1246439585006180E-008   6.8619023755919700E-015   6.6300536264690374E-002
       10001   10000000.000000000        359.58874386828842        10956.736470936465        17.782794100389228        2.3300000000000001       0.84999999999999998       0.14999999999999999        4.8327878235030922E-023   2.3797527818120087E-019   1.1456889771283370E-008   7.1146893007760030E-015   6.3796756891054462E-002
       10001   10000000.000000000        366.33600496346077        11605.963922625277        17.782794100389228        2.3300000000000001       0.84999999999999998       0.14999999999999999        1.3266126166963218E-022   2.3446562964440598E-019   1.1677475856131714E-008   7.3840832736145615E-015   6.1432031914012281E-002
       10001   10000000.000000000        373.48306641326633        12293.660519314064        17.782794100389228        2.3300000000000001       0.84999999999999998       0.14999999999999999        3.6041301542626438E-022   2.3083986112991418E-019   1.1909079374699390E-008   7.6718107296859791E-015   5.9200185950585238E-002
       10001   10000000.000000000        380.43653085299195        13022.105701148388        17.782794100389228        2.3300000000000001       0.84999999999999998       0.14999999999999999        9.6051092301544607E-022   2.2709694292689641E-019   1.2152276412821351E-008   7.9793158469165206E-015   5.7046025408019133E-002
       10001   10000000.000000000        386.25748068766757        13793.713973593844        17.782794100389228        2.3300000000000001       0.84999999999999998       0.14999999999999999        2.5363222783825023E-021   2.2325152793834957E-019   1.2406660814209927E-008   8.3068688925285834E-015   5.4896283743757969E-002
       10001   10000000.000000000        392.42334348411782        14611.042910559312        17.782794100389228        2.3300000000000001       0.84999999999999998       0.14999999999999999        6.7883319114251581E-021   2.1931334418968369E-019   1.2672151823289407E-008   8.6551924711641493E-015   5.2863445713553003E-002
       10001   10000000.000000000        398.95455662018986        15476.801631735168        17.782794100389228        2.3300000000000001       0.84999999999999998       0.14999999999999999        1.8442695263718002E-020   2.1527726327124788E-019   1.2949683795819011E-008   9.0264207630462175E-015   5.0942691835214299E-002
       10001   10000000.000000000        405.87276846450101        16393.859782245421        17.782794100389228        2.3300000000000001       0.84999999999999998       0.14999999999999999        5.0415839300035302E-020   2.1113775446096597E-019   1.3240283952443583E-008   9.4229531170500381E-015   4.9129548527741679E-002
       10001   10000000.000000000        413.20091013215313        17365.257044377595        17.782794100389228        2.3300000000000001       0.84999999999999998       0.14999999999999999        1.3636736699688314E-019   2.0688889748055524E-019   1.3545085148549122E-008   9.8474952424460226E-015   4.7419885660134928E-002
       10001   10000000.000000000        420.96327149224055        18394.213212918123        17.782794100389228        2.3300000000000001       0.84999999999999998       0.14999999999999999        3.5702866569010074E-019   2.0252437634889601E-019   1.3865339198974998E-008   1.0303106608735956E-014   4.5809916906235641E-002
       10001   10000000.000000000        428.03001404765365        19484.138867488829        17.782794100389228        2.3300000000000001       0.84999999999999998       0.14999999999999999        8.9627468894128425E-019   1.9804974299173979E-019   1.4201512362759406E-008   1.0791918087199264E-014   4.4231458226822867E-002
       10001   10000000.000000000        434.80862373527054        20638.646677259141        17.782794100389228        2.3300000000000001       0.84999999999999998       0.14999999999999999        2.2239243451414399E-018   1.9347856815829596E-019   1.4553507095537969E-008   1.1315374625186551E-014   4.2707793498054453E-002
       10001   10000000.000000000        441.98889129840160        21861.563375504604        17.782794100389228        2.3300000000000001       0.84999999999999998       0.14999999999999999        5.5995807987251667E-018   1.8881315741651578E-019   1.4922110712247779E-008   1.1876373666168378E-014   4.1273287181377911E-002
       10001   10000000.000000000        449.59461646241795        23156.942443702636        17.782794100389228        2.3300000000000001       0.84999999999999998       0.14999999999999999        1.4294999603719921E-017   1.8404848166761706E-019   1.5308766871219642E-008   1.2479046260959442E-014   3.9925447564978810E-002
       10001   10000000.000000000        457.65100917507715        24529.077547208130        17.782794100389228        2.3300000000000001       0.84999999999999998       0.14999999999999999        3.6518673942371588E-017   1.7917920192084112E-019   1.5715069332269023E-008   1.3128068274494731E-014   3.8662123488439545E-002
       10001   10000000.000000000        466.18477316745197        25982.516767042762        17.782794100389228        2.3300000000000001       0.84999999999999998       0.14999999999999999        9.1142470547452372E-017   1.7419968007965904E-019   1.6142781510213327E-008   1.3828746427414738E-014   3.7481524434059985E-002
       10001   10000000.000000000        474.23624856402523        27522.077674971442        17.782794100389228        2.3300000000000001       0.84999999999999998       0.14999999999999999        2.1787114936919205E-016   1.6911474174336037E-019   1.6592907953288431E-008   1.4585520279596320E-014   3.6341674022689591E-002
       10001   10000000.000000000        482.10717018126041        29152.863301832149        17.782794100389228        2.3300000000000001       0.84999999999999998       0.14999999999999999        5.1311993875084394E-016   1.6393672720811117E-019   1.7065868238267681E-008   1.5402157485707862E-014   3.5255806306128352E-002
       10001   10000000.000000000        490.44447322489560        30880.279052050009        17.782794100389228        2.3300000000000001       0.84999999999999998       0.14999999999999999        1.2261421402351918E-015   1.5866807695440690E-019   1.7563045988881671E-008   1.6284415030091334E-014   3.4248418177852499E-002
       10001   10000000.000000000        499.27579253179800        32710.050620398204        17.782794100389228        2.3300000000000001       0.84999999999999998       0.14999999999999999        2.9722525319043458E-015   1.5330432671884515E-019   1.8086622015698684E-008   1.7239948223675446E-014   3.3319394020901859E-002
       10001   10000000.000000000        508.63040040586435        34648.242970394473        17.782794100389228        2.3300000000000001       0.84999999999999998       0.14999999999999999        7.2044258388812676E-015   1.4784081780807534E-019   1.8639012097644958E-008   1.8277460862489760E-014   3.2469127946495258E-002
       10001   10000000.000000000        518.53930364404198        36701.280437238122        17.782794100389228        2.3300000000000001       0.84999999999999998       0.14999999999999999        1.6835057834476807E-014   1.4227271107148777E-019   1.9222897594329333E-008   1.9406870624508897E-014   3.1698602929940735E-002
       10001   10000000.000000000        527.39041558743997        38875.968021920889        17.782794100389228        2.3300000000000001       0.84999999999999998       0.14999999999999999        3.6099025455311308E-014   1.3661297548474189E-019   1.9839312369368728E-008   2.0635615930311808E-014   3.0962243252662728E-002
       10001   10000000.000000000        535.57100464675796        41179.513947092892        17.782794100389228        2.3300000000000001       0.84999999999999998       0.14999999999999999        7.3804442888951886E-014   1.3088817966315737E-019   2.0487840793281927E-008   2.1968704217127729E-014   3.0276669055392204E-002
       10001   10000000.000000000        544.23632408198500        43619.553549448232        17.782794100389228        2.3300000000000001       0.84999999999999998       0.14999999999999999        1.5234289262849325E-013   1.2510841785607854E-019   2.1169880513605239E-008   2.3415278154419952E-014   2.9676363102218512E-002
       10001   10000000.000000000        553.41509597360039        46204.174587823225        17.782794100389228        2.3300000000000001       0.84999999999999998       0.14999999999999999        3.1857474417428255E-013   1.1927154147303444E-019   2.1888410076523897E-008   2.4988610986071885E-014   2.9165392934857544E-002
       10001   10000000.000000000        563.13774429234650        48941.944050893537        17.782794100389228        2.3300000000000001       0.84999999999999998       0.14999999999999999        6.6559640975877460E-013   1.1337535827234259E-019   2.2646687330681689E-008   2.6703681917384676E-014   2.8748906754299697E-002
       10001   10000000.000000000        572.84743552462464        51841.936553327454        17.782794100389228        2.3300000000000001       0.84999999999999998       0.14999999999999999        1.3428450207558234E-012   1.0742387383372150E-019   2.3447447574363345E-008   2.8575463115701200E-014   2.8422294026969476E-002
       10001   10000000.000000000        581.83034671209748        54913.764414516860        17.782794100389228        2.3300000000000001       0.84999999999999998       0.14999999999999999        2.5919848709188339E-012   1.0143484998960685E-019   2.4291693134052614E-008   3.0615950217173821E-014   2.8182663405053310E-002
       10001   10000000.000000000        591.34552885036453        58167.609519584992        17.782794100389228        2.3300000000000001       0.84999999999999998       0.14999999999999999        5.0551028803462712E-012   9.5420422399143434E-020   2.5180893266348013E-008   3.2839729035038355E-014   2.8061325458050707E-002
       10001   10000000.000000000        601.42452097606440        61614.257068278283        17.782794100389228        2.3300000000000001       0.84999999999999998       0.14999999999999999        1.0015735312597101E-011   8.9379885674200743E-020   2.6118007747409589E-008   3.5267339611680162E-014   2.8070242498200695E-002
       10001   10000000.000000000        612.10073093124458        65265.131323604903        17.782794100389228        2.3300000000000001       0.84999999999999998       0.14999999999999999        2.0076839360547648E-011   8.3312577893300897E-020   2.7105144124489544E-008   3.7921112090593430E-014   2.8224214838819230E-002
       10001   10000000.000000000        623.40954609704431        69132.333478713568        17.782794100389228        2.3300000000000001       0.84999999999999998       0.14999999999999999        3.9971122068791293E-011   7.7217905794525738E-020   2.8142810432591381E-008   4.0824880537254056E-014   2.8541486083647625E-002
       10001   10000000.000000000        633.97366409378094        73228.681767525879        17.782794100389228        2.3300000000000001       0.84999999999999998       0.14999999999999999        7.5883320898942412E-011   7.1109213605046386E-020   2.9228128629533117E-008   4.3997155445611991E-014   2.9037940750103745E-002
       10001   10000000.000000000        644.87242644104015        77567.753952073908        17.782794100389228        2.3300000000000001       0.84999999999999998       0.14999999999999999        1.4368285354162422E-010   6.5002771180601652E-020   3.0348220412357892E-008   4.7449459704639255E-014   2.9748392878742674E-002
       10001   10000000.000000000        656.41698105719661        82163.932327369650        17.782794100389228        2.3300000000000001       0.84999999999999998       0.14999999999999999        2.7521921225294893E-010   5.8901791405800845E-020   3.1477052845829460E-008   5.1189428752489567E-014   3.0705859676585342E-002
       10001   10000000.000000000        668.64559353987283        87032.451392980889        17.782794100389228        2.3300000000000001       0.84999999999999998       0.14999999999999999        5.2816611578170885E-010   5.2806938849283748E-020   3.2563969417425095E-008   5.5205534314874520E-014   3.1944309528634786E-002
       10001   10000000.000000000        680.79993888257366        92189.448349326631        17.782794100389228        2.3300000000000001       0.84999999999999998       0.14999999999999999        9.7737442274363065E-010   4.6726277334818759E-020   3.3540249068305741E-008   5.9460244650533540E-014   3.3513091460102541E-002
       10001   10000000.000000000        691.89266640181836        97652.016586063502        17.782794100389228        2.3300000000000001       0.84999999999999998       0.14999999999999999        1.7107980780324747E-009   4.0683749637415585E-020   3.4320712489773364E-008   6.3875039047732262E-014   3.5511057172389247E-002
       10001   10000000.000000000        703.64267934895463        103438.26233986193        17.782794100389228        2.3300000000000001       0.84999999999999998       0.14999999999999999        3.0177112653597955E-009   3.4696179243726947E-020   3.4620582068001997E-008   6.8143323270819876E-014   3.7927952044263830E-002
       10001   10000000.000000000        716.08892433409085        109567.36470936458        17.782794100389228        2.3300000000000001       0.84999999999999998       0.14999999999999999        5.3822803412887830E-009   2.8765434713875404E-020   3.3964508652653036E-008   7.1661446631280448E-014   4.0704162085389461E-002
       10001   10000000.000000000        729.27265569906501        116059.63922625296        17.782794100389228        2.3300000000000001       0.84999999999999998       0.14999999999999999        9.5555670683499098E-009   2.2893608910625153E-020   3.1611042716906549E-008   7.3325542425531057E-014   4.3490790133054853E-002
       10001   10000000.000000000        741.15639012705935        122936.60519314058        17.782794100389228        2.3300000000000001       0.84999999999999998       0.14999999999999999        1.5969524082681600E-008   1.7099626364918569E-020   2.7133230312190284E-008   7.2216723660236854E-014   4.6424617692319613E-002
       10001   10000000.000000000        753.52066009186854        130221.05701148394        17.782794100389228        2.3300000000000001       0.84999999999999998       0.14999999999999999        2.6444316387351763E-008   1.1403840605357943E-020   1.8715255687013277E-008   6.5093240049561771E-014   4.6866749732069023E-002
       10001   10000000.000000000        766.61755911119008        137937.13973593831        17.782794100389228        2.3300000000000001       0.84999999999999998       0.14999999999999999        4.1445337973388104E-008   5.8180495545629142E-021   5.9019171703148508E-009   5.0807279749283543E-014   3.0337738349033323E-002
       10001   10000000.000000000        780.49049818567744        146110.42910559292        17.782794100389228        2.3300000000000001       0.84999999999999998       0.14999999999999999        4.9094645174519386E-008   6.2851409122948124E-022   5.8545683927748425E-010   4.2875651321173815E-014   2.5328993530154962E-005
       10001   10000000.000000000        793.27943621460724        154768.01631735137        17.782794100389228        2.3300000000000001       0.84999999999999998       0.14999999999999999        5.2136215191064206E-008   3.5541998668090689E-023   3.1984013010894026E-011   3.7591876230529337E-014   2.4107198739732223E-005
       10001   10000000.000000000        806.66713536409441        163938.59782245383        17.782794100389228        2.3300000000000001       0.84999999999999998       0.14999999999999999        5.4819088981356925E-008   1.3253444279775999E-024   1.1704454146228440E-012   3.2937386969947851E-014   2.2949875487042769E-005
       10001   10000000.000000000        820.84810555974252        173652.57044377620        17.782794100389228        2.3300000000000001       0.84999999999999998       0.14999999999999999        5.7651845581825329E-008   3.6009199695037706E-026   3.1419896007193736E-014   2.8697952007139339E-014   2.1855665305150591E-005
       10001   10000000.000000000        835.86935106610940        183942.13212918109        17.782794100389228        2.3300000000000001       0.84999999999999998       0.14999999999999999        6.0681002385453255E-008   7.5218009915672531E-028   6.4993795263890780E-016   2.4852387562475955E-014   2.0820985848979617E-005
       10001   10000000.000000000        849.70035922379395        194841.38867488838        17.782794100389228        2.3300000000000001       0.84999999999999998       0.14999999999999999        6.3919694768445595E-008   1.3437874411915781E-029   1.0693199837108418E-017   2.1395104977290181E-014   1.9818207825290603E-005
       10001   10000000.000000000        863.93192971732117        206386.46677259143        17.782794100389228        2.3300000000000001       0.84999999999999998       0.14999999999999999        6.7379067551012034E-008   1.1670193836253982E-030   1.4287022110430140E-019   1.8316101185118624E-014   1.8865598651918202E-005
       10001   10000000.000000000        879.00677377771297        218615.63375504629        17.782794100389228        2.3300000000000001       0.84999999999999998       0.14999999999999999        7.1079357311175350E-008   1.0018399473013759E-030   1.5674199602319032E-021   1.5593045321264813E-014   1.7964960253927225E-005
       10001   10000000.000000000        894.53949621095842        231569.42443702623        17.782794100389228        2.3300000000000001       0.84999999999999998       0.14999999999999999        7.5042912430232205E-008   1.0000167300141327E-030   1.4202253288397415E-023   1.3201206977876175E-014   1.7109179826683304E-005
       10001   10000000.000000000        908.91805644598981        245290.77547208132        17.782794100389228        2.3300000000000001       0.84999999999999998       0.14999999999999999        7.9284753115651763E-008   1.0000001260550394E-030   1.0668560892083927E-025   1.1118982240286353E-014   1.6281371674842364E-005
       10001   10000000.000000000        924.14859993763150        259825.16767042750        17.782794100389228        2.3300000000000001       0.84999999999999998       0.14999999999999999        8.3822734221912346E-008   1.0000000007866053E-030   6.6493593775999716E-028   9.3210925147396314E-015   1.5498821827147086E-005
       10001   10000000.000000000        940.28160986762873        275220.77674971428        17.782794100389228        2.3300000000000001       0.84999999999999998       0.14999999999999999        8.8686487897974075E-008   1.0000000000040369E-030   4.3988914289481374E-030   7.7775553079968086E-015   1.4758963856846775E-005
       10001   10000000.000000000        956.14025296175498        291528.63301832200        17.782794100389228        2.3300000000000001       0.84999999999999998       0.14999999999999999        9.3902336116436687E-008   1.0000000000000169E-030   1.0141551436561744E-030   6.4611779970919749E-015   1.4050336964312707E-005
       10001   10000000.000000000        971.76302563334661        308802.79052050057        17.782794100389228        2.3300000000000001       0.84999999999999998       0.14999999999999999        9.9492224830627369E-008   1.0000000000000001E-030   1.0000471401365563E-030   5.3468661648223153E-015   1.3372268335349121E-005
       10001   10000000.000000000        988.31150578332733        327100.50620398164        17.782794100389228        2.3300000000000001       0.84999999999999998       0.14999999999999999        1.0548674220402006E-007   1.0000000000000001E-030   1.0000001218119057E-030   4.4090171458422176E-015   1.2731240813582275E-005
       10001   10000000.000000000        1005.4280222280375        346482.42970394494        17.782794100389228        2.3300000000000001       0.84999999999999998       0.14999999999999999        1.1192414124097145E-007   1.0000000000000001E-030   1.0000000002317165E-030   3.6232383026215461E-015   1.2122666179909551E-005
       10001   10000000.000000000        1021.6497107783869        367012.80437238095        17.782794100389228        2.3300000000000001       0.84999999999999998       0.14999999999999999        1.1883384192096752E-007   1.0000000000000001E-030   1.0000000000002940E-030   2.9687025207978534E-015   1.1536455225116757E-005
       10001   10000000.000000000        1038.8325948040110        388759.68021920888        17.782794100389228        2.3300000000000001       0.84999999999999998       0.14999999999999999        1.2625006659827659E-007   1.0000000000000001E-030   1.0000000000000003E-030   2.4261320371097993E-015   1.0982287858029482E-005
       10001   10000000.000000000        1057.0336287174421        411795.13947092788        17.782794100389228        2.3300000000000001       0.84999999999999998       0.14999999999999999        1.3422390435595794E-007   1.0000000000000001E-030   1.0000000000000001E-030   1.9774966122962247E-015   1.0458346898790054E-005
       10001   10000000.000000000        1074.1975440043311        436195.53549448232        17.782794100389228        2.3300000000000001       0.84999999999999998       0.14999999999999999        1.4279534088614349E-007   1.0000000000000001E-030   1.0000000000000001E-030   1.6079761681244838E-015   9.9531183193398666E-006
       10001   10000000.000000000        1091.9787425112279        462041.74587823276        17.782794100389228        2.3300000000000001       0.84999999999999998       0.14999999999999999        1.5200387323887730E-007   1.0000000000000001E-030   1.0000000000000001E-030   1.3047453661458017E-015   9.4737634758160413E-006
       10001   10000000.000000000        1110.8135432677750        489419.44050893636        17.782794100389228        2.3300000000000001       0.84999999999999998       0.14999999999999999        1.6191002348965818E-007   1.0000000000000001E-030   1.0000000000000001E-030   1.0562498466168209E-015   9.0205768278411719E-006
       10001   10000000.000000000        1128.9680375980781        518419.36553327565        17.782794100389228        2.3300000000000001       0.84999999999999998       0.14999999999999999        1.7256750975332459E-007   1.0000000000000001E-030   1.0000000000000001E-030   8.5306036112206435E-016   8.5852444087060322E-006
       10001   10000000.000000000        1148.0762598030299        549137.64414516836        17.782794100389228        2.3300000000000001       0.84999999999999998       0.14999999999999999        1.8403321203556849E-007   1.0000000000000001E-030   1.0000000000000001E-030   6.8725322174616253E-016   8.1732583513462293E-006
       10001   10000000.000000000        1168.3167153551408        581676.09519584989        17.782794100389228        2.3300000000000001       0.84999999999999998       0.14999999999999999        1.9638728863703464E-007   1.0000000000000001E-030   1.0000000000000001E-030   5.5199721086046138E-016   7.7837357539567679E-006
       10001   10000000.000000000        1186.1715679184338        616142.57068278408        17.782794100389228        2.3300000000000001       0.84999999999999998       0.14999999999999999        2.0967967757105148E-007   1.0000000000000001E-030   1.0000000000000001E-030   4.4201670283199846E-016   7.4042175779182988E-006
       10001   10000000.000000000        1204.7770111225141        652651.31323604856        17.782794100389228        2.3300000000000001       0.84999999999999998       0.14999999999999999        2.2395785341815975E-007   1.0000000000000001E-030   1.0000000000000001E-030   3.5290416710632386E-016   7.0445984528455288E-006
       10001   10000000.000000000        1224.1635894686165        691323.33478713466        17.782794100389228        2.3300000000000001       0.84999999999999998       0.14999999999999999        2.3930974624273817E-007   1.0000000000000001E-030   1.0000000000000001E-030   2.8078456843425829E-016   6.7037835216631031E-006
       10001   10000000.000000000        1242.3557923282392        732286.81767525827        17.782794100389228        2.3300000000000001       0.84999999999999998       0.14999999999999999        2.5580451250610601E-007   1.0000000000000001E-030   1.0000000000000001E-030   2.2260250500605973E-016   6.3755888477047402E-006
       10001   10000000.000000000        1261.6259509764759        775677.53952074063        17.782794100389228        2.3300000000000001       0.84999999999999998       0.14999999999999999        2.7351921278512503E-007   1.0000000000000001E-030   1.0000000000000001E-030   1.7582226909873322E-016   6.0654009813152907E-006
       10001   10000000.000000000        1282.0388973412043        821639.32327369694        17.782794100389228        2.3300000000000001       0.84999999999999998       0.14999999999999999        2.9256972582017881E-007   1.0000000000000001E-030   1.0000000000000001E-030   1.3828836056541909E-016   5.7722025316512476E-006
       10001   10000000.000000000        1304.6474681458305        870324.51392981003        17.782794100389228        2.3300000000000001       0.84999999999999998       0.14999999999999999        3.1310004737227498E-007   1.0000000000000001E-030   1.0000000000000001E-030   1.0822941048635235E-016   5.4971074388130537E-006
       10001   10000000.000000000        1328.5956809915660        921894.48349326500        17.782794100389228        2.3300000000000001       0.84999999999999998       0.14999999999999999        3.3527175713684794E-007   1.0000000000000001E-030   1.0000000000000001E-030   8.4212549525360748E-017   5.2369761163835274E-006
       10001   10000000.000000000        1350.6477681833053        976520.16586063348        17.782794100389228        2.3300000000000001       0.84999999999999998       0.14999999999999999        3.5918962441698938E-007   1.0000000000000001E-030   1.0000000000000001E-030   6.5134579233132844E-017   4.9848412529161977E-006
       10001   10000000.000000000        1372.0078844318357        1034382.6233986198        17.782794100389228        2.3300000000000001       0.84999999999999998       0.14999999999999999        3.8492489415623083E-007   1.0000000000000001E-030   1.0000000000000001E-030   5.0092937840158393E-017   4.7430130728153100E-006
       10001   10000000.000000000        1394.5307917899142        1095673.6470936439        17.782794100389228        2.3300000000000001       0.84999999999999998       0.14999999999999999        4.1260749158871505E-007   1.0000000000000001E-030   1.0000000000000001E-030   3.8297666928003049E-017   4.5142498759077810E-006
       10001   10000000.000000000        1416.1632578913259        1160596.3922625296        17.782794100389228        2.3300000000000001       0.84999999999999998       0.14999999999999999        4.4236970569350229E-007   1.0000000000000001E-030   1.0000000000000001E-030   2.9100811659535009E-017   4.2946055923564241E-006
       10001   10000000.000000000        1439.0775281940175        1229366.0519314078        17.782794100389228        2.3300000000000001       0.84999999999999998       0.14999999999999999        4.7435333983737359E-007   1.0000000000000001E-030   1.0000000000000001E-030   2.1970167299314236E-017   4.0869898688546936E-006
       10001   10000000.000000000        1462.4961653623689        1302210.5701148405        17.782794100389228        2.3300000000000001       0.84999999999999998       0.14999999999999999        5.0873939590287822E-007   1.0000000000000001E-030   1.0000000000000001E-030   1.6466460854872184E-017   3.8895856038335630E-006
       10001   10000000.000000000        1486.2708850002102        1379371.3973593852        17.782794100389228        2.3300000000000001       0.84999999999999998       0.14999999999999999        5.4569786523372551E-007   1.0000000000000001E-030   1.0000000000000001E-030   1.2238406961922155E-017   3.7016816878176174E-006
       10001   10000000.000000000        1500.8872896207452        1461104.2910559282        17.782794100389228        2.3300000000000001       0.84999999999999998       0.14999999999999999        5.8514950034026595E-007   1.0000000000000001E-030   1.0000000000000001E-030   9.0234038191977587E-018   3.5116934922337700E-006
       10001   10000000.000000000        1500.8872896207452        1547680.1631735172        17.782794100389228        2.3300000000000001       0.84999999999999998       0.14999999999999999        6.2656611759523512E-007   1.0000000000000001E-030   1.0000000000000001E-030   6.6241017411464349E-018   3.3151742566241001E-006
       10001   10000000.000000000        1500.8872896207452        1639385.9782245392        17.782794100389228        2.3300000000000001       0.84999999999999998       0.14999999999999999        6.6960119918515338E-007   1.0000000000000001E-030   1.0000000000000001E-030   4.8541771361844597E-018   3.1296448800634824E-006
       10001   10000000.000000000        1500.8872896207452        1736525.7044377567        17.782794100389228        2.3300000000000001       0.84999999999999998       0.14999999999999999        7.1428356678847225E-007   1.0000000000000001E-030   1.0000000000000001E-030   3.5509659158111598E-018   2.9544904733562255E-006
       10001   10000000.000000000        1500.8872896207452        1839421.3212918125        17.782794100389228        2.3300000000000001       0.84999999999999998       0.14999999999999999        7.6063482161711853E-007   1.0000000000000001E-030   1.0000000000000001E-030   2.5931266449439995E-018   2.7891305399089841E-006
       10001   10000000.000000000        1500.8872896207452        1948413.8867488836        17.782794100389228        2.3300000000000001       0.84999999999999998       0.14999999999999999        8.0866916900691206E-007   1.0000000000000001E-030   1.0000000000000001E-030   1.8903662770579798E-018   2.6330170518744693E-006
       10001   10000000.000000000        1500.8872896207452        2063864.6677259144        17.782794100389228        2.3300000000000001       0.84999999999999998       0.14999999999999999        8.5839326151461447E-007   1.0000000000000001E-030   1.0000000000000001E-030   1.3756486665353983E-018   2.4856326339391758E-006
       10001   10000000.000000000        1500.8872896207452        2186156.3375504618        17.782794100389228        2.3300000000000001       0.84999999999999998       0.14999999999999999        9.0980606370155486E-007   1.0000000000000001E-030   1.0000000000000001E-030   9.9930868240977914E-019   2.3464888487376332E-006
       10001   10000000.000000000        1500.8872896207452        2315694.2443702682        17.782794100389228        2.3300000000000001       0.84999999999999998       0.14999999999999999        9.6289874174127952E-007   1.0000000000000001E-030   1.0000000000000001E-030   7.2462234507563184E-019   2.2151245782126847E-006
       10001   10000000.000000000        1500.8872896207452        2452907.7547208150        17.782794100389228        2.3300000000000001       0.84999999999999998       0.14999999999999999        1.0176545808979034E-006   1.0000000000000001E-030   1.0000000000000001E-030   5.2448420021910540E-019   2.0911044955597220E-006
       10001   10000000.000000000        1500.8872896207452        2598251.6767042740        17.782794100389228        2.3300000000000001       0.84999999999999998       0.14999999999999999        1.0740489337834491E-006   1.0000000000000001E-030   1.0000000000000001E-030   3.7892280868174147E-019   1.9740176226933505E-006
       10001   10000000.000000000        1500.8872896207452        2752207.7674971470        17.782794100389228        2.3300000000000001       0.84999999999999998       0.14999999999999999        1.1320492021173252E-006   1.0000000000000001E-030   1.0000000000000001E-030   2.7324794057297113E-019   1.8634759684588323E-006
       10001   10000000.000000000        1500.8872896207452        2915286.3301832201        17.782794100389228        2.3300000000000001       0.84999999999999998       0.14999999999999999        1.1916148544811103E-006   1.0000000000000001E-030   1.0000000000000001E-030   1.9667209741174581E-019   1.7591132430788201E-006
       10001   10000000.000000000        1500.8872896207452        3088027.9052050021        17.782794100389228        2.3300000000000001       0.84999999999999998       0.14999999999999999        1.2526974822891191E-006   1.0000000000000001E-030   1.0000000000000001E-030   1.4128703251538780E-019   1.6605836445787310E-006
       10001   10000000.000000000        1500.8872896207452        3271005.0620398247        17.782794100389228        2.3300000000000001       0.84999999999999998       0.14999999999999999        1.3152408958826491E-006   1.0000000000000001E-030   1.0000000000000001E-030   1.0130522840716059E-019   1.5675607131736391E-006
       10001   10000000.000000000        1500.8872896207452        3464824.2970394436        17.782794100389228        2.3300000000000001       0.84999999999999998       0.14999999999999999        1.3791812623070233E-006   1.0000000000000001E-030   1.0000000000000001E-030   7.2498671152728518E-020   1.4797362498250290E-006
       10001   10000000.000000000        1500.8872896207452        3670128.0437238198        17.782794100389228        2.3300000000000001       0.84999999999999998       0.14999999999999999        1.4444472859492321E-006   1.0000000000000001E-030   1.0000000000000001E-030   5.1784253224950783E-020   1.3968192953891690E-006
       10001   10000000.000000000        1500.8872896207452        3887596.8021920808        17.782794100389228        2.3300000000000001       0.84999999999999998       0.14999999999999999        1.5109604328048482E-006   1.0000000000000001E-030   1.0000000000000001E-030   3.6917965665105564E-020   1.3185351669804909E-006
       10001   10000000.000000000        1500.8872896207452        4117951.3947092807        17.782794100389228        2.3300000000000001       0.84999999999999998       0.14999999999999999        1.5786351987107415E-006   1.0000000000000001E-030   1.0000000000000001E-030   2.6269683396864094E-020   1.2446245483633797E-006
       10001   10000000.000000000        1500.8872896207452        4361955.3549448149        17.782794100389228        2.3300000000000001       0.84999999999999998       0.14999999999999999        1.6473794214303449E-006   1.0000000000000001E-030   1.0000000000000001E-030   1.8657570401737954E-020   1.1748426313660045E-006
       10001   10000000.000000000        1500.8872896207452        4620417.4587823180        17.782794100389228        2.3300000000000001       0.84999999999999998       0.14999999999999999        1.7170946360164478E-006   1.0000000000000001E-030   1.0000000000000001E-030   1.3226527074706850E-020   1.1089583054793251E-006
       10001   10000000.000000000        1500.8872896207452        4894194.4050893541        17.782794100389228        2.3300000000000001       0.84999999999999998       0.14999999999999999        1.7876764724085751E-006   1.0000000000000001E-030   1.0000000000000001E-030   9.3591246612228916E-021   1.0467533929652349E-006
       10001   10000000.000000000        1500.8872896207452        5184193.6553327413        17.782794100389228        2.3300000000000001       0.84999999999999998       0.14999999999999999        1.8590150937540896E-006   1.0000000000000001E-030   1.0000000000000001E-030   6.6104661311782470E-021   9.8802192694926244E-007
       10001   10000000.000000000        1500.8872896207452        5491376.4414516753        17.782794100389228        2.3300000000000001       0.84999999999999998       0.14999999999999999        1.9309956734804406E-006   1.0000000000000001E-030   1.0000000000000001E-030   4.6606393195986925E-021   9.3256947011664816E-007
       10001   10000000.000000000        1500.8872896207452        5816760.9519584905        17.782794100389228        2.3300000000000001       0.84999999999999998       0.14999999999999999        2.0034989086964616E-006   1.0000000000000001E-030   1.0000000000000001E-030   3.2800819284898063E-021   8.8021247176593535E-007
       10001   10000000.000000000        1500.8872896207452        6161425.7068278287        17.782794100389228        2.3300000000000001       0.84999999999999998       0.14999999999999999        2.0764015670694838E-006   1.0000000000000001E-030   1.0000000000000001E-030   2.3044051292972707E-021   8.3077766110205446E-007
       10001   10000000.000000000        1500.8872896207452        6526513.1323604891        17.782794100389228        2.3300000000000001       0.84999999999999998       0.14999999999999999        2.1495770639184692E-006   1.0000000000000001E-030   1.0000000000000001E-030   1.6161321024083143E-021   7.8410147477161979E-007
       10001   10000000.000000000        1500.8872896207452        6913233.3478713343        17.782794100389228        2.3300000000000001       0.84999999999999998       0.14999999999999999        2.2228960658862509E-006   1.0000000000000001E-030   1.0000000000000001E-030   1.1314812401717699E-021   7.4002951675702557E-007
       10001   10000000.000000000        1500.8872896207452        7322868.1767525990        17.782794100389228        2.3300000000000001       0.84999999999999998       0.14999999999999999        2.2962271172125427E-006   1.0000000000000001E-030   1.0000000000000001E-030   7.9082155121339134E-022   6.9841604885335736E-007
       10001   10000000.000000000        1500.8872896207452        7756775.3952074023        17.782794100389228        2.3300000000000001       0.84999999999999998       0.14999999999999999        2.3694372843276453E-006   1.0000000000000001E-030   1.0000000000000001E-030   5.5179521500419125E-022   6.5912351005331725E-007
       10001   10000000.000000000        1500.8872896207452        8216393.2327369750        17.782794100389228        2.3300000000000001       0.84999999999999998       0.14999999999999999        2.4423928142296659E-006   1.0000000000000001E-030   1.0000000000000001E-030   3.8437290619722972E-022   6.2202206326038759E-007
       10001   10000000.000000000        1500.8872896207452        8703245.1392981168        17.782794100389228        2.3300000000000001       0.84999999999999998       0.14999999999999999        2.5149598018989877E-006   1.0000000000000001E-030   1.0000000000000001E-030   2.6730650714863001E-022   5.8698916783986116E-007
       10001   10000000.000000000        1500.8872896207452        9218944.8349326625        17.782794100389228        2.3300000000000001       0.84999999999999998       0.14999999999999999        2.5870048618458451E-006   1.0000000000000001E-030   1.0000000000000001E-030   1.8558981387134738E-022   5.5390917660070437E-007
       10001   10000000.000000000        1500.8872896207452        9765201.6586063262        17.782794100389228        2.3300000000000001       0.84999999999999998       0.14999999999999999        2.6583957987827402E-006   1.0000000000000001E-030   1.0000000000000001E-030   1.2864469118142599E-022   5.2267295587908481E-007
       10001   10000000.000000000        1500.8872896207452        10343826.233986206        17.782794100389228        2.3300000000000001       0.84999999999999998       0.14999999999999999        2.7290022723644895E-006   1.0000000000000001E-030   1.0000000000000001E-030   8.9028151810973651E-023   4.9317752746641817E-007
       10001   10000000.000000000        1500.8872896207452        10956736.470936455        17.782794100389228        2.3300000000000001       0.84999999999999998       0.14999999999999999        2.7986964509460698E-006   1.0000000000000001E-030   1.0000000000000001E-030   6.1512661945335585E-023   4.6532573119109087E-007
       10001   10000000.000000000        1500.8872896207452        11605963.922625303        17.782794100389228        2.3300000000000001       0.84999999999999998       0.14999999999999999        2.8673536493721068E-006   1.0000000000000001E-030   1.0000000000000001E-030   4.2433265357844390E-023   4.3902590702329845E-007
       10001   10000000.000000000        1500.8872896207452        12293660.519314045        17.782794100389228        2.3300000000000001       0.84999999999999998       0.14999999999999999        2.9348529459312208E-006   1.0000000000000001E-030   1.0000000000000001E-030   2.9225043948281707E-023   4.1419159562674429E-007
       10001   10000000.000000000        1500.8872896207452        13022105.701148389        17.782794100389228        2.3300000000000001       0.84999999999999998       0.14999999999999999        3.0010777737820974E-006   1.0000000000000001E-030   1.0000000000000001E-030   2.0096068121461198E-023   3.9074125632871551E-007
       10001   10000000.000000000        1500.8872896207452        13793713.973593859        17.782794100389228        2.3300000000000001       0.84999999999999998       0.14999999999999999        3.0659164823838512E-006   1.0000000000000001E-030   1.0000000000000001E-030   1.3796594301135195E-023   3.6859800152126620E-007
       10001   10000000.000000000        1500.8872896207452        14611042.910559298        17.782794100389228        2.3300000000000001       0.84999999999999998       0.14999999999999999        3.1292628647381619E-006   1.0000000000000001E-030   1.0000000000000001E-030   9.4564934323178562E-024   3.4768934654031572E-007
       10001   10000000.000000000        1500.8872896207452        15476801.631735150        17.782794100389228        2.3300000000000001       0.84999999999999998       0.14999999999999999        3.1910166465711421E-006   1.0000000000000001E-030   1.0000000000000001E-030   6.4709524135017432E-024   3.2794697409630188E-007
       10001   10000000.000000000        1500.8872896207452        16393859.782245392        17.782794100389228        2.3300000000000001       0.84999999999999998       0.14999999999999999        3.2510839339448188E-006   1.0000000000000001E-030   1.0000000000000001E-030   4.4202608294464509E-024   3.0930651234912978E-007
       10001   10000000.000000000        1500.8872896207452        17365257.044377591        17.782794100389228        2.3300000000000001       0.84999999999999998       0.14999999999999999        3.3093776161867900E-006   1.0000000000000001E-030   1.0000000000000001E-030   3.0136181764948910E-024   2.9170732573145540E-007
       10001   10000000.000000000        1500.8872896207452        18394213.212918147        17.782794100389228        2.3300000000000001       0.84999999999999998       0.14999999999999999        3.3658177214565917E-006   1.0000000000000001E-030   1.0000000000000001E-030   2.0498358345877537E-024   2.7509231762780213E-007
       10001   10000000.000000000        1500.8872896207452        19484138.867488828        17.782794100389228        2.3300000000000001       0.84999999999999998       0.14999999999999999        3.4203317227234066E-006   1.0000000000000001E-030   1.0000000000000001E-030   1.3898986065052388E-024   2.5940774401288786E-007
       10001   10000000.000000000        1500.8872896207452        20638646.677259117        17.782794100389228        2.3300000000000001       0.84999999999999998       0.14999999999999999        3.4728547924057670E-006   1.0000000000000001E-030   1.0000000000000001E-030   9.3783440701540139E-025   2.4460303714154737E-007
       10001   10000000.000000000        1500.8872896207452        21861563.375504632        17.782794100389228        2.3300000000000001       0.84999999999999998       0.14999999999999999        3.5233300044136538E-006   1.0000000000000001E-030   1.0000000000000001E-030   6.2739143005000425E-025   2.3063063836600429E-007
       10001   10000000.000000000        1500.8872896207452        23156942.443702683        17.782794100389228        2.3300000000000001       0.84999999999999998       0.14999999999999999        3.5717084828311669E-006   1.0000000000000001E-030   1.0000000000000001E-030   4.1276449164836137E-025   2.1744583913590413E-007
       10001   10000000.000000000        1500.8872896207452        24529077.547208119        17.782794100389228        2.3300000000000001       0.84999999999999998       0.14999999999999999        3.6179494969769141E-006   1.0000000000000001E-030   1.0000000000000001E-030   2.6213540005462112E-025   2.0500662921532155E-007
       10001   10000000.000000000        1500.8872896207452        25982516.767042771        17.782794100389228        2.3300000000000001       0.84999999999999998       0.14999999999999999        3.6620205030736133E-006   1.0000000000000001E-030   1.0000000000000001E-030   1.5315974603377312E-025   1.9327355113273289E-007
       10001   10000000.000000000        1500.8872896207452        27522077.674971454        17.782794100389228        2.3300000000000001       0.84999999999999998       0.14999999999999999        3.7038971332424550E-006   1.0000000000000001E-030   1.0000000000000001E-030   6.9789670263558746E-026   1.8220955986964717E-007
       10001   10000000.000000000        1500.8872896207452        29152863.301832128        17.782794100389228        2.3300000000000001       0.84999999999999998       0.14999999999999999        3.7435631330472103E-006   1.0000000000000001E-030   1.0000000000000001E-030   1.0000000000000001E-030   1.7177988679733755E-007
