     2000001   1000000000.0000000        173.32350303863291        308.80279052050065        17.782794100389228        2.3300000000000001       0.84999999999999998       0.14999999999999999        3.6009705595994820E-020   1.0162521803699472E-020   4.0656051130829926E-008   3.2335243895878428E-013  0.84174229386088539        28.661458175160099        37.943038972911360     
     2000001   1000000000.0000000        174.10607767662665        327.10050620398164        17.782794100389228        2.3300000000000001       0.84999999999999998       0.14999999999999999        3.6009705595994820E-020   1.0162521803699472E-020   4.0656051130829926E-008   3.2335243895878428E-013  0.79644792642217821        27.108474272159214        35.891622973630732     
     2000001   1000000000.0000000        174.93502277715083        346.48242970394421        17.782794100389228        2.3300000000000001       0.84999999999999998       0.14999999999999999        3.6036786110987982E-020   1.0163460073420316E-020   4.0785175265284708E-008   3.2471776199336563E-013  0.75445698610135314        25.669503797314732        33.993750837056893     
     2000001   1000000000.0000000        175.81308596284856        367.01280437238137        17.782794100389228        2.3300000000000001       0.84999999999999998       0.14999999999999999        3.6086830481420044E-020   1.0165131369096504E-020   4.1019575532932437E-008   3.2721254656846519E-013  0.71536470065859492        24.330899891088809        32.231556044156754     
     2000001   1000000000.0000000        176.74317766323992        388.75968021920829        17.782794100389228        2.3300000000000001       0.84999999999999998       0.14999999999999999        3.6159978124492699E-020   1.0167448849944779E-020   4.1352646979650288E-008   3.3078761291774068E-013  0.67890804414309047        23.083837472764863        30.593570421178224     
     2000001   1000000000.0000000        177.72838076163592        411.79513947092835        17.782794100389228        2.3300000000000001       0.84999999999999998       0.14999999999999999        3.6257305659811242E-020   1.0170352273622992E-020   4.1780351240140826E-008   3.3541820249073904E-013  0.64486124148589985        21.920781049710239        29.070039217773807     
     2000001   1000000000.0000000        178.77196081366807        436.19553549448216        17.782794100389228        2.3300000000000001       0.84999999999999998       0.14999999999999999        3.6380029567290913E-020   1.0173784375452239E-020   4.2298164793945103E-008   3.4107226113213364E-013  0.61301610847980303        20.834818206532336        27.652025892113453     
     2000001   1000000000.0000000        179.87737687130391        462.04174587823252        17.782794100389228        2.3300000000000001       0.84999999999999998       0.14999999999999999        3.6529582562609147E-020   1.0177691919059941E-020   4.2901693440213856E-008   3.4771839437283448E-013  0.58318431878303134        19.819733265237549        26.331501035607310     
     2000001   1000000000.0000000        181.04829294822545        489.41944050893699        17.782794100389228        2.3300000000000001       0.84999999999999998       0.14999999999999999        3.6707675375929050E-020   1.0182027290482165E-020   4.3586872288377824E-008   3.5532782697313067E-013  0.55519671435918772        18.869980515272797        25.101297678745411     
     2000001   1000000000.0000000        182.24948175866456        518.41936553327446        17.782794100389228        2.3300000000000001       0.84999999999999998       0.14999999999999999        3.6916280604704418E-020   1.0186747845904908E-020   4.4349951082638279E-008   3.6387445320619435E-013  0.52884475508542861        17.978717219657796        23.952662781791872     
     2000001   1000000000.0000000        183.30810510507121        549.13764414516834        17.782794100389228        2.3300000000000001       0.84999999999999998       0.14999999999999999        3.7157415889339805E-020   1.0191811002542040E-020   4.5186724085559166E-008   3.7332621975755473E-013  0.50375556164910607        17.133733334732860        22.870428994074331     
     2000001   1000000000.0000000        184.42945582831206        581.67609519585039        17.782794100389228        2.3300000000000001       0.84999999999999998       0.14999999999999999        3.7433399238446406E-020   1.0197178189074807E-020   4.6093204664022354E-008   3.8365269087626411E-013  0.48011281271452128        16.341478999110603        21.862452312806379     
     2000001   1000000000.0000000        185.61725075913512        616.14257068278266        17.782794100389228        2.3300000000000001       0.84999999999999998       0.14999999999999999        3.7747186983934940E-020   1.0202817631523986E-020   4.7066218421616012E-008   3.9483215330502364E-013  0.45780593406611397        15.598472500361929        20.924123577807894     
     2000001   1000000000.0000000        186.87542696435622        652.65131323604942        17.782794100389228        2.3300000000000001       0.84999999999999998       0.14999999999999999        3.8102195815295068E-020   1.0208698824119709E-020   4.8102549813341407E-008   4.0684216811788174E-013  0.43673485898254721        14.901584276717145        20.051218502437592     
     2000001   1000000000.0000000        188.20815479666609        691.32333478713554        17.782794100389228        2.3300000000000001       0.84999999999999998       0.14999999999999999        3.8502365992341106E-020   1.0214793728743921E-020   4.9199152832326673E-008   4.1966198941852077E-013  0.41680963533246412        14.248015686265614        19.239863594246835     
     2000001   1000000000.0000000        189.61985171768777        732.28681767525904        17.782794100389228        2.3300000000000001       0.84999999999999998       0.14999999999999999        3.8952237731424032E-020   1.0221077122005997E-020   5.0353239342246178E-008   4.3327367152406982E-013  0.39794954172246827        13.635260809903405        18.486482309705700     
     2000001   1000000000.0000000        191.11519694010116        775.67753952073815        17.782794100389228        2.3300000000000001       0.84999999999999998       0.14999999999999999        3.9457041765084550E-020   1.0227526346065507E-020   5.1562277635510670E-008   4.4766219616855523E-013  0.38008199608573934        13.061060855595544        17.787734293466507     
     2000001   1000000000.0000000        192.69914693736885        821.63932327369855        17.782794100389228        2.3300000000000001       0.84999999999999998       0.14999999999999999        4.0022807296830927E-020   1.0234121139154834E-020   5.2823999744471207E-008   4.6281569156114780E-013  0.36314159610123331        12.523363159499029        17.140464716024461     
     2000001   1000000000.0000000        194.37695187246899        870.32451392980943        17.782794100389228        2.3300000000000001       0.84999999999999998       0.14999999999999999        4.0656491253530894E-020   1.0240843455966864E-020   5.4136405745453715E-008   4.7872562085730372E-013  0.34706925260634996        12.020283756515713        16.541662342610763     
     2000001   1000000000.0000000        196.15417300009480        921.89448349326551        17.782794100389228        2.3300000000000001       0.84999999999999998       0.14999999999999999        4.1366133429235487E-020   1.0247677362231226E-020   5.5497780049760679E-008   4.9538712439303555E-013  0.33181144289826725        11.550074892514235        15.988428187232456     
     2000001   1000000000.0000000        198.03670109999612        976.52016586063326        17.782794100389228        2.3300000000000001       0.84999999999999998       0.14999999999999999        4.2161047556318508E-020   1.0254609346150451E-020   5.6906788534189712E-008   5.1280040838201555E-013  0.31731969051351872        11.111102168628285        15.477961614155848     
     2000001   1000000000.0000000        199.81612173397178        1034.3826233986215        17.782794100389228        2.3300000000000001       0.84999999999999998       0.14999999999999999        4.3051097627809849E-020   1.0261621378261735E-020   5.8361066081988002E-008   5.3095333449752611E-013  0.30338460212734136        10.697788732870917        15.004247477318884     
     2000001   1000000000.0000000        201.69839004868282        1095.6736470936448        17.782794100389228        2.3300000000000001       0.84999999999999998       0.14999999999999999        4.4047579174831222E-020   1.0268697396318275E-020   5.9858504572368625E-008   5.4983701520036685E-013  0.29013307965484675        10.313128232246230        14.568679634961697     
     2000001   1000000000.0000000        203.69218977282378        1160.5963922625303        17.782794100389228        2.3300000000000001       0.84999999999999998       0.14999999999999999        4.5164599701591531E-020   1.0275828621290002E-020   6.1398462830818196E-008   5.6946124542824202E-013  0.27752999923489685        9.9557434088280079        14.168683942745885     
     2000001   1000000000.0000000        205.80412955787756        1229.3660519314089        17.782794100389228        2.3300000000000001       0.84999999999999998       0.14999999999999999        4.6418654248063216E-020   1.0283006508351697E-020   6.2980354674513339E-008   5.8983711610419121E-013  0.26554078687302318        9.6242170658932817        13.801673049040922     
     2000001   1000000000.0000000        208.04120964254577        1302.2105701148396        17.782794100389228        2.3300000000000001       0.84999999999999998       0.14999999999999999        4.7829080361733461E-020   1.0290223557963944E-020   6.4603823979637564E-008   6.1097930687472249E-013  0.25413336644495532        9.3171455436660722        13.465117070401838     
     2000001   1000000000.0000000        210.41084505575060        1379.3713973593856        17.782794100389228        2.3300000000000001       0.84999999999999998       0.14999999999999999        4.9418636125224865E-020   1.0297473471643010E-020   6.6268795429599236E-008   6.3290684468476586E-013  0.24327793766602029        9.0331364138238541        13.156559234032819     
     2000001   1000000000.0000000        212.92089019449983        1461.1042910559318        17.782794100389228        2.3300000000000001       0.84999999999999998       0.14999999999999999        5.1214217579710162E-020   1.0304751081126056E-020   6.7975479971063507E-008   6.5564330367548033E-013  0.23294671858412996        8.7708066053205727        12.873628117557683     
     2000001   1000000000.0000000        215.57966485808311        1547.6801631735186        17.782794100389228        2.3300000000000001       0.84999999999999998       0.14999999999999999        5.3247754345216673E-020   1.0312052283202633E-020   6.9724380721105034E-008   6.7921702862561927E-013  0.22311372406526100        8.5287835680319617        12.614050073018394     
     2000001   1000000000.0000000        218.39598182489061        1639.3859782245424        17.782794100389228        2.3300000000000001       0.84999999999999998       0.14999999999999999        5.5557334913590379E-020   1.0319374010629442E-020   7.1516309714197719E-008   7.0366155034635496E-013  0.21375458550776408        8.3057094488203074        12.375661689593557     
     2000001   1000000000.0000000        221.37917606326144        1736.5257044377579        17.782794100389228        2.3300000000000001       0.84999999999999998       0.14999999999999999        5.8188638870598350E-020   1.0326714487567325E-020   7.3352491796559182E-008   7.2901738216507063E-013  0.20484647214686466        8.1002513123270745        12.156427553660450     
     2000001   1000000000.0000000        224.30347948250554        1839.4213212918128        17.782794100389228        2.3300000000000001       0.84999999999999998       0.14999999999999999        6.1193625534448272E-020   1.0334066388788386E-020   7.5232893349668507E-008   7.5530939030502246E-013  0.19626342983101724        7.9106500602711982        11.955735418111804     
     2000001   1000000000.0000000        227.11787285463970        1948.4138867488846        17.782794100389228        2.3300000000000001       0.84999999999999998       0.14999999999999999        6.4630453688426232E-020   1.0341415956740549E-020   7.7155882334776261E-008   7.8254123252167258E-013  0.18797404010581900        7.7362736599121273        11.772825345320076     
     2000001   1000000000.0000000        230.09902951818694        2063.8646677259139        17.782794100389228        2.3300000000000001       0.84999999999999998       0.14999999999999999        6.8572337806134674E-020   1.0348757269018349E-020   7.9121791462114926E-008   8.1074431715616786E-013  0.18008155837528564        7.5765351062068227        11.604576696680972     
     2000001   1000000000.0000000        233.25683081938666        2186.1563375504652        17.782794100389228        2.3300000000000001       0.84999999999999998       0.14999999999999999        7.3113111722780126E-020   1.0356091440860483E-020   8.1132804315851869E-008   8.3997686985973290E-013  0.17256786810487734        7.4301939023270007        11.449384073470384     
     2000001   1000000000.0000000        236.60174361105186        2315.6942443702628        17.782794100389228        2.3300000000000001       0.84999999999999998       0.14999999999999999        7.8368088689797271E-020   1.0363419170915963E-020   8.3191090182269277E-008   8.7029837072259039E-013  0.16541546151405034        7.2960426813529411        11.305753993670736     
     2000001   1000000000.0000000        240.14485494601658        2452.9077547208085        17.782794100389228        2.3300000000000001       0.84999999999999998       0.14999999999999999        8.4479931280103038E-020   1.0370741658344367E-020   8.5299087231253256E-008   9.0177410324140472E-013  0.15860761998201328        7.1729283312803140        11.172325043788508     
     2000001   1000000000.0000000        243.89790882629586        2598.2516767042762        17.782794100389228        2.3300000000000001       0.84999999999999998       0.14999999999999999        9.1626395330976468E-020   1.0378060709236642E-020   8.7459552498181283E-008   9.3447623460787438E-013  0.15212839072343676        7.0597603700066607        11.047867009986906     
     2000001   1000000000.0000000        247.87334512977290        2752.2077674971461        17.782794100389228        2.3300000000000001       0.84999999999999998       0.14999999999999999        1.0003055269557302E-019   1.0385378739695565E-020   8.9675587586755286E-008   9.6848460013389336E-013  0.14596254661164182        6.9555165798180969        10.931276278412575     
     2000001   1000000000.0000000        252.08434084343588        2915.2863301832235        17.782794100389228        2.3300000000000001       0.84999999999999998       0.14999999999999999        1.0997394006025867E-019   1.0392698981102519E-020   9.1950774063535718E-008   1.0038895136023902E-012  0.14009560300032597        6.8592512434193127        10.821576881949834     
     2000001   1000000000.0000000        256.35176955113928        3088.0279052049968        17.782794100389228        2.3300000000000001       0.84999999999999998       0.14999999999999999        1.2180475265175260E-019   1.0400021300473147E-020   9.4288153592880926E-008   1.0407777981716070E-012  0.13446265647629504        6.7711617770547505        10.720273356318664     
     2000001   1000000000.0000000        259.33264855037766        3271.0050620398224        17.782794100389228        2.3300000000000001       0.84999999999999998       0.14999999999999999        1.3588420510301428E-019   1.0407307703175378E-020   9.6679468161134894E-008   1.0790633311538018E-012  0.12871715945448381        6.6986446866487546        10.643553028247366     
     2000001   1000000000.0000000        262.49015573462350        3464.8242970394485        17.782794100389228        2.3300000000000001       0.84999999999999998       0.14999999999999999        1.5266684624254578E-019   1.0414531083606279E-020   9.9119997158334895E-008   1.1187149484588549E-012  0.12324602798607537        6.6329434534475444        10.572392929186970     
     2000001   1000000000.0000000        265.83475698180990        3670.1280437238142        17.782794100389228        2.3300000000000001       0.84999999999999998       0.14999999999999999        1.7282458222157249E-019   1.0421697844660857E-020   1.0161483218548841E-007   1.1598538933987368E-012  0.11803786067325860        6.5732694018496822        10.506120983790478     
     2000001   1000000000.0000000        269.37753831212490        3887.5968021920930        17.782794100389228        2.3300000000000001       0.84999999999999998       0.14999999999999999        1.9722883553441210E-019   1.0428811480120042E-020   1.0416787563380864E-007   1.2025836972359160E-012  0.11308098904474607        6.5188535496337092        10.444063492209731     
     2000001   1000000000.0000000        273.13024263374933        4117.9513947092819        17.782794100389228        2.3300000000000001       0.84999999999999998       0.14999999999999999        2.2702001816473759E-019   1.0435875509149856E-020   1.0678319788723681E-007   1.2470142033478105E-012  0.10836411554953899        6.4689967323750457        10.385621733273004     
     2000001   1000000000.0000000        277.10530866591904        4361.9553549448192        17.782794100389228        2.3300000000000001       0.84999999999999998       0.14999999999999999        2.6370484519627751E-019   1.0442893791957631E-020   1.0946520886370238E-007   1.2932650877610621E-012  0.10387636984509895        6.4230726570717689        10.330272913250960     
     2000001   1000000000.0000000        281.31591216832055        4620.4174587823209        17.782794100389228        2.3300000000000001       0.84999999999999998       0.14999999999999999        3.0929389308920785E-019   1.0449870531533279E-020   1.1221868989169665E-007   1.3414670122847600E-012   9.9607301882132779E-002   6.3805247157934550        10.277562822721920     
     2000001   1000000000.0000000        285.77600961348406        4894.1944050893653        17.782794100389228        2.3300000000000001       0.84999999999999998       0.14999999999999999        3.6649816941826786E-019   1.0456810270464154E-020   1.1504883727537020E-007   1.3917631095371274E-012   9.5546876346169513E-002   6.3408624007117709        10.227099509731433     
     2000001   1000000000.0000000        290.50038444692700        5184.1936553327541        17.782794100389228        2.3300000000000001       0.84999999999999998       0.14999999999999999        4.3901355580084871E-019   1.0463718107921049E-020   1.1796151817707489E-007   1.4443148841280295E-012   9.1685518823625467E-002   6.3036637302579290        10.178558116043043     
     2000001   1000000000.0000000        294.85462603116417        5491.3764414516872        17.782794100389228        2.3300000000000001       0.84999999999999998       0.14999999999999999        5.3173356632950236E-019   1.0470585553315480E-020   1.2095774889376553E-007   1.4992041972387737E-012   8.7915916828547325E-002   6.2738844496141803        10.140758013432418     
     2000001   1000000000.0000000        299.12145805338122        5816.7609519585039        17.782794100389228        2.3300000000000001       0.84999999999999998       0.14999999999999999        6.5125616567834529E-019   1.0477399371767281E-020   1.2403740867365752E-007   1.5564974455428760E-012   8.4281609288817200E-002   6.2488729593767918        10.109307950119538     
     2000001   1000000000.0000000        303.64111576762042        6161.4257068278412        17.782794100389228        2.3300000000000001       0.84999999999999998       0.14999999999999999        8.0699175906209319E-019   1.0484159407581140E-020   1.2720557264596235E-007   1.6163582078250981E-012   8.0825260795982901E-002   6.2255506301434691        10.079220142359109     
     2000001   1000000000.0000000        308.42858003795430        6526.5131323604819        17.782794100389228        2.3300000000000001       0.84999999999999998       0.14999999999999999        1.0124135913600314E-018   1.0490870685842855E-020   1.3046927698905779E-007   1.6789914385187571E-012   7.7538764476172126E-002   6.2036482831227886        10.050299422112891     
     2000001   1000000000.0000000        313.49971940045918        6913.2333478713590        17.782794100389228        2.3300000000000001       0.84999999999999998       0.14999999999999999        1.2868492250339612E-018   1.0497537326919214E-020   1.3383568648191903E-007   1.7446129479414155E-012   7.4414245345307162E-002   6.1829266800307403        10.022363465569194     
     2000001   1000000000.0000000        318.87134266108518        7322.8681767525914        17.782794100389228        2.3300000000000001       0.84999999999999998       0.14999999999999999        1.6583997517362941E-018   1.0504162388440844E-020   1.3731250526225412E-007   1.8134590314572292E-012   7.1444143543254082E-002   6.1631835689947971        9.9952581073358537     
     2000001   1000000000.0000000        324.56125461015222        7756.7753952073854        17.782794100389228        2.3300000000000001       0.84999999999999998       0.14999999999999999        2.1685007385750994E-018   1.0510746717308012E-020   1.4090807773371748E-007   1.8857910560452144E-012   6.8621218425227032E-002   6.1442515624240430        9.9688575732171838     
     2000001   1000000000.0000000        330.58831503813275        8216.3932327369839        17.782794100389228        2.3300000000000001       0.84999999999999998       0.14999999999999999        2.8791574370492206E-018   1.0517286683467875E-020   1.4463172475890727E-007   1.9619017138067480E-012   6.5938585241073891E-002   6.1260024570445184        9.9430751417035825     
     2000001   1000000000.0000000        336.16876316550179        8703.2451392981147        17.782794100389228        2.3300000000000001       0.84999999999999998       0.14999999999999999        3.8822031377489100E-018   1.0523754480668886E-020   1.4848624973893357E-007   2.0419655229543127E-012   6.3313012361863541E-002   6.1149687714933947        9.9288097912332915     
     2000001   1000000000.0000000        341.52830316045419        9218.9448349326667        17.782794100389228        2.3300000000000001       0.84999999999999998       0.14999999999999999        5.3152283905253703E-018   1.0530094741114246E-020   1.5247240583891303E-007   2.1261258653027117E-012   6.0768030442199431E-002   6.1090031287795901        9.9225662319649910     
     2000001   1000000000.0000000        347.20541586534370        9765.2016586063237        17.782794100389228        2.3300000000000001       0.84999999999999998       0.14999999999999999        7.3931159425498081E-018   1.0536223987697604E-020   1.5659826629852096E-007   2.2146849111215383E-012   5.8349263966761919E-002   6.1035532012501292        9.9168972295099866     
     2000001   1000000000.0000000        353.21891864624990        10343.826233986212        17.782794100389228        2.3300000000000001       0.84999999999999998       0.14999999999999999        1.0456665330620416E-017   1.0542009091064757E-020   1.6087524391828528E-007   2.3080271861424340E-012   5.6051236252520405E-002   6.0986266044972206        9.9118812886709691     
     2000001   1000000000.0000000        359.58874386828847        10956.736470936465        17.782794100389228        2.3300000000000001       0.84999999999999998       0.14999999999999999        1.5051160963989820E-017   1.0547400520114095E-020   1.6531507046248008E-007   2.4065626308868511E-012   5.3868387127526604E-002   6.0941949378864102        9.9075239592732824     
     2000001   1000000000.0000000        366.33600496346105        11605.963922625308        17.782794100389228        2.3300000000000001       0.84999999999999998       0.14999999999999999        2.2064627199815882E-017   1.0552492570773860E-020   1.6993046515811350E-007   2.5107440361604191E-012   5.1794901432703724E-002   6.0901425245016148        9.9036763800829384     
     2000001   1000000000.0000000        373.48306641326644        12293.660519314077        17.782794100389228        2.3300000000000001       0.84999999999999998       0.14999999999999999        3.2970402539625350E-017   1.0557249696189278E-020   1.7473550142626052E-007   2.6210788392237508E-012   4.9825722663928693E-002   6.0864749169835521        9.9003781263807529     
     2000001   1000000000.0000000        380.43653085299184        13022.105701148388        17.782794100389228        2.3300000000000001       0.84999999999999998       0.14999999999999999        5.0230492386072649E-017   1.0561509622945511E-020   1.7973953293711651E-007   2.7379951235160306E-012   4.7916730932484088E-002   6.0880944327214976        9.9057260823596760     
     2000001   1000000000.0000000        386.25748068766757        13793.713973593844        17.782794100389228        2.3300000000000001       0.84999999999999998       0.14999999999999999        7.7938305131363484E-017   1.0564869967791176E-020   1.8493918293226467E-007   2.8616502186695708E-012   4.6011261638477220E-002   6.1023364028358129        9.9318244108753913     
     2000001   1000000000.0000000        392.42334348411782        14611.042910559312        17.782794100389228        2.3300000000000001       0.84999999999999998       0.14999999999999999        1.2311847654628343E-016   1.0566439205796568E-020   1.9034262965421111E-007   2.9924860338351622E-012   4.4202298290060490E-002   6.1174759795436398        9.9593810485226140     
     2000001   1000000000.0000000        398.95455662018963        15476.801631735136        17.782794100389228        2.3300000000000001       0.84999999999999998       0.14999999999999999        1.9820669680846693E-016   1.0564341107069514E-020   1.9596795938861462E-007   3.1311987960444344E-012   4.2487615930979494E-002   6.1341546567860004        9.9894571771164120     
     2000001   1000000000.0000000        405.87276846450078        16393.859782245399        17.782794100389228        2.3300000000000001       0.84999999999999998       0.14999999999999999        3.2541291245462400E-016   1.0554692174011990E-020   2.0183329733341308E-007   3.2785235720327841E-012   4.0867159267697524E-002   6.1536966295637523        10.024229304246395     
     2000001   1000000000.0000000        413.20091013215313        17365.257044377595        17.782794100389228        2.3300000000000001       0.84999999999999998       0.14999999999999999        5.4512096188579191E-016   1.0530072200369559E-020   2.0795862960719855E-007   3.4352862637498657E-012   3.9345034324233197E-002   6.1788349617468352        10.068182395013512     
     2000001   1000000000.0000000        420.96327149224055        18394.213212918119        17.782794100389228        2.3300000000000001       0.84999999999999998       0.14999999999999999        9.3204218098431131E-016   1.0478757983612240E-020   2.1436675133434381E-007   3.6024387299094052E-012   3.7931223777032022E-002   6.2145294218077565        10.129455862601947     
     2000001   1000000000.0000000        428.03001404765371        19484.138867488837        17.782794100389228        2.3300000000000001       0.84999999999999998       0.14999999999999999        1.6247901931824521E-015   1.0387966269787260E-020   2.2106956363457700E-007   3.7807154362132481E-012   3.6582782702925774E-002   6.2744291946482864        10.230536161635246     
     2000001   1000000000.0000000        434.80862373527060        20638.646677259141        17.782794100389228        2.3300000000000001       0.84999999999999998       0.14999999999999999        2.8827411674236069E-015   1.0239586919470920E-020   2.2808044741873910E-007   3.9709523747527739E-012   3.5335769514803925E-002   6.3631760504403152        10.379049398714036     
     2000001   1000000000.0000000        441.98889129840165        21861.563375504604        17.782794100389228        2.3300000000000001       0.84999999999999998       0.14999999999999999        5.2018057365740268E-015   1.0009795904416327E-020   2.3542884159740820E-007   4.1744910057079183E-012   3.4247760251722714E-002   6.4899520066452068        10.590071672986399     
     2000001   1000000000.0000000        449.59461646241795        23156.942443702636        17.782794100389228        2.3300000000000001       0.84999999999999998       0.14999999999999999        9.5404773014695521E-015   9.6951678104830533E-021   2.4315364038674569E-007   4.3930496661396750E-012   3.3321569452163032E-002   6.6626532791952453        10.876647739384817     
     2000001   1000000000.0000000        457.65100917507669        24529.077547208068        17.782794100389228        2.3300000000000001       0.84999999999999998       0.14999999999999999        1.7763941864014808E-014   9.3268164864682117E-021   2.5130044178653726E-007   4.6286908393022765E-012   3.2514753654293474E-002   6.8722861010659866        11.224095223701084     
     2000001   1000000000.0000000        466.18477316745185        25982.516767042733        17.782794100389228        2.3300000000000001       0.84999999999999998       0.14999999999999999        3.3527272892834315E-014   8.9451685368215896E-021   2.5992283713222405E-007   4.8838921355151108E-012   3.1774141082664728E-002   7.1024283258394050        11.605485322263524     
     2000001   1000000000.0000000        474.23624856402523        27522.077674971442        17.782794100389228        2.3300000000000001       0.84999999999999998       0.14999999999999999        6.3959770293526361E-014   8.5690241009284573E-021   2.6906831220587509E-007   5.1611687793258234E-012   3.1047146658282961E-002   7.3555787536795876        12.025018046419669     
     2000001   1000000000.0000000        482.10717018126041        29152.863301832149        17.782794100389228        2.3300000000000001       0.84999999999999998       0.14999999999999999        1.2305432798557641E-013   8.2015710303691330E-021   2.7879183470904573E-007   5.4634931807110634E-012   3.0344595325643833E-002   7.6310244673112617        12.481524496017459     
     2000001   1000000000.0000000        490.44447322489560        30880.279052050009        17.782794100389228        2.3300000000000001       0.84999999999999998       0.14999999999999999        2.3859518269638281E-013   7.8428133215084394E-021   2.8916948802312785E-007   5.7947712792289705E-012   2.9687356435049245E-002   7.9254363621775470        12.969502388123232     
     2000001   1000000000.0000000        499.27579253179800        32710.050620398204        17.782794100389228        2.3300000000000001       0.84999999999999998       0.14999999999999999        4.6551311290779871E-013   7.4920609085248001E-021   3.0029131405108244E-007   6.1597360228034234E-012   2.9076039975606309E-002   8.2414832685618666        13.493358336009818     
     2000001   1000000000.0000000        508.63040040586435        34648.242970394473        17.782794100389228        2.3300000000000001       0.84999999999999998       0.14999999999999999        9.1124745406416607E-013   7.1486425554580356E-021   3.1226123208769776E-007   6.5640665973418296E-012   2.8511423607729829E-002   8.5823115499688853        14.058292075697057     
     2000001   1000000000.0000000        518.53930364404198        36701.280437238122        17.782794100389228        2.3300000000000001       0.84999999999999998       0.14999999999999999        1.7815622199435625E-012   6.8119146502337186E-021   3.2520207781690419E-007   7.0147088773048397E-012   2.7994575541715319E-002   8.9516981948960037        14.670550317795058     
     2000001   1000000000.0000000        527.39041558743997        38875.968021920889        17.782794100389228        2.3300000000000001       0.84999999999999998       0.14999999999999999        3.4545696511715484E-012   6.4823000888156465E-021   3.3922887231658347E-007   7.5191379924326111E-012   2.7481790645384641E-002   9.3697840848766081        15.363443060514925     
     2000001   1000000000.0000000        535.57100464675807        41179.513947092913        17.782794100389228        2.3300000000000001       0.84999999999999998       0.14999999999999999        6.6577038942287742E-012   6.1609021872197449E-021   3.5448305767806206E-007   8.0866615792449656E-012   2.6984850534938220E-002   9.8375099871035765        16.138541277633166     
     2000001   1000000000.0000000        544.23632408198500        43619.553549448232        17.782794100389228        2.3300000000000001       0.84999999999999998       0.14999999999999999        1.2834148131673706E-011   5.8477833566486952E-021   3.7116134305632647E-007   8.7298315657036667E-012   2.6534825640042618E-002   10.348911539463318        16.986000655825706     
     2000001   1000000000.0000000        553.41509597360016        46204.174587823189        17.782794100389228        2.3300000000000001       0.84999999999999998       0.14999999999999999        2.4746656200879303E-011   5.5423264325030568E-021   3.8950031669539078E-007   9.4644701539303269E-012   2.6133724569009413E-002   10.911237240304931        17.917827957102975     
     2000001   1000000000.0000000        563.13774429234650        48941.944050893537        17.782794100389228        2.3300000000000001       0.84999999999999998       0.14999999999999999        4.7578304825512405E-011   5.2439404738425893E-021   4.0978477624775827E-007   1.0310639360600396E-011   2.5784010637430743E-002   11.533329551059655        18.948678910051800     
     2000001   1000000000.0000000        572.84743552462498        51841.936553327578        17.782794100389228        2.3300000000000001       0.84999999999999998       0.14999999999999999        9.0748075185840384E-011   4.9523633732982041E-021   4.3234848979040843E-007   1.1293572469825462E-011   2.5474881600623635E-002   12.232947642616491        20.107958922296586     
     2000001   1000000000.0000000        581.83034671209748        54913.764414516860        17.782794100389228        2.3300000000000001       0.84999999999999998       0.14999999999999999        1.7159813889202452E-010   4.6679809747029039E-021   4.5758167280144736E-007   1.2445127855256211E-011   2.5192703783489943E-002   13.032419187511719        21.432630781787200     
     2000001   1000000000.0000000        591.34552885036453        58167.609519584992        17.782794100389228        2.3300000000000001       0.84999999999999998       0.14999999999999999        3.2476212421887704E-010   4.3908596088781914E-021   4.8600418349647970E-007   1.3808780462584358E-011   2.4968675308795856E-002   13.932088249539067        22.923374493598306     
     2000001   1000000000.0000000        601.42452097606451        61614.257068278377        17.782794100389228        2.3300000000000001       0.84999999999999998       0.14999999999999999        6.1553463427741546E-010   4.1204629692428004E-021   5.1825242720408569E-007   1.5442311483138146E-011   2.4807688514334146E-002   14.952294395253791        24.613953108900350     
     2000001   1000000000.0000000        612.10073093124458        65265.131323604917        17.782794100389228        2.3300000000000001       0.84999999999999998       0.14999999999999999        1.1647281124100679E-009   3.8562792969190159E-021   5.5510642962068829E-007   1.7423296827311245E-011   2.4715548432980187E-002   16.118519943584388        26.546688560700552     
     2000001   1000000000.0000000        623.40954609704431        69132.333478713568        17.782794100389228        2.3300000000000001       0.84999999999999998       0.14999999999999999        2.1884450013886029E-009   3.5978203661897128E-021   5.9752875653402486E-007   1.9857589471390929E-011   2.4699218077396817E-002   17.462986957651015        28.775124180331428     
     2000001   1000000000.0000000        633.97366409378094        73228.681767525894        17.782794100389228        2.3300000000000001       0.84999999999999998       0.14999999999999999        4.0516521963614124E-009   3.3451927995580168E-021   6.4664633947757204E-007   2.2887865269037434E-011   2.4737508847057416E-002   19.049955717681154        31.405773852025771     
     2000001   1000000000.0000000        644.87242644104003        77567.753952073879        17.782794100389228        2.3300000000000001       0.84999999999999998       0.14999999999999999        7.4592949273890954E-009   3.0985994283596003E-021   7.0382464981021760E-007   2.6712219728647642E-011   2.4858548393165973E-002   20.911857466513389        34.492788080203333     
     2000001   1000000000.0000000        656.41698105719649        82163.932327369650        17.782794100389228        2.3300000000000001       0.84999999999999998       0.14999999999999999        1.3682720654626810E-008   2.8577036596968972E-021   7.7057811818990872E-007   3.1602589376394231E-011   2.5075776513867838E-002   23.104787341475529        38.129605218755160     
     2000001   1000000000.0000000        668.64559353987283        87032.451392980947        17.782794100389228        2.3300000000000001       0.84999999999999998       0.14999999999999999        2.4872537096485644E-008   2.6220846988932449E-021   8.4850545010342609E-007   3.7933128627997312E-011   2.5397285763301244E-002   25.702989724323324        42.439898798555497     
     2000001   1000000000.0000000        680.79993888257354        92189.448349326543        17.782794100389228        2.3300000000000001       0.84999999999999998       0.14999999999999999        4.4345517400351519E-008   2.3916221516888243E-021   9.3929518128264890E-007   4.6228730208234094E-011   2.5816608655342927E-002   28.818937560716527        47.610755506079634     
     2000001   1000000000.0000000        691.89266640181791        97652.016586063241        17.782794100389228        2.3300000000000001       0.84999999999999998       0.14999999999999999        7.7355188816106306E-008   2.1667911471178003E-021   1.0443933791556242E-006   5.7210447978946259E-011   2.6321538139704063E-002   32.597662751046727        53.883331127657343     
     2000001   1000000000.0000000        703.64267934895486        103438.26233986206        17.782794100389228        2.3300000000000001       0.84999999999999998       0.14999999999999999        1.3432302062988985E-007   1.9477852021403890E-021   1.1624875018659309E-006   7.1650026997294462E-011   2.6930868065410854E-002   37.081084750968728        61.328706019865251     
     2000001   1000000000.0000000        716.08892433409028        109567.36470936432        17.782794100389228        2.3300000000000001       0.84999999999999998       0.14999999999999999        2.3189129195688649E-007   1.7342540613837997E-021   1.2877294896453746E-006   9.0188828011714076E-011   2.7614485866454923E-002   42.303227717174437        70.004196707171403     
     2000001   1000000000.0000000        729.27265569906501        116059.63922625296        17.782794100389228        2.3300000000000001       0.84999999999999998       0.14999999999999999        3.9407533664075609E-007   1.5258691611005378E-021   1.4069208284171972E-006   1.1287146275363322E-010   2.8313026027668730E-002   48.178009391757151        79.766435429585940     
     2000001   1000000000.0000000        741.15639012705935        122936.60519314058        17.782794100389228        2.3300000000000001       0.84999999999999998       0.14999999999999999        6.4765729502400677E-007   1.3228879011896614E-021   1.4993750249770690E-006   1.3881529817118881E-010   2.8918523656662105E-002   54.608489028833446        90.448705858111865     
     2000001   1000000000.0000000        753.52066009186854        130221.05701148394        17.782794100389228        2.3300000000000001       0.84999999999999998       0.14999999999999999        1.0386891285166595E-006   1.1255714173480996E-021   1.5124851869061810E-006   1.6094503845594872E-010   2.9193304129605434E-002   60.426938276995145        100.10013649813283     
     2000001   1000000000.0000000        766.61755911119008        137937.13973593831        17.782794100389228        2.3300000000000001       0.84999999999999998       0.14999999999999999        1.6071875224578197E-006   9.3356752602785069E-022   1.3584297256548373E-006   1.5802028303499184E-010   2.8578011190318803E-002   62.900456436053410        104.17250460313157     
     2000001   1000000000.0000000        780.49049818567744        146110.42910559292        17.782794100389228        2.3300000000000001       0.84999999999999998       0.14999999999999999        2.3280465844194325E-006   7.4636969209280183E-022   9.7188396593656468E-007   1.1894608751302014E-010   2.6148298453385756E-002   57.405848277735380        94.926749133212468     
     2000001   1000000000.0000000        793.27943621460724        154768.01631735137        17.782794100389228        2.3300000000000001       0.84999999999999998       0.14999999999999999        3.0081075058382345E-006   5.6381515118117371E-022   4.6160199323228236E-007   5.8341822117716636E-011   2.1023151305558634E-002   40.891092369779543        67.341091968174766     
     2000001   1000000000.0000000        806.66713536409452        163938.59782245391        17.782794100389228        2.3300000000000001       0.84999999999999998       0.14999999999999999        3.4007274368024171E-006   3.8585437240038820E-022   1.1174760218039294E-007   1.6696742081620529E-011   1.3543630135580676E-002   18.834202428204090        30.749122016792075     
     2000001   1000000000.0000000        820.84810555974229        173652.57044377606        17.782794100389228        2.3300000000000001       0.84999999999999998       0.14999999999999999        3.5069635649765968E-006   2.1090085828728829E-022   1.5763021598409736E-008   3.3957433004256508E-012   7.7287587001253297E-003   6.8006872781285308        10.981773045286578     
     2000001   1000000000.0000000        835.86935106610940        183942.13212918109        17.782794100389228        2.3300000000000001       0.84999999999999998       0.14999999999999999        3.5288434712797858E-006   2.0332010801489300E-023   1.0646944633820756E-009   2.1462928233978171E-012   6.5692060352708741E-003   5.3647039632629339        8.0935844222221789     
     2000001   1000000000.0000000        849.70035922379384        194841.38867488818        17.782794100389228        2.3300000000000001       0.84999999999999998       0.14999999999999999        3.5367536087677536E-006   1.0107833569788891E-024   4.0920389683987077E-011   2.0010186590342872E-012   5.0592266333077639E-003   3.4968057143747648        3.6552618794307912     
     2000001   1000000000.0000000        863.93192971732128        206386.46677259167        17.782794100389228        2.3300000000000001       0.84999999999999998       0.14999999999999999        3.5435095919048393E-006   3.2998683004517026E-026   1.0089832132493615E-012   1.9301951574138324E-012   2.4473569382362083E-003  0.92010642962911260       0.15430186845345001     
     2000001   1000000000.0000000        879.00677377771297        218615.63375504629        17.782794100389228        2.3300000000000001       0.84999999999999998       0.14999999999999999        3.5500687930310640E-006   7.3724346272965481E-028   1.7331788576392789E-014   1.8651849553422244E-012   2.1784661725828265E-006   7.4755539324734610E-005   9.9318699218309012E-005
     2000001   1000000000.0000000        894.53949621095887        231569.42443702673        17.782794100389228        2.3300000000000001       0.84999999999999998       0.14999999999999999        3.5564789708573082E-006   1.2683112949526874E-029   2.1748841494657854E-016   1.8026465811674771E-012   2.0746960013570490E-006   7.1192977942052295E-005   9.4577546772719738E-005
     2000001   1000000000.0000000        908.91805644598981        245290.77547208132        17.782794100389228        2.3300000000000001       0.84999999999999998       0.14999999999999999        3.5627361667421287E-006   1.1368341362659826E-030   2.0382031548730134E-018   1.7422581430466998E-012   1.9743178644494915E-006   6.7746878444258603E-005   8.9990858520938691E-005
     2000001   1000000000.0000000        924.14859993763196        259825.16767042794        17.782794100389228        2.3300000000000001       0.84999999999999998       0.14999999999999999        3.5688389254005997E-006   1.0011964726367855E-030   1.4380035450454796E-020   1.6835063568110893E-012   1.8794276617653307E-006   6.4489274968838577E-005   8.5654891665259481E-005
     2000001   1000000000.0000000        940.28160986762873        275220.77674971434        17.782794100389228        2.3300000000000001       0.84999999999999998       0.14999999999999999        3.5747991834057730E-006   1.0000078037862668E-030   7.5794448100332938E-023   1.6261045884119718E-012   1.7897141870034943E-006   6.1409482982602596E-005   8.1555447348532676E-005
     2000001   1000000000.0000000        956.14025296175498        291528.63301832200        17.782794100389228        2.3300000000000001       0.84999999999999998       0.14999999999999999        3.5806207744963709E-006   1.0000000375062301E-030   2.9060297600060018E-025   1.5700159967573219E-012   1.7037878257262173E-006   5.8459762265457654E-005   7.7628744309026613E-005
     2000001   1000000000.0000000        971.76302563334661        308802.79052050057        17.782794100389228        2.3300000000000001       0.84999999999999998       0.14999999999999999        3.5863006774636088E-006   1.0000000001272044E-030   7.7690389715667791E-028   1.5152872931783016E-012   1.6215669902716201E-006   5.5637321448294933E-005   7.3871065597371581E-005
     2000001   1000000000.0000000        988.31150578332733        327100.50620398164        17.782794100389228        2.3300000000000001       0.84999999999999998       0.14999999999999999        3.5918433263709779E-006   1.0000000000002849E-030   2.2974195598272339E-030   1.4618814672076550E-012   1.5438376761247104E-006   5.2969176441622862E-005   7.0318620615180002E-005
     2000001   1000000000.0000000        1005.4280222280375        346482.42970394494        17.782794100389228        2.3300000000000001       0.84999999999999998       0.14999999999999999        3.5972572203823101E-006   1.0000000000000004E-030   1.0009466778790223E-030   1.4097168214667888E-012   1.4700435546227324E-006   5.0436219873158549E-005   6.6945904640702386E-005
     2000001   1000000000.0000000        1021.6497107783869        367012.80437238095        17.782794100389228        2.3300000000000001       0.84999999999999998       0.14999999999999999        3.6025405855726349E-006   1.0000000000000001E-030   1.0000000000113989E-030   1.3588100067293279E-012   1.3989613554993598E-006   4.7996438578201689E-005   6.3696653896994272E-005
     2000001   1000000000.0000000        1038.8325948040110        388759.68021920888        17.782794100389228        2.3300000000000001       0.84999999999999998       0.14999999999999999        3.6076941703311442E-006   1.0000000000000001E-030   1.0000000000000001E-030   1.3091536646340834E-012   1.3317646825091004E-006   4.5690158063947596E-005   6.0624968414431160E-005
     2000001   1000000000.0000000        1057.0336287174421        411795.13947092788        17.782794100389228        2.3300000000000001       0.84999999999999998       0.14999999999999999        3.6127280232684055E-006   1.0000000000000001E-030   1.0000000000000001E-030   1.2606509657974695E-012   1.2682331817396393E-006   4.3509811514357103E-005   5.7720799566941637E-005
     2000001   1000000000.0000000        1074.1975440043307        436195.53549448174        17.782794100389228        2.3300000000000001       0.84999999999999998       0.14999999999999999        3.6176419788557344E-006   1.0000000000000001E-030   1.0000000000000001E-030   1.2133035136601352E-012   1.2069708660168227E-006   4.1407467974421338E-005   5.4919833654263603E-005
     2000001   1000000000.0000000        1091.9787425112272        462041.74587823177        17.782794100389228        2.3300000000000001       0.84999999999999998       0.14999999999999999        3.6224344393834886E-006   1.0000000000000001E-030   1.0000000000000001E-030   1.1671267057637107E-012   1.1488459608284429E-006   3.9412951902447031E-005   5.2262170272490479E-005
     2000001   1000000000.0000000        1110.8135432677750        489419.44050893636        17.782794100389228        2.3300000000000001       0.84999999999999998       0.14999999999999999        3.6271130815266227E-006   1.0000000000000001E-030   1.0000000000000001E-030   1.1220465742236438E-012   1.0938941321269013E-006   3.7527487280209809E-005   4.9749556227631927E-005
     2000001   1000000000.0000000        1128.9680375980781        518419.36553327576        17.782794100389228        2.3300000000000001       0.84999999999999998       0.14999999999999999        3.6316795633062731E-006   1.0000000000000001E-030   1.0000000000000001E-030   1.0780471424800720E-012   1.0411073990865762E-006   3.5716486629186588E-005   4.7335483936733853E-005
     2000001   1000000000.0000000        1148.0762598030299        549137.64414516825        17.782794100389228        2.3300000000000001       0.84999999999999998       0.14999999999999999        3.6361352523714978E-006   1.0000000000000001E-030   1.0000000000000001E-030   1.0351152324820807E-012   9.9115158071532000E-007   3.4002802361731693E-005   4.5050804926756661E-005
     2000001   1000000000.0000000        1168.3167153551408        581676.09519584989        17.782794100389228        2.3300000000000001       0.84999999999999998       0.14999999999999999        3.6404883473927246E-006   1.0000000000000001E-030   1.0000000000000001E-030   9.9317184705547325E-013   9.4391960150608358E-007   3.2382753775609322E-005   4.2890676407695016E-005
     2000001   1000000000.0000000        1186.1715679184338        616142.57068278408        17.782794100389228        2.3300000000000001       0.84999999999999998       0.14999999999999999        3.6447341567282389E-006   1.0000000000000001E-030   1.0000000000000001E-030   9.5226219117021378E-013   8.9790101937661658E-007   3.0804574014030127E-005   4.0785156676615424E-005
     2000001   1000000000.0000000        1204.7770111225141        652651.31323604856        17.782794100389228        2.3300000000000001       0.84999999999999998       0.14999999999999999        3.6488675720609860E-006   1.0000000000000001E-030   1.0000000000000001E-030   9.1243548538385603E-013   8.5429535620358448E-007   2.9309396582056369E-005   3.8789879918702121E-005
     2000001   1000000000.0000000        1224.1635894686165        691323.33478713466        17.782794100389228        2.3300000000000001       0.84999999999999998       0.14999999999999999        3.6528947747687651E-006   1.0000000000000001E-030   1.0000000000000001E-030   8.7363216969370759E-013   8.1296984835332453E-007   2.7890800788364644E-005   3.6898790985984493E-005
     2000001   1000000000.0000000        1242.3557923282392        732286.81767525827        17.782794100389228        2.3300000000000001       0.84999999999999998       0.14999999999999999        3.6568152185578570E-006   1.0000000000000001E-030   1.0000000000000001E-030   8.3585750739072499E-013   7.7317482411173086E-007   2.6524156931690813E-005   3.5077108061995892E-005
     2000001   1000000000.0000000        1261.6259509764761        775677.53952074063        17.782794100389228        2.3300000000000001       0.84999999999999998       0.14999999999999999        3.6606296550066122E-006   1.0000000000000001E-030   1.0000000000000001E-030   7.9910425681555014E-013   7.3556323887228845E-007   2.5232495521016975E-005   3.3355274482575254E-005
     2000001   1000000000.0000000        1282.0388973412041        821639.32327369694        17.782794100389228        2.3300000000000001       0.84999999999999998       0.14999999999999999        3.6643457747896630E-006   1.0000000000000001E-030   1.0000000000000001E-030   7.6329831538425008E-013   7.0001171892391688E-007   2.4011582242750498E-005   3.1727674377871068E-005
     2000001   1000000000.0000000        1304.6474681458299        870324.51392980886        17.782794100389228        2.3300000000000001       0.84999999999999998       0.14999999999999999        3.6679737239956152E-006   1.0000000000000001E-030   1.0000000000000001E-030   7.2834192177476050E-013   6.6665524069483209E-007   2.2866076266306412E-005   3.0200762872630649E-005
     2000001   1000000000.0000000        1328.5956809915665        921894.48349326628        17.782794100389228        2.3300000000000001       0.84999999999999998       0.14999999999999999        3.6715231427948360E-006   1.0000000000000001E-030   1.0000000000000001E-030   6.9414218909876570E-013   6.3511318347300271E-007   2.1782888339133047E-005   2.8756916714718523E-005
     2000001   1000000000.0000000        1350.6477681833053        976520.16586063348        17.782794100389228        2.3300000000000001       0.84999999999999998       0.14999999999999999        3.6749920713492720E-006   1.0000000000000001E-030   1.0000000000000001E-030   6.6071800029365577E-013   6.0454100306463261E-007   2.0732946234233059E-005   2.7356673135529827E-005
     2000001   1000000000.0000000        1372.0078844318355        1034382.6233986198        17.782794100389228        2.3300000000000001       0.84999999999999998       0.14999999999999999        3.6783739208635870E-006   1.0000000000000001E-030   1.0000000000000001E-030   6.2813284016647324E-013   5.7521872242486183E-007   1.9725893564181671E-005   2.6013151842199533E-005
     2000001   1000000000.0000000        1394.5307917899142        1095673.6470936439        17.782794100389228        2.3300000000000001       0.84999999999999998       0.14999999999999999        3.6816703514635531E-006   1.0000000000000001E-030   1.0000000000000001E-030   5.9637071220755462E-013   5.4748063672172396E-007   1.8773251401428990E-005   2.4742129559731634E-005
     2000001   1000000000.0000000        1416.1632578913259        1160596.3922625296        17.782794100389228        2.3300000000000001       0.84999999999999998       0.14999999999999999        3.6848824956716948E-006   1.0000000000000001E-030   1.0000000000000001E-030   5.6542070303441840E-013   5.2084844375297610E-007   1.7858550866466053E-005   2.3521194858397186E-005
     2000001   1000000000.0000000        1439.0775281940175        1229366.0519314078        17.782794100389228        2.3300000000000001       0.84999999999999998       0.14999999999999999        3.6880118529341620E-006   1.0000000000000001E-030   1.0000000000000001E-030   5.3526836380742708E-013   4.9567476046210856E-007   1.6993948839875215E-005   2.2367050032105677E-005
     2000001   1000000000.0000000        1462.4961653623689        1302210.5701148410        17.782794100389228        2.3300000000000001       0.84999999999999998       0.14999999999999999        3.6910628164862654E-006   1.0000000000000001E-030   1.0000000000000001E-030   5.0587136239741438E-013   4.7173932102896147E-007   1.6171865174762515E-005   2.1269420079095365E-005
     2000001   1000000000.0000000        1486.2708850002102        1379371.3973593852        17.782794100389228        2.3300000000000001       0.84999999999999998       0.14999999999999999        3.6940375669363549E-006   1.0000000000000001E-030   1.0000000000000001E-030   4.7720868554325033E-013   4.4895591191413226E-007   1.5389336860689426E-005   2.0224325666353614E-005
     2000001   1000000000.0000000        1500.8872896207452        1461104.2910559324        17.782794100389228        2.3300000000000001       0.84999999999999998       0.14999999999999999        3.6969193683933469E-006   1.0000000000000001E-030   1.0000000000000001E-030   4.4944158610654929E-013   4.2592070189002431E-007   1.4597955040153273E-005   1.9165002210284558E-005
     2000001   1000000000.0000000        1500.8872896207452        1547680.1631735172        17.782794100389228        2.3300000000000001       0.84999999999999998       0.14999999999999999        3.6996663310400162E-006   1.0000000000000001E-030   1.0000000000000001E-030   4.2297368547908212E-013   4.0209507104948895E-007   1.3779102360232815E-005   1.8065143187103410E-005
     2000001   1000000000.0000000        1500.8872896207452        1639385.9782245411        17.782794100389228        2.3300000000000001       0.84999999999999998       0.14999999999999999        3.7022596293268773E-006   1.0000000000000001E-030   1.0000000000000001E-030   3.9798637561639141E-013   3.7960222511992473E-007   1.3005999912373356E-005   1.7025698411041857E-005
     2000001   1000000000.0000000        1500.8872896207452        1736525.7044377606        17.782794100389228        2.3300000000000001       0.84999999999999998       0.14999999999999999        3.7047078590800515E-006   1.0000000000000001E-030   1.0000000000000001E-030   3.7439683359839786E-013   3.5836760928130780E-007   1.2276090544568583E-005   1.6043253979456687E-005
     2000001   1000000000.0000000        1500.8872896207452        1839421.3212918125        17.782794100389228        2.3300000000000001       0.84999999999999998       0.14999999999999999        3.7070191352819801E-006   1.0000000000000001E-030   1.0000000000000001E-030   3.5212686953828545E-013   3.3832083924491757E-007   1.1586960708424460E-005   1.5114587432744220E-005
     2000001   1000000000.0000000        1500.8872896207452        1948413.8867488836        17.782794100389228        2.3300000000000001       0.84999999999999998       0.14999999999999999        3.7092011189692387E-006   1.0000000000000001E-030   1.0000000000000001E-030   3.3110266742179133E-013   3.1939546795746591E-007   1.0936332496408678E-005   1.4236657328123831E-005
     2000001   1000000000.0000000        1500.8872896207452        2063864.6677259144        17.782794100389228        2.3300000000000001       0.84999999999999998       0.14999999999999999        3.7112610426258839E-006   1.0000000000000001E-030   1.0000000000000001E-030   3.1125454043669909E-013   3.0152876535560068E-007   1.0322056131359498E-005   1.3406593439446245E-005
     2000001   1000000000.0000000        1500.8872896207452        2186156.3375504618        17.782794100389228        2.3300000000000001       0.84999999999999998       0.14999999999999999        3.7132057341563234E-006   1.0000000000000001E-030   1.0000000000000001E-030   2.9251669998895576E-013   2.8466151044074362E-007   9.7421028833698559E-006   1.2621687552182633E-005
     2000001   1000000000.0000000        1500.8872896207452        2315694.2443702687        17.782794100389228        2.3300000000000001       0.84999999999999998       0.14999999999999999        3.7150416395171966E-006   1.0000000000000001E-030   1.0000000000000001E-030   2.7482703763981686E-013   2.6873779498508328E-007   9.1945583905221196E-006   1.1879384824478387E-005
     2000001   1000000000.0000000        1500.8872896207452        2452907.7547208071        17.782794100389228        2.3300000000000001       0.84999999999999998       0.14999999999999999        3.7167748440831727E-006   1.0000000000000001E-030   1.0000000000000001E-030   2.5812691924124251E-013   2.5370483821808264E-007   8.6776163612116491E-006   1.1177275686652072E-005
     2000001   1000000000.0000000        1500.8872896207452        2598251.6767042819        17.782794100389228        2.3300000000000001       0.84999999999999998       0.14999999999999999        3.7184110928175637E-006   1.0000000000000001E-030   1.0000000000000001E-030   2.4236099058716841E-013   2.3951281187925417E-007   8.1895726369653361E-006   1.0513088252756881E-005
     2000001   1000000000.0000000        1500.8872896207452        2752207.7674971391        17.782794100389228        2.3300000000000001       0.84999999999999998       0.14999999999999999        3.7199558093147109E-006   1.0000000000000001E-030   1.0000000000000001E-030   2.2747699393648731E-013   2.2611467505734439E-007   7.7288195957351565E-006   9.8846812187673651E-006
     2000001   1000000000.0000000        1500.8872896207452        2915286.3301832178        17.782794100389228        2.3300000000000001       0.84999999999999998       0.14999999999999999        3.7214141137771056E-006   1.0000000000000001E-030   1.0000000000000001E-030   2.1342559479954888E-013   2.1346601826844986E-007   7.2938408766211098E-006   9.2900372225618307E-006
     2000001   1000000000.0000000        1500.8872896207452        3088027.9052049988        17.782794100389228        2.3300000000000001       0.84999999999999998       0.14999999999999999        3.7227908399868727E-006   1.0000000000000001E-030   1.0000000000000001E-030   2.0016021841407864E-013   2.0152491625628611E-007   6.8832064078588512E-006   8.7272566411079332E-006
     2000001   1000000000.0000000        1500.8872896207452        3271005.0620398163        17.782794100389228        2.3300000000000001       0.84999999999999998       0.14999999999999999        3.7240905513279646E-006   1.0000000000000001E-030   1.0000000000000001E-030   1.8763689536849698E-013   1.9025178902666590E-007   6.4955677206821122E-006   8.1945518000659940E-006
     2000001   1000000000.0000000        1500.8872896207452        3464824.2970394436        17.782794100389228        2.3300000000000001       0.84999999999999998       0.14999999999999999        3.7253175559119944E-006   1.0000000000000001E-030   1.0000000000000001E-030   1.7581411586091267E-013   1.7960927065559588E-007   6.1296535323460608E-006   7.6902415703695777E-006
     2000001   1000000000.0000000        1500.8872896207452        3670128.0437238198        17.782794100389228        2.3300000000000001       0.84999999999999998       0.14999999999999999        3.7264759208580483E-006   1.0000000000000001E-030   1.0000000000000001E-030   1.6465269211075764E-013   1.6956208543612841E-007   5.7842655821636168E-006   7.2127463251747571E-006
     2000001   1000000000.0000000        1500.8872896207452        3887596.8021920808        17.782794100389228        2.3300000000000001       0.84999999999999998       0.14999999999999999        3.7275694857736459E-006   1.0000000000000001E-030   1.0000000000000001E-030   1.5411562846698484E-013   1.6007693095345456E-007   5.4582747048652014E-006   6.7605832288664290E-006
     2000001   1000000000.0000000        1500.8872896207452        4117951.3947092807        17.782794100389228        2.3300000000000001       0.84999999999999998       0.14999999999999999        3.7286018754816677E-006   1.0000000000000001E-030   1.0000000000000001E-030   1.4416799878229044E-013   1.5112236770066669E-007   5.1506171259377930E-006   6.3323618275571201E-006
     2000001   1000000000.0000000        1500.8872896207452        4361955.3549448149        17.782794100389228        2.3300000000000001       0.84999999999999998       0.14999999999999999        3.7295765120353312E-006   1.0000000000000001E-030   1.0000000000000001E-030   1.3477683064692151E-013   1.4266871486932822E-007   4.8602909638343057E-006   5.9267799077347450E-006
     2000001   1000000000.0000000        1500.8872896207452        4620417.4587823180        17.782794100389228        2.3300000000000001       0.84999999999999998       0.14999999999999999        3.7304966260610062E-006   1.0000000000000001E-030   1.0000000000000001E-030   1.2591099609833606E-013   1.3468795196941913E-007   4.5863529240675625E-006   5.5426195864656460E-006
     2000001   1000000000.0000000        1500.8872896207452        4894194.4050893560        17.782794100389228        2.3300000000000001       0.84999999999999998       0.14999999999999999        3.7313652674666667E-006   1.0000000000000001E-030   1.0000000000000001E-030   1.1754110844446736E-013   1.2715362595258063E-007   4.3279151702255050E-006   5.1787435929601303E-006
     2000001   1000000000.0000000        1500.8872896207452        5184193.6553327581        17.782794100389228        2.3300000000000001       0.84999999999999998       0.14999999999999999        3.7321853155512713E-006   1.0000000000000001E-030   1.0000000000000001E-030   1.0963942485860854E-013   1.2004076353080161E-007   4.0841423568732667E-006   4.8340916975380166E-006
     2000001   1000000000.0000000        1500.8872896207452        5491376.4414516753        17.782794100389228        2.3300000000000001       0.84999999999999998       0.14999999999999999        3.7329594885486576E-006   1.0000000000000001E-030   1.0000000000000001E-030   1.0217975442304512E-013   1.1332578839992366E-007   3.8542488091661114E-006   4.5076772403627568E-006
     2000001   1000000000.0000000        1500.8872896207452        5816760.9519584905        17.782794100389228        2.3300000000000001       0.84999999999999998       0.14999999999999999        3.7336903526375097E-006   1.0000000000000001E-030   1.0000000000000001E-030   9.5137371316647959E-014   1.0698644309358573E-007   3.6374958338118285E-006   4.1985837091003014E-006
     2000001   1000000000.0000000        1500.8872896207452        6161425.7068278287        17.782794100389228        2.3300000000000001       0.84999999999999998       0.14999999999999999        3.7343803304475453E-006   1.0000000000000001E-030   1.0000000000000001E-030   8.8488932858674843E-014   1.0100171520859696E-007   3.4331891458349779E-006   3.9059613123596093E-006
     2000001   1000000000.0000000        1500.8872896207452        6526513.1323604891        17.782794100389228        2.3300000000000001       0.84999999999999998       0.14999999999999999        3.7350317090896410E-006   1.0000000000000001E-030   1.0000000000000001E-030   8.2212402137123987E-014   9.5351767757193451E-008   3.2406763954606794E-006   3.6290234949241335E-006
     2000001   1000000000.0000000        1500.8872896207452        6913233.3478713343        17.782794100389228        2.3300000000000001       0.84999999999999998       0.14999999999999999        3.7356466477369773E-006   1.0000000000000001E-030   1.0000000000000001E-030   7.6286974965195941E-014   9.0017873415329816E-008   3.0593447794258314E-006   3.3670433419992038E-006
     2000001   1000000000.0000000        1500.8872896207452        7322868.1767525831        17.782794100389228        2.3300000000000001       0.84999999999999998       0.14999999999999999        3.7362271847819718E-006   1.0000000000000001E-030   1.0000000000000001E-030   7.0693010923740369E-014   8.4982352449063549E-008   2.8886187212251721E-006   3.1193498236095507E-006
     2000001   1000000000.0000000        1500.8872896207452        7756775.3952074023        17.782794100389228        2.3300000000000001       0.84999999999999998       0.14999999999999999        3.7367752445929128E-006   1.0000000000000001E-030   1.0000000000000001E-030   6.5411968261128341E-014   8.0228514113284377E-008   2.7279576053124995E-006   2.8853238374828212E-006
     2000001   1000000000.0000000        1500.8872896207452        8216393.2327369619        17.782794100389228        2.3300000000000001       0.84999999999999998       0.14999999999999999        3.7372926438928128E-006   1.0000000000000001E-030   1.0000000000000001E-030   6.0426342434767968E-014   7.5740601328545907E-008   2.5768535512182148E-006   2.6643940197257551E-006
     2000001   1000000000.0000000        1500.8872896207452        8703245.1392981168        17.782794100389228        2.3300000000000001       0.84999999999999998       0.14999999999999999        3.7377810977811990E-006   1.0000000000000001E-030   1.0000000000000001E-030   5.5719608090549572E-014   7.1503738452626818E-008   2.4348292150364260E-006   2.4560323075980932E-006
     2000001   1000000000.0000000        1500.8872896207452        9218944.8349326309        17.782794100389228        2.3300000000000001       0.84999999999999998       0.14999999999999999        3.7382422254192218E-006   1.0000000000000001E-030   1.0000000000000001E-030   5.1276164287914774E-014   6.7503881973707967E-008   2.3014356078978272E-006   2.2597492576430115E-006
     2000001   1000000000.0000000        1500.8872896207452        9765201.6586063243        17.782794100389228        2.3300000000000001       0.84999999999999998       0.14999999999999999        3.7386775553966451E-006   1.0000000000000001E-030   1.0000000000000001E-030   4.7081282788981894E-014   6.3727773961725282E-008   2.1762499239826069E-006   2.0750891448383460E-006
     2000001   1000000000.0000000        1500.8872896207452        10343826.233986206        17.782794100389228        2.3300000000000001       0.84999999999999998       0.14999999999999999        3.7390885307986776E-006   1.0000000000000001E-030   1.0000000000000001E-030   4.3121059240332560E-014   6.0162898123618418E-008   2.0588733744127042E-006   1.9016248932816974E-006
     2000001   1000000000.0000000        1500.8872896207452        10956736.470936455        17.782794100389228        2.3300000000000001       0.84999999999999998       0.14999999999999999        3.7394765139893292E-006   1.0000000000000001E-030   1.0000000000000001E-030   3.9382367085646491E-014   5.6797438316807365E-008   1.9489290280082742E-006   1.7389529146691061E-006
     2000001   1000000000.0000000        1500.8872896207452        11605963.922625303        17.782794100389228        2.3300000000000001       0.84999999999999998       0.14999999999999999        3.7398427911272507E-006   1.0000000000000001E-030   1.0000000000000001E-030   3.5852814056422694E-014   5.3620239383389141E-008   1.8460596653386210E-006   1.5866879554484538E-006
     2000001   1000000000.0000000        1500.8872896207452        12293660.519314045        17.782794100389228        2.3300000000000001       0.84999999999999998       0.14999999999999999        3.7401885764287912E-006   1.0000000000000001E-030   1.0000000000000001E-030   3.2520701096569566E-014   5.0620770175236704E-008   1.7499256585776236E-006   1.4444580746493400E-006
     2000001   1000000000.0000000        1500.8872896207452        13022105.701148389        17.782794100389228        2.3300000000000001       0.84999999999999998       0.14999999999999999        3.7405150161927037E-006   1.0000000000000001E-030   1.0000000000000001E-030   2.9374983584719749E-014   4.7789088647440082E-008   1.6602028961057183E-006   1.3118998895198646E-006
     2000001   1000000000.0000000        1500.8872896207452        13793713.973593859        17.782794100389228        2.3300000000000001       0.84999999999999998       0.14999999999999999        3.7408231925995199E-006   1.0000000000000001E-030   1.0000000000000001E-030   2.6405234725732514E-014   4.5115808904391865E-008   1.5765807771761101E-006   1.1886542329316818E-006
     2000001   1000000000.0000000        1500.8872896207452        14611042.910559319        17.782794100389228        2.3300000000000001       0.84999999999999998       0.14999999999999999        3.7411141272985026E-006   1.0000000000000001E-030   1.0000000000000001E-030   2.3601610990044549E-014   4.2592070089284100E-008   1.4987603077539555E-006   1.0743623632698446E-006
     2000001   1000000000.0000000        1500.8872896207452        15476801.631735181        17.782794100389228        2.3300000000000001       0.84999999999999998       0.14999999999999999        3.7413887847937371E-006   1.0000000000000001E-030   1.0000000000000001E-030   2.0954819486312912E-014   4.0209507013900915E-008   1.4264523332271135E-006   9.6866285328592525E-007
     2000001   1000000000.0000000        1500.8872896207452        16393859.782245392        17.782794100389228        2.3300000000000001       0.84999999999999998       0.14999999999999999        3.7416480756409451E-006   1.0000000000000001E-030   1.0000000000000001E-030   1.8456087159203098E-014   3.7960222431354859E-008   1.3593759464186239E-006   8.7118925935015868E-007
     2000001   1000000000.0000000        1500.8872896207452        17365257.044377591        17.782794100389228        2.3300000000000001       0.84999999999999998       0.14999999999999999        3.7418928594651885E-006   1.0000000000000001E-030   1.0000000000000001E-030   1.6097131710227337E-014   3.5836760859861852E-008   1.2972571095838590E-006   7.8156863810217400E-007
     2000001   1000000000.0000000        1500.8872896207452        18394213.212918151        17.782794100389228        2.3300000000000001       0.84999999999999998       0.14999999999999999        3.7421239478099175E-006   1.0000000000000001E-030   1.0000000000000001E-030   1.3870134145244560E-014   3.3832083870792756E-008   1.2398275263534195E-006   6.9942093623484894E-007
     2000001   1000000000.0000000        1500.8872896207452        19484138.867488820        17.782794100389228        2.3300000000000001       0.84999999999999998       0.14999999999999999        3.7423421068263986E-006   1.0000000000000001E-030   1.0000000000000001E-030   1.1767712857630107E-014   3.1939546759088899E-008   1.1868237936113029E-006   6.2435923451695568E-007
     2000001   1000000000.0000000        1500.8872896207452        20638646.677259117        17.782794100389228        2.3300000000000001       0.84999999999999998       0.14999999999999999        3.7425480598127130E-006   1.0000000000000001E-030   1.0000000000000001E-030   9.7828991612100186E-015   3.0152876518714869E-008   1.1379868541078344E-006   5.5599078312322633E-007
     2000001   1000000000.0000000        1500.8872896207452        21861563.375504632        17.782794100389228        2.3300000000000001       0.84999999999999998       0.14999999999999999        3.7427424896107328E-006   1.0000000000000001E-030   1.0000000000000001E-030   7.9091141918617793E-015   2.8466151050145919E-008   1.0930617585899218E-006   4.9391872583585148E-007
     2000001   1000000000.0000000        1500.8872896207452        23156942.443702683        17.782794100389228        2.3300000000000001       0.84999999999999998       0.14999999999999999        3.7429260408688900E-006   1.0000000000000001E-030   1.0000000000000001E-030   6.1401471012195039E-015   2.6873779530970857E-008   1.0517977321503632E-006   4.3774437912783633E-007
     2000001   1000000000.0000000        1500.8872896207452        24529077.547208119        17.782794100389228        2.3300000000000001       0.84999999999999998       0.14999999999999999        3.7430993221782527E-006   1.0000000000000001E-030   1.0000000000000001E-030   4.4701344702039457E-015   2.5370483884546276E-008   1.0139485244396645E-006   3.8706991100656904E-007
     2000001   1000000000.0000000        1500.8872896207452        25982516.767042771        17.782794100389228        2.3300000000000001       0.84999999999999998       0.14999999999999999        3.7432629080891917E-006   1.0000000000000001E-030   1.0000000000000001E-030   2.8935408741413706E-015   2.3951281285279003E-008   9.7927300865276998E-007   3.4150125504051833E-007
     2000001   1000000000.0000000        1500.8872896207452        27522077.674971454        17.782794100389228        2.3300000000000001       0.84999999999999998       0.14999999999999999        3.7434173410152366E-006   1.0000000000000001E-030   1.0000000000000001E-030   1.4051405350500669E-015   2.2611467642548460E-008   9.4753598116986315E-007   3.0065109719994683E-007
     2000001   1000000000.0000000        1500.8872896207452        29152863.301832128        17.782794100389228        2.3300000000000001       0.84999999999999998       0.14999999999999999        3.7435631330472103E-006   1.0000000000000001E-030   1.0000000000000001E-030   1.0000000000000001E-030   2.1346602008524713E-008   9.1850910365484717E-007   2.9483369144139151E-007
