     1000001   1000000000.0000000        148.40165596035294        308.80279052050065        177.82794100389228        2.3300000000000001       0.84999999999999998       0.14999999999999999        3.5670172464926265E-025   1.4535927317361414E-015   3.9036698867103132E-006   7.1823554660330104E-015   5.6265933147463247     
     1000001   1000000000.0000000        149.28906128616055        327.10050620398164        177.82794100389228        2.3300000000000001       0.84999999999999998       0.14999999999999999        3.5670172464926265E-025   1.4535927317361414E-015   3.9036698867103132E-006   7.1823554660330104E-015   5.3277568313364361     
     1000001   1000000000.0000000        150.22697493686488        346.48242970394421        177.82794100389228        2.3300000000000001       0.84999999999999998       0.14999999999999999        3.8553591346233324E-025   1.4536380676948753E-015   3.9037539410999129E-006   7.1820404649293450E-015   5.0455364867134858     
     1000001   1000000000.0000000        151.16252660015903        367.01280437238137        177.82794100389228        2.3300000000000001       0.84999999999999998       0.14999999999999999        4.3962620200537848E-025   1.4537201720302121E-015   3.9039060443370610E-006   7.1814695368244164E-015   4.7781247740776953     
     1000001   1000000000.0000000        152.15351318459909        388.75968021920829        177.82794100389228        2.3300000000000001       0.84999999999999998       0.14999999999999999        5.2118373980884664E-025   1.4538370065074603E-015   3.9041221980077265E-006   7.1806560212223330E-015   4.5256143572229730     
     1000001   1000000000.0000000        153.20321941576799        411.79513947092835        177.82794100389228        2.3300000000000001       0.84999999999999998       0.14999999999999999        6.3490619542594240E-025   1.4539877226982475E-015   3.9044005191982346E-006   7.1796046582285064E-015   4.2871699863997144     
     1000001   1000000000.0000000        154.31512465147546        436.19553549448216        177.82794100389228        2.3300000000000001       0.84999999999999998       0.14999999999999999        7.8751351334870748E-025   1.4541714143677687E-015   3.9047389272843874E-006   7.1783202639489732E-015   4.0620044148854504     
     1000001   1000000000.0000000        155.49291441444271        462.04174587823252        177.82794100389228        2.3300000000000001       0.84999999999999998       0.14999999999999999        9.8829031259150765E-025   1.4543872505985380E-015   3.9051353911682202E-006   7.1768068167119013E-015   3.8493725795065545     
     1000001   1000000000.0000000        156.74049260834150        489.41944050893699        177.82794100389228        2.3300000000000001       0.84999999999999998       0.14999999999999999        1.2497510537348415E-024   1.4546345105995701E-015   3.9055879934365196E-006   7.1750672261311916E-015   3.6485718484073959     
     1000001   1000000000.0000000        158.06199445767865        518.41936553327446        177.82794100389228        2.3300000000000001       0.84999999999999998       0.14999999999999999        1.5885236862468475E-024   1.4549125754083958E-015   3.9060949132083399E-006   7.1731033996024227E-015   3.4589384378668884     
     1000001   1000000000.0000000        159.46180021441779        549.13764414516834        177.82794100389228        2.3300000000000001       0.84999999999999998       0.14999999999999999        2.0265579044114495E-024   1.4552209294710757E-015   3.9066544259397970E-006   7.1709162387471611E-015   3.2798454990719250     
     1000001   1000000000.0000000        160.94454967676830        581.67609519585039        177.82794100389228        2.3300000000000001       0.84999999999999998       0.14999999999999999        2.5927561358746144E-024   1.4555591635139920E-015   3.9072649041245643E-006   7.1685056256425187E-015   3.1107010663925627     
     1000001   1000000000.0000000        162.51515756826765        616.14257068278266        177.82794100389228        2.3300000000000001       0.84999999999999998       0.14999999999999999        3.3251699217097173E-024   1.4559269778106360E-015   3.9079248170393227E-006   7.1658704052796407E-015   2.9509460103450684     
     1000001   1000000000.0000000        164.11077928413940        652.65131323604942        177.82794100389228        2.3300000000000001       0.84999999999999998       0.14999999999999999        4.2735606923082155E-024   1.4563240193893243E-015   3.9086324326938988E-006   7.1630095640985825E-015   2.7994723144667333     
     1000001   1000000000.0000000        165.00119766379632        691.32333478713554        177.82794100389228        2.3300000000000001       0.84999999999999998       0.14999999999999999        5.4973882563009530E-024   1.4567479316571554E-015   3.9093823668302693E-006   7.1599364062684260E-015   2.6499871156786456     
     1000001   1000000000.0000000        165.94437664941421        732.28681767525904        177.82794100389228        2.3300000000000001       0.84999999999999998       0.14999999999999999        7.0717588549294081E-024   1.4571962036917574E-015   3.9101689466605570E-006   7.1566654936065683E-015   2.5088421999968542     
     1000001   1000000000.0000000        166.94344250343889        775.67753952073815        177.82794100389228        2.3300000000000001       0.84999999999999998       0.14999999999999999        9.0996303250951900E-024   1.4576682461746957E-015   3.9109898501963987E-006   7.1531975217801451E-015   2.3755693753525318     
     1000001   1000000000.0000000        168.00170673101204        821.63932327369855        177.82794100389228        2.3300000000000001       0.84999999999999998       0.14999999999999999        1.1714707120254019E-023   1.4581635773327181E-015   3.9118428669845164E-006   7.1495324197375148E-015   2.2497276944530924     
     1000001   1000000000.0000000        169.12267705629066        870.32451392980943        177.82794100389228        2.3300000000000001       0.84999999999999998       0.14999999999999999        1.5090970791434131E-023   1.4586818277349115E-015   3.9127258985531010E-006   7.1456693451575711E-015   2.1309005509004582     
     1000001   1000000000.0000000        170.31006904915529        921.89448349326551        177.82794100389228        2.3300000000000001       0.84999999999999998       0.14999999999999999        1.9455265843493075E-023   1.4592227461082476E-015   3.9136369585410750E-006   7.1416066749481832E-015   2.0186945592952061     
     1000001   1000000000.0000000        171.56781844084281        976.52016586063326        177.82794100389228        2.3300000000000001       0.84999999999999998       0.14999999999999999        2.5103968015719649E-023   1.4597862063353789E-015   3.9145741725138810E-006   7.1373419905730370E-015   1.9127380936354335     
     1000001   1000000000.0000000        172.90009416932736        1034.3826233986215        177.82794100389228        2.3300000000000001       0.84999999999999998       0.14999999999999999        3.2425123494700294E-023   1.4603722158315735E-015   3.9155357774710135E-006   7.1328720579467945E-015   1.8126807071914297     
     1000001   1000000000.0000000        174.31131219768781        1095.6736470936448        177.82794100389228        2.3300000000000001       0.84999999999999998       0.14999999999999999        4.1927943069532926E-023   1.4609809255369245E-015   3.9165201210517971E-006   7.1281928015949938E-015   1.7181906292424005     
     1000001   1000000000.0000000        175.80615015126600        1160.5963922625303        177.82794100389228        2.3300000000000001       0.84999999999999998       0.14999999999999999        5.4282217103240755E-023   1.4616126418068266E-015   3.9175256604468782E-006   7.1232992727271408E-015   1.6289555469897938     
     1000001   1000000000.0000000        177.38956282213016        1229.3660519314089        177.82794100389228        2.3300000000000001       0.84999999999999998       0.14999999999999999        7.0371159265865657E-023   1.4622678405397652E-015   3.9185509610235259E-006   7.1181856108183586E-015   1.5446805640536034     
     1000001   1000000000.0000000        178.49294565763782        1302.2105701148396        177.82794100389228        2.3300000000000001       0.84999999999999998       0.14999999999999999        9.1294256957961728E-023   1.4629449755920002E-015   3.9195913017849330E-006   7.1128623590843531E-015   1.4627365072432525     
     1000001   1000000000.0000000        179.40375238901848        1379.3713973593856        177.82794100389228        2.3300000000000001       0.84999999999999998       0.14999999999999999        1.1842343827936023E-022   1.4636414368570547E-015   3.9206403620906951E-006   7.1073494692434255E-015   1.3843657896310908     
     1000001   1000000000.0000000        180.36852781215003        1461.1042910559318        177.82794100389228        2.3300000000000001       0.84999999999999998       0.14999999999999999        1.5359204423259604E-022   1.4643566861346192E-015   3.9216950076154485E-006   7.1016516559834810E-015   1.3103686005407575     
     1000001   1000000000.0000000        181.39046977306162        1547.6801631735186        177.82794100389228        2.3300000000000001       0.84999999999999998       0.14999999999999999        1.9922580480467654E-022   1.4650912896325455E-015   3.9227536505326357E-006   7.0957658396948833E-015   1.2404999110091599     
     1000001   1000000000.0000000        182.47296560207215        1639.3859782245424        177.82794100389228        2.3300000000000001       0.84999999999999998       0.14999999999999999        2.5849106147492530E-022   1.4658460184190676E-015   3.9238148386061642E-006   7.0896883293679289E-015   1.1745280512155738     
     1000001   1000000000.0000000        183.61960334144044        1736.5257044377579        177.82794100389228        2.3300000000000001       0.84999999999999998       0.14999999999999999        3.3552784542510472E-022   1.4666218676446568E-015   3.9248772515971244E-006   7.0834147985561554E-015   1.1122344398691484     
     1000001   1000000000.0000000        184.83418363829520        1839.4213212918128        177.82794100389228        2.3300000000000001       0.84999999999999998       0.14999999999999999        4.3575840170026132E-022   1.4674200787201805E-015   3.9259396973773899E-006   7.0769402569284187E-015   1.0534126378635564     
     1000001   1000000000.0000000        186.12073234226551        1948.4138867488846        177.82794100389228        2.3300000000000001       0.84999999999999998       0.14999999999999999        5.6629662264101091E-022   1.4682421649064387E-015   3.9270011077900240E-006   7.0702590171963742E-015  0.99786773923222594     
     1000001   1000000000.0000000        187.48351384956811        2063.8646677259139        177.82794100389228        2.3300000000000001       0.84999999999999998       0.14999999999999999        7.3649280944942376E-022   1.4690899408411194E-015   3.9280605342956153E-006   7.0633646571689853E-015  0.94541570138517506     
     1000001   1000000000.0000000        188.92704523778113        2186.1563375504652        177.82794100389228        2.3300000000000001       0.84999999999999998       0.14999999999999999        9.5866044280697605E-022   1.4699655566121320E-015   3.9291171434425072E-006   7.0562499766475331E-015  0.89588272963895910     
     1000001   1000000000.0000000        190.45611123815601        2315.6942443702628        177.82794100389228        2.3300000000000001       0.84999999999999998       0.14999999999999999        1.2490484927484107E-021   1.4708715370831973E-015   3.9301702121973299E-006   7.0489069488331242E-015  0.84910472142500193     
     1000001   1000000000.0000000        191.93889795336440        2452.9077547208085        177.82794100389228        2.3300000000000001       0.84999999999999998       0.14999999999999999        1.6288712656331362E-021   1.4718101482810239E-015   3.9312183649158966E-006   7.0413321456364538E-015  0.80463960956079073     
     1000001   1000000000.0000000        192.96007491287185        2598.2516767042762        177.82794100389228        2.3300000000000001       0.84999999999999998       0.14999999999999999        2.1246249877075931E-021   1.4727812341552414E-015   3.9322573288287707E-006   7.0335442955660624E-015  0.76156204865034061     
     1000001   1000000000.0000000        194.04176041129537        2752.2077674971461        177.82794100389228        2.3300000000000001       0.84999999999999998       0.14999999999999999        2.7706606287659048E-021   1.4737853847029338E-015   3.9332836825546397E-006   7.0255585767301384E-015  0.72088625751961422     
     1000001   1000000000.0000000        195.18753980497075        2915.2863301832235        177.82794100389228        2.3300000000000001       0.84999999999999998       0.14999999999999999        3.6132843300946109E-021   1.4748261526297531E-015   3.9342969332891376E-006   7.0173692497637945E-015  0.68247729314636996     
     1000001   1000000000.0000000        196.40121089595266        3088.0279052049968        177.82794100389228        2.3300000000000001       0.84999999999999998       0.14999999999999999        4.7132233588991347E-021   1.4759075795120010E-015   3.9352966962653391E-006   7.0089699568939533E-015  0.64620784756686311     
     1000001   1000000000.0000000        197.68679652021538        3271.0050620398224        177.82794100389228        2.3300000000000001       0.84999999999999998       0.14999999999999999        6.1502476844143468E-021   1.4770342471761672E-015   3.9362826879532622E-006   7.0003536835957112E-015  0.61195761560262718     
     1000001   1000000000.0000000        199.04855788174996        3464.8242970394485        177.82794100389228        2.3300000000000001       0.84999999999999998       0.14999999999999999        8.0293133185638063E-021   1.4782113354289648E-015   3.9372547193820569E-006   6.9915127163985149E-015  0.57961326155772264     
     1000001   1000000000.0000000        200.49100867675793        3670.1280437238142        177.82794100389228        2.3300000000000001       0.84999999999999998       0.14999999999999999        1.0488749109902288E-020   1.4794446869797748E-015   3.9382126896218150E-006   6.9824385965896803E-015  0.54906739569597640     
     1000001   1000000000.0000000        202.01893005475515        3887.5968021920930        177.82794100389228        2.3300000000000001       0.84999999999999998       0.14999999999999999        1.3711194877914329E-020   1.4807408805179356E-015   3.9391565794574533E-006   6.9731220695271312E-015  0.52021877925072946     
     1000001   1000000000.0000000        203.63738646617659        4117.9513947092819        177.82794100389228        2.3300000000000001       0.84999999999999998       0.14999999999999999        1.7938254657950236E-020   1.4821073130470335E-015   3.9400864452826748E-006   6.9635530292355760E-015  0.49297207825230499     
     1000001   1000000000.0000000        205.35174244901191        4361.9553549448192        177.82794100389228        2.3300000000000001       0.84999999999999998       0.14999999999999999        2.3490181732695143E-020   1.4835522927404221E-015   3.9410024132376912E-006   6.9537204579204700E-015  0.46723795305100857     
     1000001   1000000000.0000000        207.16768041011017        4620.4174587823209        177.82794100389228        2.3300000000000001       0.84999999999999998       0.14999999999999999        3.0792400660918879E-020   1.4850851437703435E-015   3.9419046736102006E-006   6.9436123599920053E-015  0.44293286503760626     
     1000001   1000000000.0000000        208.92440192203628        4894.1944050893653        177.82794100389228        2.3300000000000001       0.84999999999999998       0.14999999999999999        4.0403565846789828E-020   1.4867150046720920E-015   3.9427927562105192E-006   6.9332241041387141E-015  0.41980609758774540     
     1000001   1000000000.0000000        210.71572618878145        5184.1936553327541        177.82794100389228        2.3300000000000001       0.84999999999999998       0.14999999999999999        5.3059515089122155E-020   1.4884514121880092E-015   3.9436659789307715E-006   6.9225543195191661E-015  0.39789545555693567     
     1000001   1000000000.0000000        212.61319309133177        5491.3764414516872        177.82794100389228        2.3300000000000001       0.84999999999999998       0.14999999999999999        6.9745596948744907E-020   1.4903062455041885E-015   3.9445244043873957E-006   6.9115932666316974E-015  0.37719876060152852     
     1000001   1000000000.0000000        214.62309197625879        5816.7609519585039        177.82794100389228        2.3300000000000001       0.84999999999999998       0.14999999999999999        9.1780841078778718E-020   1.4922933118904076E-015   3.9453684195977091E-006   6.9003268736919539E-015  0.35764771717687371     
     1000001   1000000000.0000000        216.75208485734740        6161.4257068278412        177.82794100389228        2.3300000000000001       0.84999999999999998       0.14999999999999999        1.2093014066992211E-019   1.4944280008322201E-015   3.9461984541759992E-006   6.8887398975148744E-015  0.33917784053366656     
     1000001   1000000000.0000000        219.00722849751634        6526.5131323604819        177.82794100389228        2.3300000000000001       0.84999999999999998       0.14999999999999999        1.5956131996363221E-019   1.4967274679330571E-015   3.9470149760545495E-006   6.8768158350300252E-015  0.32172852793759726     
     1000001   1000000000.0000000        221.39599779917540        6913.2333478713590        177.82794100389228        2.3300000000000001       0.84999999999999998       0.14999999999999999        2.1086008907690175E-019   1.4992108429746578E-015   3.9478184875509394E-006   6.8645368270383652E-015  0.30524211203693097     
     1000001   1000000000.0000000        223.92631058054673        7322.8681767525914        177.82794100389228        2.3300000000000001       0.84999999999999998       0.14999999999999999        2.7912531850589595E-019   1.5018994657157857E-015   3.9486095217763403E-006   6.8518835535239471E-015  0.28966450891157192     
     1000001   1000000000.0000000        226.60655382007798        7756.7753952073854        177.82794100389228        2.3300000000000001       0.84999999999999998       0.14999999999999999        3.7017621984401191E-019   1.5048171536040465E-015   3.9493886393772285E-006   6.8388351197723937E-015  0.27494501337822541     
     1000001   1000000000.0000000        229.44561145593292        8216.3932327369839        177.82794100389228        2.3300000000000001       0.84999999999999998       0.14999999999999999        4.9191611290610749E-019   1.5079905062828984E-015   3.9501564256009128E-006   6.8253689324818078E-015  0.26103537713610914     
     1000001   1000000000.0000000        232.35753168189507        8703.2451392981147        177.82794100389228        2.3300000000000001       0.84999999999999998       0.14999999999999999        6.5504836517361148E-019   1.5114478132808423E-015   3.9509131726260925E-006   6.8114663528746763E-015  0.24783948528233246     
     1000001   1000000000.0000000        235.38045792853384        9218.9448349326667        177.82794100389228        2.3300000000000001       0.84999999999999998       0.14999999999999999        8.7410440537465064E-019   1.5152194764820122E-015   3.9516590067965722E-006   6.7971111679357548E-015  0.23533893362515806     
     1000001   1000000000.0000000        238.58250381622190        9765.2016586063237        177.82794100389228        2.3300000000000001       0.84999999999999998       0.14999999999999999        1.1690236372736969E-018   1.5193406875990952E-015   3.9523943805997925E-006   6.7822802494617943E-015  0.22352746797409642     
     1000001   1000000000.0000000        241.97428285094443        10343.826233986212        177.82794100389228        2.3300000000000001       0.84999999999999998       0.14999999999999999        1.5672702637645936E-018   1.5238517344469519E-015   3.9531199511676714E-006   6.7669448676933117E-015  0.21236822851976042     
     1000001   1000000000.0000000        245.56703742845241        10956.736470936465        177.82794100389228        2.3300000000000001       0.84999999999999998       0.14999999999999999        2.1067493677263509E-018   1.5287976881816184E-015   3.9538363897514105E-006   6.7510739881169349E-015  0.20182746840570281     
     1000001   1000000000.0000000        249.37267609832537        11605.963922625308        177.82794100389228        2.3300000000000001       0.84999999999999998       0.14999999999999999        2.8399976692326575E-018   1.5342290359942770E-015   3.9545443802999137E-006   6.7346340836479946E-015  0.19187513625545699     
     1000001   1000000000.0000000        253.40381303606713        12293.660519314077        177.82794100389228        2.3300000000000001       0.84999999999999998       0.14999999999999999        3.8401534246497344E-018   1.5402024108826145E-015   3.9552446182779256E-006   6.7175889301886866E-015  0.18248510834751830     
     1000001   1000000000.0000000        257.67380985406976        13022.105701148388        177.82794100389228        2.3300000000000001       0.84999999999999998       0.14999999999999999        5.2095055458554794E-018   1.5467814357409189E-015   3.9559378097041003E-006   6.6998993840604548E-015  0.17363544579718215     
     1000001   1000000000.0000000        262.19681989003436        13793.713973593844        177.82794100389228        2.3300000000000001       0.84999999999999998       0.14999999999999999        7.0918030044551886E-018   1.5540377024822957E-015   3.9566246703881591E-006   6.6815231396644888E-015  0.16530153728233046     
     1000001   1000000000.0000000        266.67924412698176        14611.042910559312        177.82794100389228        2.3300000000000001       0.84999999999999998       0.14999999999999999        9.6870322110187013E-018   1.5620425148993871E-015   3.9573051266101894E-006   6.6624368694576684E-015  0.15736385520594379     
     1000001   1000000000.0000000        269.75801022401475        15476.801631735136        177.82794100389228        2.3300000000000001       0.84999999999999998       0.14999999999999999        1.3254221970914198E-017   1.5708195610947309E-015   3.9579749345789512E-006   6.6427396939346579E-015  0.14950130193090375     
     1000001   1000000000.0000000        273.01920468124666        16393.859782245399        177.82794100389228        2.3300000000000001       0.84999999999999998       0.14999999999999999        1.8145945707977492E-017   1.5803950577298744E-015   3.9586308126540975E-006   6.6225188488789857E-015  0.14229777680885675     
     1000001   1000000000.0000000        276.47363705859709        17365.257044377595        177.82794100389228        2.3300000000000001       0.84999999999999998       0.14999999999999999        2.4874194390155335E-017   1.5908499981446374E-015   3.9592735116084734E-006   6.6017465440712980E-015  0.13564130954027187     
     1000001   1000000000.0000000        280.13275742267854        18394.213212918119        177.82794100389228        2.3300000000000001       0.84999999999999998       0.14999999999999999        3.4154321788379260E-017   1.6022737408054696E-015   3.9599037825068818E-006   6.5803928496589414E-015  0.12890403840598122     
     1000001   1000000000.0000000        284.00869429920391        19484.138867488837        177.82794100389228        2.3300000000000001       0.84999999999999998       0.14999999999999999        4.6989690580901530E-017   1.6147651761816942E-015   3.9605223755907665E-006   6.5584255074289749E-015  0.12222391774643417     
     1000001   1000000000.0000000        288.11429487421532        20638.646677259141        177.82794100389228        2.3300000000000001       0.84999999999999998       0.14999999999999999        6.4793027901929794E-017   1.6284340811000852E-015   3.9611300394207859E-006   6.5358097240815080E-015  0.11590302993618587     
     1000001   1000000000.0000000        292.46316757738617        21861.563375504604        177.82794100389228        2.3300000000000001       0.84999999999999998       0.14999999999999999        8.9561225022933810E-017   1.6434026898899176E-015   3.9617275202549607E-006   6.5125079447520052E-015  0.10991974024015889     
     1000001   1000000000.0000000        297.06972718854183        23156.942443702636        177.82794100389228        2.3300000000000001       0.84999999999999998       0.14999999999999999        1.2412831602102177E-016   1.6598075149374841E-015   3.9623155616421867E-006   6.4884796048300748E-015  0.10425776899686957     
     1000001   1000000000.0000000        301.94924261690960        24529.077547208068        177.82794100389228        2.3300000000000001       0.84999999999999998       0.14999999999999999        1.7253339066628575E-016   1.6778014524137102E-015   3.9628949042129948E-006   6.4636808578927734E-015   9.8897003356443830E-002
     1000001   1000000000.0000000        306.45901920054428        25982.516767042733        177.82794100389228        2.3300000000000001       0.84999999999999998       0.14999999999999999        2.4041032440924853E-016   1.6975132220394211E-015   3.9634650422316553E-006   6.4381200231819215E-015   9.3674992758566833E-002
     1000001   1000000000.0000000        311.17688848442435        27522.077674971442        177.82794100389228        2.3300000000000001       0.84999999999999998       0.14999999999999999        3.3570996119813485E-016   1.7190763984905708E-015   3.9640254188760770E-006   6.4118116832403756E-015   8.8769600045652319E-002
     1000001   1000000000.0000000        316.17430909827357        29152.863301832149        177.82794100389228        2.3300000000000001       0.84999999999999998       0.14999999999999999        4.6994457708992699E-016   1.7426814290403429E-015   3.9645766725650339E-006   6.3847161909632394E-015   8.4154334193931313E-002
     1000001   1000000000.0000000        321.46784549977127        30880.279052050009        177.82794100389228        2.3300000000000001       0.84999999999999998       0.14999999999999999        6.5967839275351356E-016   1.7685458722712487E-015   3.9651195396532879E-006   6.3567854838946360E-015   7.9757295600503028E-002
     1000001   1000000000.0000000        327.07504365241942        32710.050620398204        177.82794100389228        2.3300000000000001       0.84999999999999998       0.14999999999999999        9.2882589257827620E-016   1.7969140355777155E-015   3.9656547508620665E-006   6.3279673906010385E-015   7.5576153092026421E-002
     1000001   1000000000.0000000        333.01448918341902        34648.242970394473        177.82794100389228        2.3300000000000001       0.84999999999999998       0.14999999999999999        1.3120728197202058E-015   1.8280605515219224E-015   3.9661830317562100E-006   6.2982052452610154E-015   7.1645985374777732E-002
     1000001   1000000000.0000000        339.30586898761783        36701.280437238122        177.82794100389228        2.3300000000000001       0.84999999999999998       0.14999999999999999        1.8599680693541530E-015   1.8622942984207696E-015   3.9667051033721499E-006   6.2674374638312548E-015   6.7880336117887810E-002
     1000001   1000000000.0000000        345.32148623623573        38875.968021920889        177.82794100389228        2.3300000000000001       0.84999999999999998       0.14999999999999999        2.6450484996089026E-015   1.8998910197228901E-015   3.9672207006903649E-006   6.2356576227195590E-015   6.4283748989859557E-002
     1000001   1000000000.0000000        350.68031822994379        41179.513947092913        177.82794100389228        2.3300000000000001       0.84999999999999998       0.14999999999999999        3.7693620029329649E-015   1.9410277590435952E-015   3.9677281101359901E-006   6.2029548654248247E-015   6.0772857663745988E-002
     1000001   1000000000.0000000        356.35668098187813        43619.553549448232        177.82794100389228        2.3300000000000001       0.84999999999999998       0.14999999999999999        5.3810573014044970E-015   1.9859504913575446E-015   3.9682266321753354E-006   6.1693650854613996E-015   5.7457923082278033E-002
     1000001   1000000000.0000000        362.36938937232208        46204.174587823189        177.82794100389228        2.3300000000000001       0.84999999999999998       0.14999999999999999        7.6993946294931251E-015   2.0350448501593846E-015   3.9687169900855645E-006   6.1348309602261366E-015   5.4328124542243013E-002
     1000001   1000000000.0000000        368.73837313330478        48941.944050893537        177.82794100389228        2.3300000000000001       0.84999999999999998       0.14999999999999999        1.1045574344364073E-014   2.0887341234805273E-015   3.9691998981060370E-006   6.0992897879339581E-015   5.1366769167940772E-002
     1000001   1000000000.0000000        375.48474290771975        51841.936553327578        177.82794100389228        2.3300000000000001       0.84999999999999998       0.14999999999999999        1.5892169203681039E-014   2.1474815770364208E-015   3.9696760622951750E-006   6.0626729739661495E-015   4.8533563282403977E-002
     1000001   1000000000.0000000        382.63086022269187        54913.764414516860        177.82794100389228        2.3300000000000001       0.84999999999999998       0.14999999999999999        2.2937513566555971E-014   2.2117926817678108E-015   3.9701461814631991E-006   6.0249054607272938E-015   4.5910336589454225E-002
     1000001   1000000000.0000000        390.03361487115029        58167.609519584992        177.82794100389228        2.3300000000000001       0.84999999999999998       0.14999999999999999        3.3213749082288913E-014   2.2821868627443543E-015   3.9706107466172587E-006   5.9859220042913249E-015   4.3367043955150043E-002
     1000001   1000000000.0000000        396.10711672720493        61614.257068278377        177.82794100389228        2.3300000000000001       0.84999999999999998       0.14999999999999999        4.8187721496587221E-014   2.3588750380949888E-015   3.9710681808657568E-006   5.9458325733554981E-015   4.0894703346757044E-002
     1000001   1000000000.0000000        402.54049619310183        65265.131323604917        177.82794100389228        2.3300000000000001       0.84999999999999998       0.14999999999999999        6.9988469398408878E-014   2.4420513715495327E-015   3.9715171977300370E-006   5.9047380103463724E-015   3.8553899124830822E-002
     1000001   1000000000.0000000        409.35507735783256        69132.333478713568        177.82794100389228        2.3300000000000001       0.84999999999999998       0.14999999999999999        1.0182264929494936E-013   2.5322448871936307E-015   3.9719584945317773E-006   5.8625648632637711E-015   3.6369341480241520E-002
     1000001   1000000000.0000000        416.57344784209619        73228.681767525894        177.82794100389228        2.3300000000000001       0.84999999999999998       0.14999999999999999        1.4843963273762631E-013   2.6300242576633409E-015   3.9723927555467923E-006   5.8192323526666465E-015   3.4262507576113335E-002
     1000001   1000000000.0000000        424.21953366726206        77567.753952073879        177.82794100389228        2.3300000000000001       0.84999999999999998       0.14999999999999999        2.1689914916386687E-013   2.7360110636175196E-015   3.9728206520911520E-006   5.7746516875909550E-015   3.2289970245928536E-002
     1000001   1000000000.0000000        432.31867856059466        82163.932327369650        177.82794100389228        2.3300000000000001       0.84999999999999998       0.14999999999999999        3.1773311562363481E-013   2.8509021248099585E-015   3.9732428422148759E-006   5.7287253192680786E-015   3.0392910146093022E-002
     1000001   1000000000.0000000        439.83229089832628        87032.451392980947        177.82794100389228        2.3300000000000001       0.84999999999999998       0.14999999999999999        4.6634610159558768E-013   2.9751999838350070E-015   3.9736589472860371E-006   5.6814622725282363E-015   2.8543376325186869E-002
     1000001   1000000000.0000000        446.82449660018153        92189.448349326543        177.82794100389228        2.3300000000000001       0.84999999999999998       0.14999999999999999        6.8502075854267564E-013   3.1092053346744083E-015   3.9740677242928913E-006   5.6329771853346790E-015   2.6741020293558598E-002
     1000001   1000000000.0000000        454.23101653707715        97652.016586063241        177.82794100389228        2.3300000000000001       0.84999999999999998       0.14999999999999999        1.0068805248249917E-012   3.2536448675312248E-015   3.9744689417876649E-006   5.5832759846444630E-015   2.5002803448375258E-002
     1000001   1000000000.0000000        462.07640037083411        103438.26233986206        177.82794100389228        2.3300000000000001       0.84999999999999998       0.14999999999999999        1.4815808172225883E-012   3.4098194937344351E-015   3.9748632015560319E-006   5.5322576043882393E-015   2.3331802367698773E-002
     1000001   1000000000.0000000        470.38665242218633        109567.36470936432        177.82794100389228        2.3300000000000001       0.84999999999999998       0.14999999999999999        2.1830738052450683E-012   3.5794905440897445E-015   3.9752510652249530E-006   5.4798118182674649E-015   2.1728705163971650E-002
     1000001   1000000000.0000000        479.18931786474394        116059.63922625296        177.82794100389228        2.3300000000000001       0.84999999999999998       0.14999999999999999        3.2217897192467537E-012   3.7650764945819367E-015   3.9756330422761775E-006   5.4258187942020338E-015   2.0197569060700110E-002
     1000001   1000000000.0000000        487.95500180863991        122936.60519314058        177.82794100389228        2.3300000000000001       0.84999999999999998       0.14999999999999999        4.7612862421713034E-012   3.9696781419891315E-015   3.9760091348501534E-006   5.3702132946188322E-015   1.8751756603325499E-002
     1000001   1000000000.0000000        495.87418076363849        130221.05701148394        177.82794100389228        2.3300000000000001       0.84999999999999998       0.14999999999999999        7.0388171926787663E-012   4.1969428770740599E-015   3.9763782382180845E-006   5.3130849664420739E-015   1.7371074706165324E-002
     1000001   1000000000.0000000        504.26260057206605        137937.13973593831        177.82794100389228        2.3300000000000001       0.84999999999999998       0.14999999999999999        1.0404727528613691E-011   4.4521302764334115E-015   3.9767395929367998E-006   5.2544672676428884E-015   1.6126766903179161E-002
     1000001   1000000000.0000000        513.14806550249409        146110.42910559292        177.82794100389228        2.3300000000000001       0.84999999999999998       0.14999999999999999        1.5385488018801991E-011   4.7430616849186612E-015   3.9770932402859054E-006   5.1942393957987050E-015   1.5009775827818180E-002
     1000001   1000000000.0000000        522.56002732998195        154768.01631735137        177.82794100389228        2.3300000000000001       0.84999999999999998       0.14999999999999999        2.2764722618323223E-011   5.0801717801180376E-015   3.9774389380171446E-006   5.1322742343332777E-015   1.4024929355446081E-002
     1000001   1000000000.0000000        532.52968295697519        163938.59782245391        177.82794100389228        2.3300000000000001       0.84999999999999998       0.14999999999999999        3.3711146865234561E-011   5.4772464149562800E-015   3.9777760299805639E-006   5.0684389851075322E-015   1.3180027126881311E-002
     1000001   1000000000.0000000        541.63974628139749        173652.57044377606        177.82794100389228        2.3300000000000001       0.84999999999999998       0.14999999999999999        4.9927370313820902E-011   5.9510573678604236E-015   3.9781023634403634E-006   5.0027743270380267E-015   1.2418261658997492E-002
     1000001   1000000000.0000000        550.28471415539525        183942.13212918109        177.82794100389228        2.3300000000000001       0.84999999999999998       0.14999999999999999        7.3871086064547972E-011   6.5219023056326129E-015   3.9784144199701015E-006   4.9354561023058600E-015   1.1721819478547106E-002
     1000001   1000000000.0000000        559.44192857996563        194841.38867488818        177.82794100389228        2.3300000000000001       0.84999999999999998       0.14999999999999999        1.0918448186359668E-010   7.2166572308551257E-015   3.9787083878537065E-006   4.8665035380218412E-015   1.1116466124410087E-002
     1000001   1000000000.0000000        569.14174207143924        206386.46677259167        177.82794100389228        2.3300000000000001       0.84999999999999998       0.14999999999999999        1.6128421972221801E-010   8.0704640241343717E-015   3.9789792301930742E-006   4.7958218682242563E-015   1.0576827908416693E-002
     1000001   1000000000.0000000        579.41630564580714        218615.63375504629        177.82794100389228        2.3300000000000001       0.84999999999999998       0.14999999999999999        2.3817373872850240E-010   9.1279278613250248E-015   3.9792192635898975E-006   4.7233184809358587E-015   1.0089000304015647E-002
     1000001   1000000000.0000000        589.63517167610723        231569.42443702673        177.82794100389228        2.3300000000000001       0.84999999999999998       0.14999999999999999        3.5156354031341793E-010   1.0444364276871236E-014   3.9794166730756546E-006   4.6489886125705467E-015   9.6305688295196812E-003
     1000001   1000000000.0000000        599.06304551470896        245290.77547208132        177.82794100389228        2.3300000000000001       0.84999999999999998       0.14999999999999999        5.1826529218185732E-010   1.2085981591423624E-014   3.9795537665659588E-006   4.5730163476941187E-015   8.1051590105349833E-003
     1000001   1000000000.0000000        609.04955599874927        259825.16767042794        177.82794100389228        2.3300000000000001       0.84999999999999998       0.14999999999999999        7.6279510240421532E-010   1.4137208981462286E-014   3.9796054520723187E-006   4.4955219103184085E-015   8.7898190065066849E-003
     1000001   1000000000.0000000        619.62780443049087        275220.77674971434        177.82794100389228        2.3300000000000001       0.84999999999999998       0.14999999999999999        1.1213892480351757E-009   1.6709655751159679E-014   3.9795355106966533E-006   4.4164632255599218E-015   8.4060586320232646E-003
     1000001   1000000000.0000000        630.83285348766435        291528.63301832200        177.82794100389228        2.3300000000000001       0.84999999999999998       0.14999999999999999        1.6470688986077763E-009   1.9945994969938752E-014   3.9792908183924936E-006   4.3358021842101707E-015   8.0496588716084116E-003
     1000001   1000000000.0000000        641.64412483946285        308802.79052050057        177.82794100389228        2.3300000000000001       0.84999999999999998       0.14999999999999999        2.4161211836558558E-009   2.4020788457368257E-014   3.9787943892416981E-006   4.2536415478829955E-015   7.7117779446322417E-003
     1000001   1000000000.0000000        652.36091670446365        327100.50620398164        177.82794100389228        2.3300000000000001       0.84999999999999998       0.14999999999999999        3.5374733646871489E-009   2.9143087280563608E-014   3.9779361811609984E-006   4.1701889707448529E-015   3.6811476753181834E-003
     1000001   1000000000.0000000        663.71271840941597        346482.42970394494        177.82794100389228        2.3300000000000001       0.84999999999999998       0.14999999999999999        5.1690417801399063E-009   3.5569077807096664E-014   3.9765574665576838E-006   4.0855303978915498E-015   7.1043821240255323E-003
     1000001   1000000000.0000000        675.73715665285988        367012.80437238095        177.82794100389228        2.3300000000000001       0.84999999999999998       0.14999999999999999        7.5396310534471105E-009   4.3600105538250579E-014   3.9744287265545430E-006   3.9996653496865877E-015   6.8163371410612950E-003
     1000001   1000000000.0000000        688.47408765539308        388759.68021920888        177.82794100389228        2.3300000000000001       0.84999999999999998       0.14999999999999999        1.0978055472745977E-008   5.3562961018047766E-014   3.9712202045239231E-006   3.9125969851853187E-015   6.5472037705655416E-003
     1000001   1000000000.0000000        699.99865988529734        411795.13947092788        177.82794100389228        2.3300000000000001       0.84999999999999998       0.14999999999999999        1.5940844289765951E-008   6.5742358242961066E-014   3.9664735518524848E-006   3.8245847016756402E-015   2.5268391110685566E-003
     1000001   1000000000.0000000        711.88814134496420        436195.53549448174        177.82794100389228        2.3300000000000001       0.84999999999999998       0.14999999999999999        2.3060585506755891E-008   8.0331759116867461E-014   3.9595541133558742E-006   3.7359409370919159E-015   6.0549391019934194E-003
     1000001   1000000000.0000000        724.48211887154253        462041.74587823177        177.82794100389228        2.3300000000000001       0.84999999999999998       0.14999999999999999        3.3230827358060265E-008   9.7399970772582968E-014   3.9495666377783414E-006   3.6467499598690163E-015   1.7937814434690223E-003
     1000001   1000000000.0000000        737.82233648137026        489419.44050893636        177.82794100389228        2.3300000000000001       0.84999999999999998       0.14999999999999999        4.7688624741637674E-008   1.1677579274764052E-013   3.9352721673377042E-006   3.5570649615440510E-015   5.6347279439191503E-003
     1000001   1000000000.0000000        750.25958625656654        518419.36553327576        177.82794100389228        2.3300000000000001       0.84999999999999998       0.14999999999999999        6.8075049090968902E-008   1.3789213472328431E-013   3.9150271103179203E-006   3.4671487808513483E-015   5.4242229487183021E-003
     1000001   1000000000.0000000        762.07142168855023        549137.64414516825        177.82794100389228        2.3300000000000001       0.84999999999999998       0.14999999999999999        9.6498564990414214E-008   1.5970644401032405E-013   3.8867201762996615E-006   3.3774226784375630E-015   2.2973253530391502E-003
     1000001   1000000000.0000000        774.58315237106046        581676.09519584989        177.82794100389228        2.3300000000000001       0.84999999999999998       0.14999999999999999        1.3569917323338383E-007   1.8078052636529956E-013   3.8476088960614136E-006   3.2880924723629608E-015   2.9946653110895153E-003
     1000001   1000000000.0000000        787.83624970492485        616142.57068278408        177.82794100389228        2.3300000000000001       0.84999999999999998       0.14999999999999999        1.8916776253924502E-007   1.9935246740034756E-013   3.7942001626773786E-006   3.1991735688616158E-015   1.1700962071591956E-003
     1000001   1000000000.0000000        801.66201057471926        652651.31323604856        177.82794100389228        2.3300000000000001       0.84999999999999998       0.14999999999999999        2.6112911233262636E-007   2.1346576193038268E-013   3.7222671311424830E-006   3.1106510094096472E-015   1.0883222800979967E-003
     1000001   1000000000.0000000        815.07252100095286        691323.33478713466        177.82794100389228        2.3300000000000001       0.84999999999999998       0.14999999999999999        3.5633170034462942E-007   2.2123538065056112E-013   3.6270595943951677E-006   3.0225737478544149E-015   7.4543924881280714E-004
     1000001   1000000000.0000000        829.27765412646932        732286.81767525827        177.82794100389228        2.3300000000000001       0.84999999999999998       0.14999999999999999        4.7985101504792875E-007   2.2123477427227502E-013   3.5035008277620596E-006   2.9348848147740616E-015   4.4464173837470925E-003
     1000001   1000000000.0000000        844.32449430631254        775677.53952074063        177.82794100389228        2.3300000000000001       0.84999999999999998       0.14999999999999999        6.3679384358420497E-007   2.1281516019397798E-013   3.3464828405925386E-006   2.8473211534910460E-015   6.0755074262174567E-004
     1000001   1000000000.0000000        858.78226731749135        821639.32327369694        177.82794100389228        2.3300000000000001       0.84999999999999998       0.14999999999999999        8.3113338274529597E-007   1.9633761616583265E-013   3.1520303615181737E-006   2.7597162397388374E-015   6.9342298165667887E-004
     1000001   1000000000.0000000        872.52361832046290        870324.51392980886        177.82794100389228        2.3300000000000001       0.84999999999999998       0.14999999999999999        1.0644452445879810E-006   1.7326595737565154E-013   2.9185629038729658E-006   2.6720483588199994E-015   1.9582657228264973E-003
     1000001   1000000000.0000000        887.07919555933051        921894.48349326628        177.82794100389228        2.3300000000000001       0.84999999999999998       0.14999999999999999        1.3354854902669067E-006   1.4589591847273579E-013   2.6473126540047747E-006   2.5841959776967545E-015   3.8047290610600509E-003
     1000001   1000000000.0000000        902.49724497170553        976520.16586063348        177.82794100389228        2.3300000000000001       0.84999999999999998       0.14999999999999999        1.6395681307790329E-006   1.1690181494390181E-013   2.3429413258905530E-006   2.4959969736393566E-015   3.5837298295410161E-003
     1000001   1000000000.0000000        917.75011997578827        1034382.6233986198        177.82794100389228        2.3300000000000001       0.84999999999999998       0.14999999999999999        1.9673753876659133E-006   8.8918688572274799E-014   2.0147239503803100E-006   2.4075605943318454E-015   3.2931491194966834E-003
     1000001   1000000000.0000000        933.22117448404401        1095673.6470936439        177.82794100389228        2.3300000000000001       0.84999999999999998       0.14999999999999999        2.3053406918664271E-006   6.4075867007590075E-014   1.6761599985201497E-006   2.3192549700127396E-015   2.8786361972142453E-003
     1000001   1000000000.0000000        949.60894660433530        1160596.3922625296        177.82794100389228        2.3300000000000001       0.84999999999999998       0.14999999999999999        2.6376178156168000E-006   4.3654155899661656E-014   1.3430001149454312E-006   2.2315232308385858E-015   2.1459164369820941E-003
     1000001   1000000000.0000000        966.50135168241957        1229366.0519314078        177.82794100389228        2.3300000000000001       0.84999999999999998       0.14999999999999999        2.9479391276271952E-006   2.8059469132215880E-014   1.0313899695799956E-006   2.1449013587283010E-015   3.3486242975252390E-005
     1000001   1000000000.0000000        982.11683153504271        1302210.5701148410        177.82794100389228        2.3300000000000001       0.84999999999999998       0.14999999999999999        3.2214306264443782E-006   1.7002247205559437E-014   7.5606919737361630E-007   2.0601410168437898E-015   3.1866519622787374E-005
     1000001   1000000000.0000000        998.65758673936409        1379371.3973593852        177.82794100389228        2.3300000000000001       0.84999999999999998       0.14999999999999999        3.4480103331141969E-006   9.7093328325535749E-015   5.2699011748774723E-007   1.9778508524431581E-015   3.0335325806482498E-005
     1000001   1000000000.0000000        1016.1784433067877        1461104.2910559324        177.82794100389228        2.3300000000000001       0.84999999999999998       0.14999999999999999        3.6240315041622558E-006   5.2199380193722416E-015   3.4769164779313476E-007   1.8982776353498833E-015   2.8887642330875964E-005
     1000001   1000000000.0000000        1032.1860603715791        1547680.1631735172        177.82794100389228        2.3300000000000001       0.84999999999999998       0.14999999999999999        3.7512090665385823E-006   2.6433383229396286E-015   2.1640706486340041E-007   1.8216619082799852E-015   2.7484711895903822E-005
     1000001   1000000000.0000000        1048.6319719264111        1639385.9782245411        177.82794100389228        2.3300000000000001       0.84999999999999998       0.14999999999999999        3.8359387886343604E-006   1.2628413736844559E-015   1.2675678234911080E-007   1.7480773756641648E-015   2.6152179216619910E-005
     1000001   1000000000.0000000        1066.0523650048035        1736525.7044377606        177.82794100389228        2.3300000000000001       0.84999999999999998       0.14999999999999999        3.8873687285057002E-006   5.6958915943303325E-016   6.9662200086746990E-008   1.6772774195609973E-015   2.4892528169759984E-005
     1000001   1000000000.0000000        1083.7861629530867        1839421.3212918125        177.82794100389228        2.3300000000000001       0.84999999999999998       0.14999999999999999        3.9149132456831525E-006   2.4276353587095034E-016   3.5827640373097525E-008   1.6089639964152329E-015   2.3693752158425833E-005
     1000001   1000000000.0000000        1102.2769667367179        1948413.8867488836        177.82794100389228        2.3300000000000001       0.84999999999999998       0.14999999999999999        3.9267647185083811E-006   9.7875500096561847E-017   1.7207680548488001E-008   1.5428458857244770E-015   2.2557386040157812E-005
     1000001   1000000000.0000000        1121.8634195260515        2063864.6677259144        177.82794100389228        2.3300000000000001       0.84999999999999998       0.14999999999999999        3.9291708341241152E-006   3.7333707725281695E-017   7.6999108697745135E-009   1.4786150295564123E-015   2.1482952721782724E-005
     1000001   1000000000.0000000        1140.6946986086286        2186156.3375504618        177.82794100389228        2.3300000000000001       0.84999999999999998       0.14999999999999999        3.9263691927497879E-006   1.3478931928332435E-017   3.2055636489100263E-009   1.4160979478000492E-015   2.0449720156264883E-005
     1000001   1000000000.0000000        1159.2897790287050        2315694.2443702687        177.82794100389228        2.3300000000000001       0.84999999999999998       0.14999999999999999        3.9209627648552460E-006   4.6103922248312450E-018   1.2415330965873983E-009   1.3552317449533651E-015   1.9461467635077236E-005
     1000001   1000000000.0000000        1178.9866872336406        2452907.7547208071        177.82794100389228        2.3300000000000001       0.84999999999999998       0.14999999999999999        3.9143893375937327E-006   1.4928154974291447E-018   4.4701337554952294E-010   1.2958862199848897E-015   1.8527205938418178E-005
     1000001   1000000000.0000000        1198.0121504926369        2598251.6767042819        177.82794100389228        2.3300000000000001       0.84999999999999998       0.14999999999999999        3.9073739696635961E-006   4.5705421879450932E-019   1.4957305733771937E-010   1.2379850183430167E-015   1.7630300818780224E-005
     1000001   1000000000.0000000        1217.2987484883595        2752207.7674971391        177.82794100389228        2.3300000000000001       0.84999999999999998       0.14999999999999999        3.9002564059333446E-006   1.3221536368250007E-019   4.6540460803091338E-011   1.1815113303135865E-015   1.6776429168265917E-005
     1000001   1000000000.0000000        1237.7281492613270        2915286.3301832178        177.82794100389228        2.3300000000000001       0.84999999999999998       0.14999999999999999        3.8931738711242886E-006   3.6057583798788510E-020   1.3461402352849588E-011   1.1263770084612041E-015   1.5969235719865094E-005
     1000001   1000000000.0000000        1257.2113607747722        3088027.9052049988        177.82794100389228        2.3300000000000001       0.84999999999999998       0.14999999999999999        3.8861857579675827E-006   9.2570410842635612E-021   3.6210975970445388E-012   1.0725621889775986E-015   1.5192990459995614E-005
     1000001   1000000000.0000000        1277.5639960932156        3271005.0620398163        177.82794100389228        2.3300000000000001       0.84999999999999998       0.14999999999999999        3.8793184147728595E-006   2.2350220293795582E-021   9.0676332620653750E-013   1.0200625049380551E-015   1.4457604602486605E-005
     1000001   1000000000.0000000        1298.6150470486755        3464824.2970394436        177.82794100389228        2.3300000000000001       0.84999999999999998       0.14999999999999999        3.8725768089198411E-006   5.0651035478401853E-022   2.1134691425212438E-013   9.6881022057748071E-016   1.3759706529057961E-005
     1000001   1000000000.0000000        1318.7401267736132        3670128.0437238198        177.82794100389228        2.3300000000000001       0.84999999999999998       0.14999999999999999        3.8659713422789131E-006   1.0769137046915886E-022   4.5901110768431567E-014   9.1881424794042169E-016   1.3089076043345106E-005
     1000001   1000000000.0000000        1340.0576924417414        3887596.8021920808        177.82794100389228        2.3300000000000001       0.84999999999999998       0.14999999999999999        3.8595078867196647E-006   2.1470578416226286E-023   9.2971452373106896E-015   8.7006233049462541E-016   1.2455171675930201E-005
     1000001   1000000000.0000000        1360.5316919792033        4117951.3947092807        177.82794100389228        2.3300000000000001       0.84999999999999998       0.14999999999999999        3.8531909758834094E-006   4.0122247897048818E-024   1.7574154441947074E-015   8.2253983004204538E-016   1.1846688627234086E-005
     1000001   1000000000.0000000        1380.0607279209032        4361955.3549448149        177.82794100389228        2.3300000000000001       0.84999999999999998       0.14999999999999999        3.8470336805081528E-006   7.0367722757246270E-025   3.1071824842395858E-016   7.7630322227210156E-016   1.1262687402367905E-005
     1000001   1000000000.0000000        1400.7469319912700        4620417.4587823180        177.82794100389228        2.3300000000000001       0.84999999999999998       0.14999999999999999        3.8410381324934924E-006   1.1588123994579512E-025   5.1446249951399463E-017   7.3133401096328679E-016   1.0710767585408801E-005
     1000001   1000000000.0000000        1422.6588707125838        4894194.4050893560        177.82794100389228        2.3300000000000001       0.84999999999999998       0.14999999999999999        3.8351964119299811E-006   1.7906612575159104E-026   7.9760561427457091E-018   6.8754582197505731E-016   1.0189115948123983E-005
     1000001   1000000000.0000000        1445.8691734289930        5184193.6553327581        177.82794100389228        2.3300000000000001       0.84999999999999998       0.14999999999999999        3.8295000715510562E-006   2.5952000419929963E-027   1.1576172701092706E-018   6.4485535732662586E-016   9.6960206081523611E-006
     1000001   1000000000.0000000        1470.0792400414209        5491376.4414516753        177.82794100389228        2.3300000000000001       0.84999999999999998       0.14999999999999999        3.8239416699257293E-006   3.5320346486648585E-028   1.5724812925072376E-019   6.0319298447826909E-016   9.2286765747044817E-006
     1000001   1000000000.0000000        1494.3781908534615        5816760.9519584905        177.82794100389228        2.3300000000000001       0.84999999999999998       0.14999999999999999        3.8185182854100818E-006   4.5756386815682902E-029   1.9974275428113650E-020   5.6252811766341020E-016   8.7828428529491267E-006
     1000001   1000000000.0000000        1498.8442776414429        6161425.7068278287        177.82794100389228        2.3300000000000001       0.84999999999999998       0.14999999999999999        3.8133001502098332E-006   6.3836857605749864E-030   2.4000194216173728E-021   5.2338319818996038E-016   8.3020638545547846E-006
     1000001   1000000000.0000000        1498.8442776414429        6526513.1323604891        177.82794100389228        2.3300000000000001       0.84999999999999998       0.14999999999999999        3.8083608407864536E-006   1.6223899038616419E-030   2.7700761944030335E-022   4.8631001102713309E-016   7.8356178636384469E-006
     1000001   1000000000.0000000        1498.8442776414429        6913233.3478713343        177.82794100389228        2.3300000000000001       0.84999999999999998       0.14999999999999999        3.8036992861368715E-006   1.0694188008578242E-030   3.0834485803770878E-023   4.5130308002625289E-016   7.3951964051142592E-006
     1000001   1000000000.0000000        1498.8442776414429        7322868.1767525831        177.82794100389228        2.3300000000000001       0.84999999999999998       0.14999999999999999        3.7992997304034760E-006   1.0074790048509994E-030   3.3144908840648383E-024   4.1824799833214522E-016   6.9793430956047463E-006
     1000001   1000000000.0000000        1498.8442776414429        7756775.3952074023        177.82794100389228        2.3300000000000001       0.84999999999999998       0.14999999999999999        3.7951471695107420E-006   1.0007792104172343E-030   3.4447735038345688E-025   3.8703647647243340E-016   6.5866832691407906E-006
     1000001   1000000000.0000000        1498.8442776414429        8216393.2327369619        177.82794100389228        2.3300000000000001       0.84999999999999998       0.14999999999999999        3.7912273845487702E-006   1.0000785913853644E-030   3.4655297693323138E-026   3.5756607941343343E-016   6.2159194475102543E-006
     1000001   1000000000.0000000        1498.8442776414429        8703245.1392981168        177.82794100389228        2.3300000000000001       0.84999999999999998       0.14999999999999999        3.7875269496402336E-006   1.0000076814604771E-030   3.3790805341530104E-027   3.2973995863848299E-016   5.8658270688198578E-006
     1000001   1000000000.0000000        1498.8442776414429        9218944.8349326309        177.82794100389228        2.3300000000000001       0.84999999999999998       0.14999999999999999        3.7840332209099013E-006   1.0000007282434510E-030   3.2039585849390859E-028   3.0346658293346783E-016   5.5352504602102671E-006
     1000001   1000000000.0000000        1498.8442776414429        9765201.6586063243        177.82794100389228        2.3300000000000001       0.84999999999999998       0.14999999999999999        3.7807343121450786E-006   1.0000000670294945E-030   3.0318362085787456E-029   2.7865947137920232E-016   5.2230990414404108E-006
     1000001   1000000000.0000000        1498.8442776414429        10343826.233986206        177.82794100389228        2.3300000000000001       0.84999999999999998       0.14999999999999999        3.7776190616981610E-006   1.0000000059949185E-030   3.6150616889844811E-030   2.5523693157544648E-016   4.9283437467782530E-006
     1000001   1000000000.0000000        1498.8442776414429        10956736.470936455        177.82794100389228        2.3300000000000001       0.84999999999999998       0.14999999999999999        3.7746769942023539E-006   1.0000000005214103E-030   1.2268373839826094E-030   2.3312180548512638E-016   4.6500136532952484E-006
     1000001   1000000000.0000000        1498.8442776414429        11605963.922625303        177.82794100389228        2.3300000000000001       0.84999999999999998       0.14999999999999999        3.7718982797960543E-006   1.0000000000441350E-030   1.0191503293707358E-030   2.1224122461491210E-016   4.3871928042652118E-006
     1000001   1000000000.0000000        1498.8442776414429        12293660.519314045        177.82794100389228        2.3300000000000001       0.84999999999999998       0.14999999999999999        3.7692736928082091E-006   1.0000000000036379E-030   1.0015746597481961E-030   1.9252637563040284E-016   4.1390172169090106E-006
     1000001   1000000000.0000000        1498.8442776414429        13022105.701148389        177.82794100389228        2.3300000000000001       0.84999999999999998       0.14999999999999999        3.7667945712542090E-006   1.0000000000002921E-030   1.0001261969732481E-030   1.7391227699018674E-016   3.9046720642032925E-006
     1000001   1000000000.0000000        1498.8442776414429        13793713.973593859        177.82794100389228        2.3300000000000001       0.84999999999999998       0.14999999999999999        3.7644527780221937E-006   1.0000000000000223E-030   1.0000098639309302E-030   1.5633756678805327E-016   3.6833890208820240E-006
     1000001   1000000000.0000000        1498.8442776414429        14611042.910559319        177.82794100389228        2.3300000000000001       0.84999999999999998       0.14999999999999999        3.7622406642767132E-006   1.0000000000000003E-030   1.0000007524238747E-030   1.3974430170940041E-016   3.4744437640986904E-006
     1000001   1000000000.0000000        1498.8442776414429        15476801.631735181        177.82794100389228        2.3300000000000001       0.84999999999999998       0.14999999999999999        3.7601510353495895E-006   1.0000000000000001E-030   1.0000000560461375E-030   1.2407776681811504E-016   3.2771536194835230E-006
     1000001   1000000000.0000000        1498.8442776414429        16393859.782245392        177.82794100389228        2.3300000000000001       0.84999999999999998       0.14999999999999999        3.7581771192066125E-006   1.0000000000000001E-030   1.0000000040789275E-030   1.0928629577241412E-016   3.0908753435191511E-006
     1000001   1000000000.0000000        1498.8442776414429        17365257.044377591        177.82794100389228        2.3300000000000001       0.84999999999999998       0.14999999999999999        3.7563125374553327E-006   1.0000000000000001E-030   1.0000000002902001E-030   9.5321101002527407E-017   2.9150030332689655E-006
     1000001   1000000000.0000000        1498.8442776414429        18394213.212918151        177.82794100389228        2.3300000000000001       0.84999999999999998       0.14999999999999999        3.7545512787791442E-006   1.0000000000000001E-030   1.0000000000201933E-030   8.2136113353381567E-017   2.7489661545251665E-006
     1000001   1000000000.0000000        1498.8442776414429        19484138.867488820        177.82794100389228        2.3300000000000001       0.84999999999999998       0.14999999999999999        3.7528876746345603E-006   1.0000000000000001E-030   1.0000000000013742E-030   6.9687830689333210E-017   2.5922276793998276E-006
     1000001   1000000000.0000000        1498.8442776414429        20638646.677259117        177.82794100389228        2.3300000000000001       0.84999999999999998       0.14999999999999999        3.7513163770234014E-006   1.0000000000000001E-030   1.0000000000000915E-030   5.7935174966760006E-017   2.4442823242709602E-006
     1000001   1000000000.0000000        1498.8442776414429        21861563.375504632        177.82794100389228        2.3300000000000001       0.84999999999999998       0.14999999999999999        3.7498323381427186E-006   1.0000000000000001E-030   1.0000000000000053E-030   4.6839357297903801E-017   2.3046548788275365E-006
     1000001   1000000000.0000000        1498.8442776414429        23156942.443702683        177.82794100389228        2.3300000000000001       0.84999999999999998       0.14999999999999999        3.7484307917177211E-006   1.0000000000000001E-030   1.0000000000000001E-030   3.6363750551806074E-017   2.1728986167532076E-006
     1000001   1000000000.0000000        1498.8442776414429        24529077.547208119        177.82794100389228        2.3300000000000001       0.84999999999999998       0.14999999999999999        3.7471072358328258E-006   1.0000000000000001E-030   1.0000000000000001E-030   2.6473769062782752E-017   2.0485937783765780E-006
     1000001   1000000000.0000000        1498.8442776414429        25982516.767042771        177.82794100389228        2.3300000000000001       0.84999999999999998       0.14999999999999999        3.7458574170900375E-006   1.0000000000000001E-030   1.0000000000000001E-030   1.7136755041843745E-017   1.9313461154349384E-006
     1000001   1000000000.0000000        1498.8442776414429        27522077.674971454        177.82794100389228        2.3300000000000001       0.84999999999999998       0.14999999999999999        3.7446773159399350E-006   1.0000000000000001E-030   1.0000000000000001E-030   8.3218713105953822E-018   1.8207854879982556E-006
     1000001   1000000000.0000000        1498.8442776414429        29152863.301832128        177.82794100389228        2.3300000000000001       0.84999999999999998       0.14999999999999999        3.7435631330472103E-006   1.0000000000000001E-030   1.0000000000000001E-030   1.0000000000000001E-030   1.7165645036426093E-006
