  0.33999998867511749       0.51500000059604645       0.73000001907348633        1.0850000381469727        1.6700000166893005        2.2599999904632568        3.0000000000000000        3.9500000476837158        6.5499999523162842        14.349999904632568        172.33999633789062     
       10001   1000000.0000000000        10.431738337489184        0.0000000000000000        0.0000000000000000        0.0000000000000000        0.0000000000000000        0.0000000000000000        0.0000000000000000        0.0000000000000000        0.0000000000000000        0.0000000000000000        0.0000000000000000        0.0000000000000000     
       10001   1000000.0000000000        11.345274765696345        0.0000000000000000        0.0000000000000000        0.0000000000000000        0.0000000000000000        0.0000000000000000        0.0000000000000000        0.0000000000000000        0.0000000000000000        0.0000000000000000        0.0000000000000000        0.0000000000000000     
       10001   1000000.0000000000        12.338812127464312        0.0000000000000000        0.0000000000000000        0.0000000000000000        0.0000000000000000        0.0000000000000000        0.0000000000000000        0.0000000000000000        0.0000000000000000        0.0000000000000000        0.0000000000000000        0.0000000000000000     
       10001   1000000.0000000000        13.419356327728012        0.0000000000000000        0.0000000000000000        0.0000000000000000        0.0000000000000000        0.0000000000000000        0.0000000000000000        0.0000000000000000        0.0000000000000000        0.0000000000000000        0.0000000000000000        0.0000000000000000     
       10001   1000000.0000000000        14.594526798062295        0.0000000000000000        0.0000000000000000        0.0000000000000000        0.0000000000000000        0.0000000000000000        0.0000000000000000        0.0000000000000000        0.0000000000000000        0.0000000000000000        0.0000000000000000        0.0000000000000000     
       10001   1000000.0000000000        15.872610224921379        0.0000000000000000        0.0000000000000000        0.0000000000000000        0.0000000000000000        0.0000000000000000        0.0000000000000000        0.0000000000000000        0.0000000000000000        0.0000000000000000        0.0000000000000000        0.0000000000000000     
       10001   1000000.0000000000        17.262618983009986        0.0000000000000000        0.0000000000000000        0.0000000000000000        0.0000000000000000        0.0000000000000000        0.0000000000000000        0.0000000000000000        0.0000000000000000        0.0000000000000000        0.0000000000000000        0.0000000000000000     
       10001   1000000.0000000000        18.774354685828140        0.0000000000000000        0.0000000000000000        0.0000000000000000        0.0000000000000000        0.0000000000000000        0.0000000000000000        0.0000000000000000        0.0000000000000000        0.0000000000000000        0.0000000000000000        0.0000000000000000     
       10001   1000000.0000000000        20.418477301514223        0.0000000000000000        0.0000000000000000        0.0000000000000000        0.0000000000000000        0.0000000000000000        0.0000000000000000        0.0000000000000000        0.0000000000000000        0.0000000000000000        0.0000000000000000        0.0000000000000000     
       10001   1000000.0000000000        22.206580321355077        0.0000000000000000        0.0000000000000000        0.0000000000000000        0.0000000000000000        0.0000000000000000        0.0000000000000000        0.0000000000000000        0.0000000000000000        0.0000000000000000        0.0000000000000000        0.0000000000000000     
       10001   1000000.0000000000        24.151272511012497        0.0000000000000000        0.0000000000000000        0.0000000000000000        0.0000000000000000        0.0000000000000000        0.0000000000000000        0.0000000000000000        0.0000000000000000        0.0000000000000000        0.0000000000000000        0.0000000000000000     
       10001   1000000.0000000000        26.266266820932874        0.0000000000000000        0.0000000000000000        0.0000000000000000        0.0000000000000000        0.0000000000000000        0.0000000000000000        0.0000000000000000        0.0000000000000000        0.0000000000000000        0.0000000000000000        0.0000000000000000     
       10001   1000000.0000000000        28.566477082888710        0.0000000000000000        0.0000000000000000        0.0000000000000000        0.0000000000000000        0.0000000000000000        0.0000000000000000        0.0000000000000000        0.0000000000000000        0.0000000000000000        0.0000000000000000        0.0000000000000000     
       10001   1000000.0000000000        31.068123174506820        0.0000000000000000        0.0000000000000000        0.0000000000000000        0.0000000000000000        0.0000000000000000        0.0000000000000000        0.0000000000000000        0.0000000000000000        0.0000000000000000        0.0000000000000000        0.0000000000000000     
       10001   1000000.0000000000        33.788845393347479        0.0000000000000000        0.0000000000000000        0.0000000000000000        0.0000000000000000        0.0000000000000000        0.0000000000000000        0.0000000000000000        0.0000000000000000        0.0000000000000000        0.0000000000000000        0.0000000000000000     
       10001   1000000.0000000000        36.747828847040090        0.0000000000000000        0.0000000000000000        0.0000000000000000        0.0000000000000000        0.0000000000000000        0.0000000000000000        0.0000000000000000        0.0000000000000000        0.0000000000000000        0.0000000000000000        0.0000000000000000     
       10001   1000000.0000000000        39.965938736611179        0.0000000000000000        0.0000000000000000        0.0000000000000000        0.0000000000000000        0.0000000000000000        0.0000000000000000        0.0000000000000000        0.0000000000000000        0.0000000000000000        0.0000000000000000        0.0000000000000000     
       10001   1000000.0000000000        43.465867486949911        0.0000000000000000        0.0000000000000000        0.0000000000000000        0.0000000000000000        0.0000000000000000        0.0000000000000000        0.0000000000000000        0.0000000000000000        0.0000000000000000        0.0000000000000000        0.0000000000000000     
       10001   1000000.0000000000        47.272294761899261        0.0000000000000000        0.0000000000000000        0.0000000000000000        0.0000000000000000        0.0000000000000000        0.0000000000000000        0.0000000000000000        0.0000000000000000        0.0000000000000000        0.0000000000000000        0.0000000000000000     
       10001   1000000.0000000000        51.412061492314940        0.0000000000000000        0.0000000000000000        0.0000000000000000        0.0000000000000000        0.0000000000000000        0.0000000000000000        0.0000000000000000        0.0000000000000000        0.0000000000000000        0.0000000000000000        0.0000000000000000     
       10001   1000000.0000000000        55.914359144247676        0.0000000000000000        0.0000000000000000        0.0000000000000000        0.0000000000000000        0.0000000000000000        0.0000000000000000        0.0000000000000000        0.0000000000000000        0.0000000000000000        0.0000000000000000        0.0000000000000000     
       10001   1000000.0000000000        60.810935561867311        0.0000000000000000        0.0000000000000000        0.0000000000000000        0.0000000000000000        0.0000000000000000        0.0000000000000000        0.0000000000000000        0.0000000000000000        0.0000000000000000        0.0000000000000000        0.0000000000000000     
       10001   1000000.0000000000        66.136318836625861        0.0000000000000000        0.0000000000000000        0.0000000000000000        0.0000000000000000        0.0000000000000000        0.0000000000000000        0.0000000000000000        0.0000000000000000        0.0000000000000000        0.0000000000000000        0.0000000000000000     
       10001   1000000.0000000000        71.928060781269068        0.0000000000000000        0.0000000000000000        0.0000000000000000        0.0000000000000000        0.0000000000000000        0.0000000000000000        0.0000000000000000        0.0000000000000000        0.0000000000000000        0.0000000000000000        0.0000000000000000     
       10001   1000000.0000000000        78.227001725545264        0.0000000000000000        0.0000000000000000        0.0000000000000000        0.0000000000000000        0.0000000000000000        0.0000000000000000        0.0000000000000000        0.0000000000000000        0.0000000000000000        0.0000000000000000        0.0000000000000000     
       10001   1000000.0000000000        85.077558500813126        0.0000000000000000        0.0000000000000000        0.0000000000000000        0.0000000000000000        0.0000000000000000        0.0000000000000000        0.0000000000000000        0.0000000000000000        0.0000000000000000        0.0000000000000000        0.0000000000000000     
       10001   1000000.0000000000        92.528037644265609        0.0000000000000000        0.0000000000000000        0.0000000000000000        0.0000000000000000        0.0000000000000000        0.0000000000000000        0.0000000000000000        0.0000000000000000        0.0000000000000000        0.0000000000000000        0.0000000000000000     
       10001   1000000.0000000000        100.63097603132084        0.0000000000000000        0.0000000000000000        0.0000000000000000        0.0000000000000000        0.0000000000000000        0.0000000000000000        0.0000000000000000        0.0000000000000000        0.0000000000000000        0.0000000000000000        0.0000000000000000     
       10001   1000000.0000000000        109.44351133814270        0.0000000000000000        0.0000000000000000        0.0000000000000000        0.0000000000000000        0.0000000000000000        0.0000000000000000        0.0000000000000000        0.0000000000000000        0.0000000000000000        0.0000000000000000        0.0000000000000000     
       10001   1000000.0000000000        119.02778494659654        0.0000000000000000        0.0000000000000000        0.0000000000000000        0.0000000000000000        0.0000000000000000        0.0000000000000000        0.0000000000000000        0.0000000000000000        0.0000000000000000        0.0000000000000000        0.0000000000000000     
       10001   1000000.0000000000        129.45138013271696        0.0000000000000000        0.0000000000000000        0.0000000000000000        0.0000000000000000        0.0000000000000000        0.0000000000000000        0.0000000000000000        0.0000000000000000        0.0000000000000000        0.0000000000000000        0.0000000000000000     
       10001   1000000.0000000000        140.78779862856183        0.0000000000000000        0.0000000000000000        0.0000000000000000        0.0000000000000000        0.0000000000000000        0.0000000000000000        0.0000000000000000        0.0000000000000000        0.0000000000000000        0.0000000000000000        0.0000000000000000     
       10001   1000000.0000000000        153.11697891791701        0.0000000000000000        0.0000000000000000        0.0000000000000000        0.0000000000000000        0.0000000000000000        0.0000000000000000        0.0000000000000000        0.0000000000000000        0.0000000000000000        0.0000000000000000        0.0000000000000000     
       10001   1000000.0000000000        166.52585992060216        0.0000000000000000        0.0000000000000000        0.0000000000000000        0.0000000000000000        0.0000000000000000        0.0000000000000000        0.0000000000000000        0.0000000000000000        0.0000000000000000        0.0000000000000000        0.0000000000000000     
       10001   1000000.0000000000        181.10899404018389        0.0000000000000000        0.0000000000000000        0.0000000000000000        0.0000000000000000        0.0000000000000000        0.0000000000000000        0.0000000000000000        0.0000000000000000        0.0000000000000000        0.0000000000000000        0.0000000000000000     
       10001   1000000.0000000000        196.96921389798786        0.0000000000000000        0.0000000000000000        0.0000000000000000        0.0000000000000000        0.0000000000000000        0.0000000000000000        0.0000000000000000        0.0000000000000000        0.0000000000000000        0.0000000000000000        0.0000000000000000     
       10001   1000000.0000000000        214.21835745486533        0.0000000000000000        0.0000000000000000        0.0000000000000000        0.0000000000000000        0.0000000000000000        0.0000000000000000        0.0000000000000000        0.0000000000000000        0.0000000000000000        0.0000000000000000        0.0000000000000000     
       10001   1000000.0000000000        232.97805663390125        0.0000000000000000        0.0000000000000000        0.0000000000000000        0.0000000000000000        0.0000000000000000        0.0000000000000000        0.0000000000000000        0.0000000000000000        0.0000000000000000        0.0000000000000000        0.0000000000000000     
       10001   1000000.0000000000        253.38059500500913        0.0000000000000000        0.0000000000000000        0.0000000000000000        0.0000000000000000        0.0000000000000000        0.0000000000000000        0.0000000000000000        0.0000000000000000        0.0000000000000000        0.0000000000000000        0.0000000000000000     
       10001   1000000.0000000000        275.56984057935517        0.0000000000000000        0.0000000000000000        0.0000000000000000        0.0000000000000000        0.0000000000000000        0.0000000000000000        0.0000000000000000        0.0000000000000000        0.0000000000000000        0.0000000000000000        0.0000000000000000     
       10001   1000000.0000000000        299.70226029120391        0.0000000000000000        0.0000000000000000        0.0000000000000000        0.0000000000000000        0.0000000000000000        0.0000000000000000        0.0000000000000000        0.0000000000000000        0.0000000000000000        0.0000000000000000        0.0000000000000000     
       10001   1000000.0000000000        325.94802332075642        0.0000000000000000        0.0000000000000000        0.0000000000000000        0.0000000000000000        0.0000000000000000        0.0000000000000000        0.0000000000000000        0.0000000000000000        0.0000000000000000        0.0000000000000000        0.0000000000000000     
       10001   1000000.0000000000        354.49220103805158        0.0000000000000000        0.0000000000000000        0.0000000000000000        0.0000000000000000        0.0000000000000000        0.0000000000000000        0.0000000000000000        0.0000000000000000        0.0000000000000000        0.0000000000000000        0.0000000000000000     
       10001   1000000.0000000000        385.53607202931107        0.0000000000000000        0.0000000000000000        0.0000000000000000        0.0000000000000000        0.0000000000000000        0.0000000000000000        0.0000000000000000        0.0000000000000000        0.0000000000000000        0.0000000000000000        0.0000000000000000     
       10001   1000000.0000000000        419.29854140806611        0.0000000000000000        0.0000000000000000        0.0000000000000000        0.0000000000000000        0.0000000000000000        0.0000000000000000        0.0000000000000000        0.0000000000000000        0.0000000000000000        0.0000000000000000        0.0000000000000000     
       10001   1000000.0000000000        456.01768441933399        0.0000000000000000        0.0000000000000000        0.0000000000000000        0.0000000000000000        0.0000000000000000        0.0000000000000000        0.0000000000000000        0.0000000000000000        0.0000000000000000        0.0000000000000000        0.0000000000000000     
       10001   1000000.0000000000        495.95242522150778        0.0000000000000000        0.0000000000000000        0.0000000000000000        0.0000000000000000        0.0000000000000000        0.0000000000000000        0.0000000000000000        0.0000000000000000        0.0000000000000000        0.0000000000000000        0.0000000000000000     
       10001   1000000.0000000000        539.38436268386613        0.0000000000000000        0.0000000000000000        0.0000000000000000        0.0000000000000000        0.0000000000000000        0.0000000000000000        0.0000000000000000        0.0000000000000000        0.0000000000000000        0.0000000000000000        0.0000000000000000     
       10001   1000000.0000000000        586.61975607426393        0.0000000000000000        0.0000000000000000        0.0000000000000000        0.0000000000000000        0.0000000000000000        0.0000000000000000        0.0000000000000000        0.0000000000000000        0.0000000000000000        0.0000000000000000        0.0000000000000000     
       10001   1000000.0000000000        637.99168463903061        0.0000000000000000        0.0000000000000000        0.0000000000000000        0.0000000000000000        0.0000000000000000        0.0000000000000000        0.0000000000000000        0.0000000000000000        0.0000000000000000        0.0000000000000000        0.0000000000000000     
       10001   1000000.0000000000        693.86239630330283        0.0000000000000000        0.0000000000000000        0.0000000000000000        0.0000000000000000        0.0000000000000000        0.0000000000000000        0.0000000000000000        0.0000000000000000        0.0000000000000000        0.0000000000000000        0.0000000000000000     
       10001   1000000.0000000000        754.62586205360674        0.0000000000000000        0.0000000000000000        0.0000000000000000        0.0000000000000000        0.0000000000000000        0.0000000000000000        0.0000000000000000        0.0000000000000000        0.0000000000000000        0.0000000000000000        0.0000000000000000     
       10001   1000000.0000000000        820.71055401484307       0.90000000000000002       0.90000000000000002       0.90000000000000002       0.90000000000000002       0.90000000000000002       0.90000000000000002       0.90000000000000002       0.87055654282443184       0.82341227411660733       0.60434685360332663        1.2302563581977474E-002
       10001   1000000.0000000000        892.58246681121705       0.90000000000000002       0.90000000000000002       0.90000000000000002       0.90000000000000002       0.90000000000000002       0.90000000000000002       0.90000000000000002       0.87284593842611768       0.82865477669934362       0.62424393540315803        1.1021036851586613E-002
       10001   1000000.0000000000        970.74840351619173       0.90000000000000002       0.90000000000000002       0.90000000000000002       0.90000000000000002       0.90000000000000002       0.90000000000000002       0.90000000000000002       0.87485873445397189       0.83315313228065502       0.64344249712015056        8.9066445860224684E-003
       10001   1000000.0000000000        1055.7595493622257       0.90000000000000002       0.90000000000000002       0.90000000000000002       0.90000000000000002       0.90000000000000002       0.90000000000000002       0.90000000000000002       0.87656534758772864       0.83674959355481726       0.65802845057867587        5.9645080138294553E-003
       10001   1000000.0000000000        1148.2153584102582       0.90000000000000002       0.90000000000000002       0.90000000000000002       0.90000000000000002       0.90000000000000002       0.90000000000000002       0.90000000000000002       0.90000000000000002       0.83971535442394973       0.66745290746051134        2.4376816163349077E-003
       10001   1000000.0000000000        1248.7677805856742       0.90000000000000002       0.90000000000000002       0.90000000000000002       0.90000000000000002       0.90000000000000002       0.90000000000000002       0.90000000000000002       0.90000000000000002       0.84194867359504610       0.67342964621118107        0.0000000000000000     
       10001   1000000.0000000000        1358.1258588876030       0.90000000000000002       0.90000000000000002       0.90000000000000002       0.90000000000000002       0.90000000000000002       0.90000000000000002       0.90000000000000002       0.90000000000000002       0.84322770384658663       0.67683077762820598        0.0000000000000000     
       10001   1000000.0000000000        1477.0607291886670       0.90000000000000002       0.90000000000000002       0.90000000000000002       0.90000000000000002       0.90000000000000002       0.90000000000000002       0.90000000000000002       0.90000000000000002       0.84389034708933131       0.67866933664072171        0.0000000000000000     
       10001   1000000.0000000000        1606.4110578811351       0.90000000000000002       0.90000000000000002       0.90000000000000002       0.90000000000000002       0.90000000000000002       0.90000000000000002       0.90000000000000002       0.90000000000000002       0.84431710098690882       0.67989486430129065        0.0000000000000000     
       10001   1000000.0000000000        1747.0889557129149       0.90000000000000002       0.90000000000000002       0.90000000000000002       0.90000000000000002       0.90000000000000002       0.90000000000000002       0.90000000000000002       0.90000000000000002       0.84457551995148927       0.68065472005199701        0.0000000000000000     
       10001   1000000.0000000000        1900.0864095146821       0.90000000000000002       0.90000000000000002       0.90000000000000002       0.90000000000000002       0.90000000000000002       0.90000000000000002       0.90000000000000002       0.90000000000000002       0.84472977978130892       0.68111470003100272        0.0000000000000000     
       10001   1000000.0000000000        2066.4822771712666       0.90000000000000002       0.90000000000000002       0.90000000000000002       0.90000000000000002       0.90000000000000002       0.90000000000000002       0.90000000000000002       0.90000000000000002       0.84482254566310233       0.68139328112054831        0.0000000000000000     
       10001   1000000.0000000000        2247.4498951622236       0.90000000000000002       0.90000000000000002       0.90000000000000002       0.90000000000000002       0.90000000000000002       0.90000000000000002       0.90000000000000002       0.90000000000000002       0.84487924644630685       0.68156388119295841        0.0000000000000000     
       10001   1000000.0000000000        2444.2653523159543       0.90000000000000002       0.90000000000000002       0.90000000000000002       0.90000000000000002       0.90000000000000002       0.90000000000000002       0.90000000000000002       0.90000000000000002       0.84491478619964777       0.68167052473653778        0.0000000000000000     
       10001   1000000.0000000000        2658.3164881195166       0.90000000000000002       0.90000000000000002       0.90000000000000002       0.90000000000000002       0.90000000000000002       0.90000000000000002       0.90000000000000002       0.90000000000000002       0.84493778121373997       0.68173900322094449        0.0000000000000000     
       10001   1000000.0000000000        2891.1126790356084       0.90000000000000002       0.90000000000000002       0.90000000000000002       0.90000000000000002       0.90000000000000002       0.90000000000000002       0.90000000000000002       0.90000000000000002       0.84495321129905121       0.68178434049701830        0.0000000000000000     
       10001   1000000.0000000000        3144.2954818345379       0.90000000000000002       0.90000000000000002       0.90000000000000002       0.90000000000000002       0.90000000000000002       0.90000000000000002       0.90000000000000002       0.90000000000000002       0.84496399071281558       0.68181537046839769        0.0000000000000000     
       10001   1000000.0000000000        3419.6502089925411       0.90000000000000002       0.90000000000000002       0.90000000000000002       0.90000000000000002       0.90000000000000002       0.90000000000000002       0.90000000000000002       0.90000000000000002       0.84497185597412794       0.68183737190261584        0.0000000000000000     
       10001   1000000.0000000000        3719.1185177799598       0.90000000000000002       0.90000000000000002       0.90000000000000002       0.90000000000000002       0.90000000000000002       0.90000000000000002       0.90000000000000002       0.90000000000000002       0.84497786326480062       0.68185356053947854        0.0000000000000000     
       10001   1000000.0000000000        4044.8121018110778       0.90000000000000002       0.90000000000000002       0.90000000000000002       0.90000000000000002       0.90000000000000002       0.90000000000000002       0.90000000000000002       0.90000000000000002       0.84498266887811235       0.68186593602857648        0.0000000000000000     
       10001   1000000.0000000000        4399.0275816010808       0.90000000000000002       0.90000000000000002       0.90000000000000002       0.90000000000000002       0.90000000000000002       0.90000000000000002       0.90000000000000002       0.90000000000000002       0.84498668940705324       0.68187576774869008        0.0000000000000000     
       10001   1000000.0000000000        4784.2626991306734       0.90000000000000002       0.90000000000000002       0.90000000000000002       0.90000000000000002       0.90000000000000002       0.90000000000000002       0.90000000000000002       0.90000000000000002       0.84499019476538362       0.68188387772892867        0.0000000000000000     
       10001   1000000.0000000000        5203.2339306138792       0.90000000000000002       0.90000000000000002       0.90000000000000002       0.90000000000000002       0.90000000000000002       0.90000000000000002       0.90000000000000002       0.90000000000000002       0.84499336315759732       0.68189080823462100        0.0000000000000000     
       10001   1000000.0000000000        5658.8956416651308       0.90000000000000002       0.90000000000000002       0.90000000000000002       0.90000000000000002       0.90000000000000002       0.90000000000000002       0.90000000000000002       0.90000000000000002       0.84499631420986465       0.68189692292263815        0.0000000000000000     
       10001   1000000.0000000000        6154.4609199376109       0.90000000000000002       0.90000000000000002       0.90000000000000002       0.90000000000000002       0.90000000000000002       0.90000000000000002       0.90000000000000002       0.90000000000000002       0.84499912932476950       0.68190246904797491        0.0000000000000000     
       10001   1000000.0000000000        6693.4242321340962       0.90000000000000002       0.90000000000000002       0.90000000000000002       0.90000000000000002       0.90000000000000002       0.90000000000000002       0.90000000000000002       0.90000000000000002       0.84500186440664260       0.68190761639485042        0.0000000000000000     
       10001   1000000.0000000000        7279.5860651551784       0.90000000000000002       0.90000000000000002       0.90000000000000002       0.90000000000000002       0.90000000000000002       0.90000000000000002       0.90000000000000002       0.90000000000000002       0.84500455796222373       0.68191248206984889        0.0000000000000000     
       10001   1000000.0000000000        7917.0797251417562       0.90000000000000002       0.90000000000000002       0.90000000000000002       0.90000000000000002       0.90000000000000002       0.90000000000000002       0.90000000000000002       0.90000000000000002       0.84500723444823178       0.68191714373249745        0.0000000000000000     
       10001   1000000.0000000000        8610.4004833844119       0.90000000000000002       0.90000000000000002       0.90000000000000002       0.90000000000000002       0.90000000000000002       0.90000000000000002       0.90000000000000002       0.90000000000000002       0.84500991409041548       0.68192165964294282        0.0000000000000000     
       10001   1000000.0000000000        9364.4372746213958       0.90000000000000002       0.90000000000000002       0.90000000000000002       0.90000000000000002       0.90000000000000002       0.90000000000000002       0.90000000000000002       0.90000000000000002       0.84501263647176850       0.68192610700581346        0.0000000000000000     
       10001   1000000.0000000000        10184.507171244810       0.90000000000000002       0.90000000000000002       0.90000000000000002       0.90000000000000002       0.90000000000000002       0.90000000000000002       0.90000000000000002       0.90000000000000002       0.84501546118770987       0.68193058500397408        0.0000000000000000     
       10001   1000000.0000000000        11076.392876509570       0.90000000000000002       0.90000000000000002       0.90000000000000002       0.90000000000000002       0.90000000000000002       0.90000000000000002       0.90000000000000002       0.90000000000000002       0.84501844529683068       0.68193518335723258        0.0000000000000000     
       10001   1000000.0000000000        12046.383501126886       0.90000000000000002       0.90000000000000002       0.90000000000000002       0.90000000000000002       0.90000000000000002       0.90000000000000002       0.90000000000000002       0.90000000000000002       0.84502163801450192       0.68193997567267384        0.0000000000000000     
       10001   1000000.0000000000        13101.318910778036       0.90000000000000002       0.90000000000000002       0.90000000000000002       0.90000000000000002       0.90000000000000002       0.90000000000000002       0.90000000000000002       0.90000000000000002       0.84502508370639240       0.68194502448367111        0.0000000000000000     
       10001   1000000.0000000000        14248.637957263581       0.90000000000000002       0.90000000000000002       0.90000000000000002       0.90000000000000002       0.90000000000000002       0.90000000000000002       0.90000000000000002       0.90000000000000002       0.84502882321189143       0.68195038355569293        0.0000000000000000     
       10001   1000000.0000000000        15496.430933388809       0.90000000000000002       0.90000000000000002       0.90000000000000002       0.90000000000000002       0.90000000000000002       0.90000000000000002       0.90000000000000002       0.90000000000000002       0.84503289464558273       0.68195609920860700        0.0000000000000000     
       10001   1000000.0000000000        16853.496621469865       0.90000000000000002       0.90000000000000002       0.90000000000000002       0.90000000000000002       0.90000000000000002       0.90000000000000002       0.90000000000000002       0.90000000000000002       0.84503733397989478       0.68196221114298927        0.0000000000000000     
       10001   1000000.0000000000        18329.404337736843       0.90000000000000002       0.90000000000000002       0.90000000000000002       0.90000000000000002       0.90000000000000002       0.90000000000000002       0.90000000000000002       0.90000000000000002       0.84504217549217042       0.68196875292081227        0.0000000000000000     
       10001   1000000.0000000000        19934.561410138173       0.90000000000000002       0.90000000000000002       0.90000000000000002       0.90000000000000002       0.90000000000000002       0.90000000000000002       0.90000000000000002       0.90000000000000002       0.84504745216596977       0.68197575224870000        0.0000000000000000     
       10001   1000000.0000000000        21680.286565364473       0.90000000000000002       0.90000000000000002       0.90000000000000002       0.90000000000000002       0.90000000000000002       0.90000000000000002       0.90000000000000002       0.90000000000000002       0.84505319612680085       0.68198323118918369        0.0000000000000000     
       10001   1000000.0000000000        23578.889742579249       0.90000000000000002       0.90000000000000002       0.90000000000000002       0.90000000000000002       0.90000000000000002       0.90000000000000002       0.90000000000000002       0.90000000000000002       0.84505943918800197       0.68199120641201794        0.0000000000000000     
       10001   1000000.0000000000        25643.758896660285       0.90000000000000002       0.90000000000000002       0.90000000000000002       0.90000000000000002       0.90000000000000002       0.90000000000000002       0.90000000000000002       0.90000000000000002       0.84506621358274614       0.68199968959210810        0.0000000000000000     
       10001   1000000.0000000000        27889.454403043019       0.90000000000000002       0.90000000000000002       0.90000000000000002       0.90000000000000002       0.90000000000000002       0.90000000000000002       0.90000000000000002       0.90000000000000002       0.84507355295932318       0.68200868805330161        0.0000000000000000     
       10001   1000000.0000000000        30331.811729859663       0.90000000000000002       0.90000000000000002       0.90000000000000002       0.90000000000000002       0.90000000000000002       0.90000000000000002       0.90000000000000002       0.90000000000000002       0.84508149373358554       0.68201820579242678        0.0000000000000000     
       10001   1000000.0000000000        32988.053101364101       0.90000000000000002       0.90000000000000002       0.90000000000000002       0.90000000000000002       0.90000000000000002       0.90000000000000002       0.90000000000000002       0.90000000000000002       0.84509007393653912       0.68202823593868789        0.0000000000000000     
       10001   1000000.0000000000        35876.908940033594       0.90000000000000002       0.90000000000000002       0.90000000000000002       0.90000000000000002       0.90000000000000002       0.90000000000000002       0.90000000000000002       0.90000000000000002       0.84509935029589944       0.68203880797811356        0.0000000000000000     
       10001   1000000.0000000000        39018.749943694966       0.90000000000000002       0.90000000000000002       0.90000000000000002       0.90000000000000002       0.90000000000000002       0.90000000000000002       0.90000000000000002       0.90000000000000002       0.84510942362484998       0.68205005902200611        0.0000000000000000     
       10001   1000000.0000000000        42435.730729013565       0.90000000000000002       0.90000000000000002       0.90000000000000002       0.90000000000000002       0.90000000000000002       0.90000000000000002       0.90000000000000002       0.90000000000000002       0.84512040247572695       0.68206211424716834        0.0000000000000000     
       10001   1000000.0000000000        46151.946054241162       0.90000000000000002       0.90000000000000002       0.90000000000000002       0.90000000000000002       0.90000000000000002       0.90000000000000002       0.90000000000000002       0.90000000000000002       0.84513240163935799       0.68207507201016271        0.0000000000000000     
       10001   1000000.0000000000        50193.600722828931       0.90000000000000002       0.90000000000000002       0.90000000000000002       0.90000000000000002       0.90000000000000002       0.90000000000000002       0.90000000000000002       0.90000000000000002       0.84514557033612570       0.68208907714837452        0.0000000000000000     
       10001   1000000.0000000000        54589.194365971067       0.90000000000000002       0.90000000000000002       0.90000000000000002       0.90000000000000002       0.90000000000000002       0.90000000000000002       0.90000000000000002       0.90000000000000002       0.84516011007270964       0.68210435902793476        0.0000000000000000     
       10001   1000000.0000000000        59369.722407071960       0.90000000000000002       0.90000000000000002       0.90000000000000002       0.90000000000000002       0.90000000000000002       0.90000000000000002       0.90000000000000002       0.90000000000000002       0.84517629320617027       0.68212126703363052        0.0000000000000000     
       10001   1000000.0000000000        64568.894625233588       0.90000000000000002       0.90000000000000002       0.90000000000000002       0.90000000000000002       0.90000000000000002       0.90000000000000002       0.90000000000000002       0.90000000000000002       0.84519448987042944       0.68214032534811553        0.0000000000000000     
       10001   1000000.0000000000        70223.372858955801       0.90000000000000002       0.90000000000000002       0.90000000000000002       0.90000000000000002       0.90000000000000002       0.90000000000000002       0.90000000000000002       0.90000000000000002       0.84521520587042065       0.68216231277035955        0.0000000000000000     
       10001   1000000.0000000000        76373.029526213533       0.90000000000000002       0.90000000000000002       0.90000000000000002       0.90000000000000002       0.90000000000000002       0.90000000000000002       0.90000000000000002       0.90000000000000002       0.84523913622606217       0.68218837879739058        0.0000000000000000     
       10001   1000000.0000000000        83061.228783857878       0.90000000000000002       0.90000000000000002       0.90000000000000002       0.90000000000000002       0.90000000000000002       0.90000000000000002       0.90000000000000002       0.90000000000000002       0.84526724114782970       0.68222021237514585        0.0000000000000000     
       10001   1000000.0000000000        90335.132308930857       0.90000000000000002       0.90000000000000002       0.90000000000000002       0.90000000000000002       0.90000000000000002       0.90000000000000002       0.90000000000000002       0.90000000000000002       0.84530085444422798       0.68226028781422376        0.0000000000000000     
       10001   1000000.0000000000        98246.031858102593       0.90000000000000002       0.90000000000000002       0.90000000000000002       0.90000000000000002       0.90000000000000002       0.90000000000000002       0.90000000000000002       0.90000000000000002       0.84534183727896028       0.68231221886501781        0.0000000000000000     
       10001   1000000.0000000000        106849.71095026600       0.90000000000000002       0.90000000000000002       0.90000000000000002       0.90000000000000002       0.90000000000000002       0.90000000000000002       0.90000000000000002       0.90000000000000002       0.84539347410555377       0.68238333020070840        0.0000000000000000     
       10001   1000000.0000000000        116206.83822268601       0.90000000000000002       0.90000000000000002       0.90000000000000002       0.90000000000000002       0.90000000000000002       0.90000000000000002       0.90000000000000002       0.90000000000000002       0.84545800020481221       0.68247689344518281        0.0000000000000000     
       10001   1000000.0000000000        126383.39523444363       0.90000000000000002       0.90000000000000002       0.90000000000000002       0.90000000000000002       0.90000000000000002       0.90000000000000002       0.90000000000000002       0.90000000000000002       0.84555635467872747       0.68265226304093696        0.0000000000000000     
       10001   1000000.0000000000        137451.14173382093       0.90000000000000002       0.90000000000000002       0.90000000000000002       0.90000000000000002       0.90000000000000002       0.90000000000000002       0.90000000000000002       0.90000000000000002       0.84572342873743556       0.68301112429866684        0.0000000000000000     
       10001   1000000.0000000000        149488.12167044831       0.90000000000000002       0.90000000000000002       0.90000000000000002       0.90000000000000002       0.90000000000000002       0.90000000000000002       0.90000000000000002       0.90000000000000002       0.84597862492205889       0.68360910938680708        0.0000000000000000     
       10001   1000000.0000000000        162579.21352035040       0.90000000000000002       0.90000000000000002       0.90000000000000002       0.90000000000000002       0.90000000000000002       0.90000000000000002       0.90000000000000002       0.90000000000000002       0.84633540820738429       0.68448579354006001        0.0000000000000000     
       10001   1000000.0000000000        176816.72880448613       0.90000000000000002       0.90000000000000002       0.90000000000000002       0.90000000000000002       0.90000000000000002       0.90000000000000002       0.90000000000000002       0.90000000000000002       0.84681189627598707       0.68569845779141037        0.0000000000000000     
       10001   1000000.0000000000        192301.06302123182       0.90000000000000002       0.90000000000000002       0.90000000000000002       0.90000000000000002       0.90000000000000002       0.90000000000000002       0.90000000000000002       0.90000000000000002       0.84743070950274657       0.68732390123417220        0.0000000000000000     
       10001   1000000.0000000000        209141.40358283502       0.90000000000000002       0.90000000000000002       0.90000000000000002       0.90000000000000002       0.90000000000000002       0.90000000000000002       0.90000000000000002       0.90000000000000002       0.84821984383742255       0.68946420055905677        0.0000000000000000     
       10001   1000000.0000000000        227456.49974784054       0.90000000000000002       0.90000000000000002       0.90000000000000002       0.90000000000000002       0.90000000000000002       0.90000000000000002       0.90000000000000002       0.90000000000000002       0.84921221020648097       0.69224813406509977        0.0000000000000000     
       10001   1000000.0000000000        247375.49997864486       0.90000000000000002       0.90000000000000002       0.90000000000000002       0.90000000000000002       0.90000000000000002       0.90000000000000002       0.90000000000000002       0.90000000000000002       0.85044305009648269       0.69582100783295842        0.0000000000000000     
       10001   1000000.0000000000        269038.86262878962       0.90000000000000002       0.90000000000000002       0.90000000000000002       0.90000000000000002       0.90000000000000002       0.90000000000000002       0.90000000000000002       0.90000000000000002       0.85194568733451126       0.70030956358202445        0.0000000000000000     
       10001   1000000.0000000000        292599.34638167988       0.90000000000000002       0.90000000000000002       0.90000000000000002       0.90000000000000002       0.90000000000000002       0.90000000000000002       0.90000000000000002       0.90000000000000002       0.85375059986839896       0.70574658525971157        0.0000000000000000     
       10001   1000000.0000000000        318223.08742478525       0.90000000000000002       0.90000000000000002       0.90000000000000002       0.90000000000000002       0.90000000000000002       0.90000000000000002       0.90000000000000002       0.90000000000000002       0.85589649643755716       0.71197362445929091        0.0000000000000000     
       10001   1000000.0000000000        346090.77095499361       0.90000000000000002       0.90000000000000002       0.90000000000000002       0.90000000000000002       0.90000000000000002       0.90000000000000002       0.90000000000000002       0.90000000000000002       0.85843440571077956       0.71864245185856424        0.0000000000000000     
       10001   1000000.0000000000        376398.90527594875       0.90000000000000002       0.90000000000000002       0.90000000000000002       0.90000000000000002       0.90000000000000002       0.90000000000000002       0.90000000000000002       0.90000000000000002       0.86138770300585754       0.72556515307933522        0.0000000000000000     
       10001   1000000.0000000000        409361.20747165574       0.90000000000000002       0.90000000000000002       0.90000000000000002       0.90000000000000002       0.90000000000000002       0.90000000000000002       0.90000000000000002       0.90000000000000002       0.86474124487929327       0.73322035729908475        0.0000000000000000     
       10001   1000000.0000000000        445210.11042738560       0.90000000000000002       0.90000000000000002       0.90000000000000002       0.90000000000000002       0.90000000000000002       0.90000000000000002       0.90000000000000002       0.90000000000000002       0.86852399750830001       0.74252088853548615        0.0000000000000000     
       10001   1000000.0000000000        484198.40182460181       0.90000000000000002       0.90000000000000002       0.90000000000000002       0.90000000000000002       0.90000000000000002       0.90000000000000002       0.90000000000000002       0.90000000000000002       0.87268287251198251       0.75286247722651933        0.0000000000000000     
       10001   1000000.0000000000        526601.00666724879       0.90000000000000002       0.90000000000000002       0.90000000000000002       0.90000000000000002       0.90000000000000002       0.90000000000000002       0.90000000000000002       0.90000000000000002       0.90000000000000002       0.76293471986679184        0.0000000000000000     
       10001   1000000.0000000000        572716.92590884247       0.90000000000000002       0.90000000000000002       0.90000000000000002       0.90000000000000002       0.90000000000000002       0.90000000000000002       0.90000000000000002       0.90000000000000002       0.90000000000000002       0.77377763426749313        0.0000000000000000     
       10001   1000000.0000000000        622871.34485053364       0.90000000000000002       0.90000000000000002       0.90000000000000002       0.90000000000000002       0.90000000000000002       0.90000000000000002       0.90000000000000002       0.90000000000000002       0.90000000000000002       0.78449969733163949        0.0000000000000000     
       10001   1000000.0000000000        677417.92617748480       0.90000000000000002       0.90000000000000002       0.90000000000000002       0.90000000000000002       0.90000000000000002       0.90000000000000002       0.90000000000000002       0.90000000000000002       0.90000000000000002       0.79500657972519295        0.0000000000000000     
       10001   1000000.0000000000        736741.30380282935       0.90000000000000002       0.90000000000000002       0.90000000000000002       0.90000000000000002       0.90000000000000002       0.90000000000000002       0.90000000000000002       0.90000000000000002       0.90000000000000002       0.80462612238263398        0.0000000000000000     
       10001   1000000.0000000000        801259.79510451166       0.90000000000000002       0.90000000000000002       0.90000000000000002       0.90000000000000002       0.90000000000000002       0.90000000000000002       0.90000000000000002       0.90000000000000002       0.90000000000000002       0.81292639472244377        0.0000000000000000     
       10001   1000000.0000000000        871428.35068025719       0.90000000000000002       0.90000000000000002       0.90000000000000002       0.90000000000000002       0.90000000000000002       0.90000000000000002       0.90000000000000002       0.90000000000000002       0.90000000000000002       0.81906038248878721        0.0000000000000000     
       10001   1000000.0000000000        947741.76242084394       0.90000000000000002       0.90000000000000002       0.90000000000000002       0.90000000000000002       0.90000000000000002       0.90000000000000002       0.90000000000000002       0.90000000000000002       0.90000000000000002       0.82169034122881823        0.0000000000000000     
       10001   1000000.0000000000        1030738.1525232699       0.90000000000000002       0.90000000000000002       0.90000000000000002       0.90000000000000002       0.90000000000000002       0.90000000000000002       0.90000000000000002       0.90000000000000002       0.90000000000000002       0.90000000000000002        0.0000000000000000     
       10001   1000000.0000000000        1121002.7680465493       0.90000000000000002       0.90000000000000002       0.90000000000000002       0.90000000000000002       0.90000000000000002       0.90000000000000002       0.90000000000000002       0.90000000000000002       0.90000000000000002       0.90000000000000002        0.0000000000000000     
       10001   1000000.0000000000        1219172.1077673580       0.90000000000000002       0.90000000000000002       0.90000000000000002       0.90000000000000002       0.90000000000000002       0.90000000000000002       0.90000000000000002       0.90000000000000002       0.90000000000000002       0.90000000000000002        0.0000000000000000     
       10001   1000000.0000000000        1325938.4104359150       0.90000000000000002       0.90000000000000002       0.90000000000000002       0.90000000000000002       0.90000000000000002       0.90000000000000002       0.90000000000000002       0.90000000000000002       0.90000000000000002       0.65608480170784755        0.0000000000000000     
       10001   1000000.0000000000        1442054.5360809742       0.90000000000000002       0.90000000000000002       0.90000000000000002       0.90000000000000002       0.90000000000000002       0.90000000000000002       0.90000000000000002        0.0000000000000000        0.0000000000000000       0.51736637362981119        0.0000000000000000     
       10001   1000000.0000000000        1568339.2747843021       0.90000000000000002       0.90000000000000002       0.90000000000000002        0.0000000000000000        0.0000000000000000        0.0000000000000000        0.0000000000000000        0.0000000000000000        0.0000000000000000       0.48444383302219490        0.0000000000000000     
       10001   1000000.0000000000        1705683.1203593500       0.90000000000000002       0.90000000000000002        0.0000000000000000        0.0000000000000000        0.0000000000000000        0.0000000000000000        0.0000000000000000        0.0000000000000000        0.0000000000000000       0.48718469769115869        0.0000000000000000     
       10001   1000000.0000000000        1855054.5496470677       0.90000000000000002       0.90000000000000002        0.0000000000000000        0.0000000000000000        0.0000000000000000        0.0000000000000000        0.0000000000000000        0.0000000000000000        0.0000000000000000       0.49113144915300810        0.0000000000000000     
       10001   1000000.0000000000        2017506.8517071931       0.90000000000000002       0.90000000000000002       0.90000000000000002        0.0000000000000000        0.0000000000000000        0.0000000000000000        0.0000000000000000        0.0000000000000000        0.0000000000000000       0.49334630738777591        0.0000000000000000     
       10001   1000000.0000000000        2194185.5550608300       0.90000000000000002       0.90000000000000002       0.90000000000000002       0.90000000000000002        0.0000000000000000        0.0000000000000000        0.0000000000000000        0.0000000000000000        0.0000000000000000       0.49547784325040101        0.0000000000000000     
       10001   1000000.0000000000        2386336.5053574229       0.90000000000000002       0.90000000000000002       0.90000000000000002       0.90000000000000002       0.90000000000000002       0.90000000000000002       0.90000000000000002       0.90000000000000002        0.0000000000000000       0.51925758084575424        0.0000000000000000     
       10001   1000000.0000000000        2595314.6504255468       0.90000000000000002       0.90000000000000002       0.90000000000000002       0.90000000000000002       0.90000000000000002       0.90000000000000002       0.90000000000000002       0.90000000000000002       0.90000000000000002       0.67230579226941012        0.0000000000000000     
       10001   1000000.0000000000        2822593.5946550933       0.90000000000000002       0.90000000000000002       0.90000000000000002       0.90000000000000002       0.90000000000000002       0.90000000000000002       0.90000000000000002       0.90000000000000002       0.90274404052364254       0.68789534388087159        1.5300939116652061E-002
       10001   1000000.0000000000        3069775.9900833662       0.90000000000000002       0.90000000000000002       0.90000000000000002       0.90000000000000002       0.90000000000000002       0.90000000000000002       0.90000000000000002       0.76992710700145650       0.71609063040394605       0.54627983969786531        0.0000000000000000     
       10001   1000000.0000000000        3338604.8374575973       0.90000000000000002       0.90000000000000002       0.90000000000000002       0.90000000000000002       0.90000000000000002       0.90000000000000002       0.47223264088007633       0.52850318352435721       0.30396182187488829       0.44372364549364113        0.0000000000000000     
       10001   1000000.0000000000        3630975.7769629848       0.90000000000000002       0.90000000000000002       0.90000000000000002       0.90000000000000002       0.54206450489765745       0.55581225766041231       0.27855418687735611       0.68365198294902429       0.31452095926438745        7.8965639654031611E-002   0.0000000000000000     
       10001   1000000.0000000000        3948950.4552841196       0.90000000000000002       0.90000000000000002       0.90000000000000002       0.90000000000000002       0.66958799805749680       0.47755669452020588       0.36036735140915321       0.53407858943945785       0.46169988615175861        4.2733834634601002E-002   0.0000000000000000     
       10001   1000000.0000000000        4294771.0632572537       0.90000000000000002       0.90000000000000002       0.90000000000000002       0.90000000000000002       0.66803591703338605       0.48442477528404820       0.35246133919447864       0.53388535852319019       0.46008791704587459        4.3005261672157791E-002   0.0000000000000000     
       10001   1000000.0000000000        4670876.1466253446       0.90000000000000002       0.90000000000000002       0.90000000000000002       0.90000000000000002       0.66756991585698122       0.48586594177102943       0.35107686602487131       0.53385006715821592       0.45980099766136129        4.3053448044330041E-002   0.0000000000000000     
       10001   1000000.0000000000        5079917.8013849705       0.90000000000000002       0.90000000000000002       0.90000000000000002       0.90000000000000002       0.66058276949745476       0.47184099247465738       0.38497707915267049       0.53449690579498543       0.46644613816224495        4.1925734099468849E-002   0.0000000000000000     
       10001   1000000.0000000000        5524780.3749778615       0.90000000000000002       0.90000000000000002       0.90000000000000002       0.90000000000000002       0.63468943087698626       0.47808056237617436       0.40333103725603919       0.53444919253274314       0.46974800501625968        4.1352787923649180E-002   0.0000000000000000     
       10001   1000000.0000000000        6008600.8051978257       0.90000000000000002       0.90000000000000002       0.90000000000000002       0.90000000000000002       0.58945796963657093       0.61227208959127644       0.56757769927002577       0.35747986585998059       0.49315992802536568        3.0498030257210242E-002   0.0000000000000000     
       10001   1000000.0000000000        6534790.7402325803       0.90000000000000002       0.90000000000000002       0.90000000000000002       0.49884290930804992       0.48620635801985540       0.51247681146341784       0.18624802268431664       0.42696962210549133       0.44146393801668832        1.1975255207276976E-003   0.0000000000000000     
       10001   1000000.0000000000        7107060.5958192665       0.39192936431885578       0.50927378343586216       0.59230671956494418       0.19342781016963947       0.28062577321850096       0.53051857510631772       0.25246877130504741       0.12880219702313661        4.1587350303104280E-002   0.0000000000000000        0.0000000000000000     
       10001   1000000.0000000000        7729445.7191523332       0.13908665244522669       0.31002050073568449       0.48558857257471461       0.20647698202410697        7.9276338190244391E-002   4.2583080510429479E-002   2.3786307791687972E-002   1.3408241573979504E-002   4.4619356109364579E-003   0.0000000000000000        0.0000000000000000     
       10001   1000000.0000000000        8406334.8440376241       0.28312745765169478        9.9135104689614700E-002   4.4582534770493218E-002   1.9516220893710658E-002   8.1325947396263375E-003   4.4061887841821898E-003   2.4653697242062933E-003   1.3898684902403239E-003   4.6229156814070346E-004   0.0000000000000000        0.0000000000000000     
       10001   1000000.0000000000        9142501.0379438680        2.3299715146970736E-002   9.6818151096916549E-003   4.4805910156338917E-003   1.9695069381914067E-003   8.2079762356149829E-004   4.4462703056189721E-004   2.4875152935330172E-004   1.4022484119331381E-004   4.6637133883062345E-005   0.0000000000000000        0.0000000000000000     
       10001   1000000.0000000000        9943135.3591737300        2.2800507474113690E-003   9.5111521311013001E-004   4.4068640218055310E-004   1.9373479528448894E-004   8.0738966333290498E-005   4.3737147734993311E-005   0.0000000000000000        0.0000000000000000        0.0000000000000000        0.0000000000000000        0.0000000000000000     
       10001   1000000.0000000000        10813883.461487234        2.1966386583769645E-004   9.1887202109907935E-005   4.2712745954332206E-005   0.0000000000000000        0.0000000000000000        0.0000000000000000        0.0000000000000000        0.0000000000000000        0.0000000000000000        0.0000000000000000        0.0000000000000000     
       10001   1000000.0000000000        11760885.404294103        1.0153092276597387E-004   4.4150686083428082E-005   0.0000000000000000        0.0000000000000000        0.0000000000000000        0.0000000000000000        0.0000000000000000        0.0000000000000000        0.0000000000000000        0.0000000000000000        0.0000000000000000     
       10001   1000000.0000000000        12790818.949135916        8.4767819045352438E-005   3.7824143716345352E-005   0.0000000000000000        0.0000000000000000        0.0000000000000000        0.0000000000000000        0.0000000000000000        0.0000000000000000        0.0000000000000000        0.0000000000000000        0.0000000000000000     
       10001   1000000.0000000000        13910946.647761630        8.4626548421162486E-005   3.7766631937581193E-005   0.0000000000000000        0.0000000000000000        0.0000000000000000        0.0000000000000000        0.0000000000000000        0.0000000000000000        0.0000000000000000        0.0000000000000000        0.0000000000000000     
       10001   1000000.0000000000        15129167.053837782        8.4626762217747793E-005   3.7767435720138477E-005   0.0000000000000000        0.0000000000000000        0.0000000000000000        0.0000000000000000        0.0000000000000000        0.0000000000000000        0.0000000000000000        0.0000000000000000        0.0000000000000000     
       10001   1000000.0000000000        16454070.419410402        8.4623373210885068E-005   3.7767076013614192E-005   0.0000000000000000        0.0000000000000000        0.0000000000000000        0.0000000000000000        0.0000000000000000        0.0000000000000000        0.0000000000000000        0.0000000000000000        0.0000000000000000     
       10001   1000000.0000000000        17894999.268861804        8.4604933150230106E-005   3.7760931533686435E-005   0.0000000000000000        0.0000000000000000        0.0000000000000000        0.0000000000000000        0.0000000000000000        0.0000000000000000        0.0000000000000000        0.0000000000000000        0.0000000000000000     
       10001   1000000.0000000000        19462114.277498070        8.4587385918939039E-005   3.7755099885983172E-005   0.0000000000000000        0.0000000000000000        0.0000000000000000        0.0000000000000000        0.0000000000000000        0.0000000000000000        0.0000000000000000        0.0000000000000000        0.0000000000000000     
       10001   1000000.0000000000        21166465.919307370        8.4574052177007703E-005   3.7750845669249291E-005   0.0000000000000000        0.0000000000000000        0.0000000000000000        0.0000000000000000        0.0000000000000000        0.0000000000000000        0.0000000000000000        0.0000000000000000        0.0000000000000000     
       10001   1000000.0000000000        23020072.389113221        8.4565282439740826E-005   3.7748294558997309E-005   0.0000000000000000        0.0000000000000000        0.0000000000000000        0.0000000000000000        0.0000000000000000        0.0000000000000000        0.0000000000000000        0.0000000000000000        0.0000000000000000     
       10001   1000000.0000000000        25036004.348587755        8.4560518912036485E-005   3.7747218079213369E-005   0.0000000000000000        0.0000000000000000        0.0000000000000000        0.0000000000000000        0.0000000000000000        0.0000000000000000        0.0000000000000000        0.0000000000000000        0.0000000000000000     
       10001   1000000.0000000000        27228477.093709577        8.4558814549347337E-005   3.7747235347102202E-005   0.0000000000000000        0.0000000000000000        0.0000000000000000        0.0000000000000000        0.0000000000000000        0.0000000000000000        0.0000000000000000        0.0000000000000000        0.0000000000000000     
       10001   1000000.0000000000        29612950.793583296        8.4559107868210811E-005   3.7747921357808193E-005   0.0000000000000000        0.0000000000000000        0.0000000000000000        0.0000000000000000        0.0000000000000000        0.0000000000000000        0.0000000000000000        0.0000000000000000        0.0000000000000000     
       10001   1000000.0000000000        32206239.507452108        8.4560406462484374E-005   3.7748879106473908E-005   0.0000000000000000        0.0000000000000000        0.0000000000000000        0.0000000000000000        0.0000000000000000        0.0000000000000000        0.0000000000000000        0.0000000000000000        0.0000000000000000     
       10001   1000000.0000000000        35026629.748634435        8.4561874339441714E-005   3.7749773792480022E-005   0.0000000000000000        0.0000000000000000        0.0000000000000000        0.0000000000000000        0.0000000000000000        0.0000000000000000        0.0000000000000000        0.0000000000000000        0.0000000000000000     
       10001   1000000.0000000000        38094009.431434512        8.4562832903977241E-005   3.7750332794339086E-005   0.0000000000000000        0.0000000000000000        0.0000000000000000        0.0000000000000000        0.0000000000000000        0.0000000000000000        0.0000000000000000        0.0000000000000000        0.0000000000000000     
       10001   1000000.0000000000        41430008.110294931        8.4562707388702554E-005   3.7750323559013440E-005   0.0000000000000000        0.0000000000000000        0.0000000000000000        0.0000000000000000        0.0000000000000000        0.0000000000000000        0.0000000000000000        0.0000000000000000        0.0000000000000000     
       10001   1000000.0000000000        45058149.500081860        8.4560948682568446E-005   3.7749520910505344E-005   0.0000000000000000        0.0000000000000000        0.0000000000000000        0.0000000000000000        0.0000000000000000        0.0000000000000000        0.0000000000000000        0.0000000000000000        0.0000000000000000     
       10001   1000000.0000000000        49004017.352997556        8.4556943818811877E-005   3.7747668702534321E-005   0.0000000000000000        0.0000000000000000        0.0000000000000000        0.0000000000000000        0.0000000000000000        0.0000000000000000        0.0000000000000000        0.0000000000000000        0.0000000000000000     
       10001   1000000.0000000000        53295435.861797445        8.4549907230212822E-005   3.7744432103280467E-005   0.0000000000000000        0.0000000000000000        0.0000000000000000        0.0000000000000000        0.0000000000000000        0.0000000000000000        0.0000000000000000        0.0000000000000000        0.0000000000000000     
       10001   1000000.0000000000        57962665.861418702        8.4538720350785609E-005   3.7739326301911264E-005   0.0000000000000000        0.0000000000000000        0.0000000000000000        0.0000000000000000        0.0000000000000000        0.0000000000000000        0.0000000000000000        0.0000000000000000        0.0000000000000000     
       10001   1000000.0000000000        63038618.212534659        8.4521646135579312E-005   3.7731589222699815E-005   0.0000000000000000        0.0000000000000000        0.0000000000000000        0.0000000000000000        0.0000000000000000        0.0000000000000000        0.0000000000000000        0.0000000000000000        0.0000000000000000     
       10001   1000000.0000000000        68559085.871700674        8.4495744708212506E-005   3.7719921016381653E-005   0.0000000000000000        0.0000000000000000        0.0000000000000000        0.0000000000000000        0.0000000000000000        0.0000000000000000        0.0000000000000000        0.0000000000000000        0.0000000000000000     
       10001   1000000.0000000000        74562996.284531817        8.4455514536866893E-005   3.7701878427733348E-005   0.0000000000000000        0.0000000000000000        0.0000000000000000        0.0000000000000000        0.0000000000000000        0.0000000000000000        0.0000000000000000        0.0000000000000000        0.0000000000000000     
       10001   1000000.0000000000        81092685.881652892        8.4389197307234388E-005   3.7672227817503409E-005   0.0000000000000000        0.0000000000000000        0.0000000000000000        0.0000000000000000        0.0000000000000000        0.0000000000000000        0.0000000000000000        0.0000000000000000        0.0000000000000000     
       10001   1000000.0000000000        88194198.613027439        8.4266152403687309E-005   3.7617317045164430E-005   0.0000000000000000        0.0000000000000000        0.0000000000000000        0.0000000000000000        0.0000000000000000        0.0000000000000000        0.0000000000000000        0.0000000000000000        0.0000000000000000     
       10001   1000000.0000000000        95917610.625768691        8.3973081178689900E-005   3.7486640665650041E-005   0.0000000000000000        0.0000000000000000        0.0000000000000000        0.0000000000000000        0.0000000000000000        0.0000000000000000        0.0000000000000000        0.0000000000000000        0.0000000000000000     
