  0.33999998867511749       0.51500000059604645       0.73000001907348633        1.0850000381469727        1.6700000166893005        2.2599999904632568        3.0000000000000000        3.9500000476837158        6.5499999523162842        14.349999904632568        172.33999633789062     
       10001   1000000.0000000000        10.431738337489184        0.0000000000000000        0.0000000000000000        0.0000000000000000        0.0000000000000000        0.0000000000000000        0.0000000000000000        0.0000000000000000        0.0000000000000000        0.0000000000000000        0.0000000000000000        0.0000000000000000     
       10001   1000000.0000000000        11.345274765696345        0.0000000000000000        0.0000000000000000        0.0000000000000000        0.0000000000000000        0.0000000000000000        0.0000000000000000        0.0000000000000000        0.0000000000000000        0.0000000000000000        0.0000000000000000        0.0000000000000000     
       10001   1000000.0000000000        12.338812127464312        0.0000000000000000        0.0000000000000000        0.0000000000000000        0.0000000000000000        0.0000000000000000        0.0000000000000000        0.0000000000000000        0.0000000000000000        0.0000000000000000        0.0000000000000000        0.0000000000000000     
       10001   1000000.0000000000        13.419356327728012        0.0000000000000000        0.0000000000000000        0.0000000000000000        0.0000000000000000        0.0000000000000000        0.0000000000000000        0.0000000000000000        0.0000000000000000        0.0000000000000000        0.0000000000000000        0.0000000000000000     
       10001   1000000.0000000000        14.594526798062295        0.0000000000000000        0.0000000000000000        0.0000000000000000        0.0000000000000000        0.0000000000000000        0.0000000000000000        0.0000000000000000        0.0000000000000000        0.0000000000000000        0.0000000000000000        0.0000000000000000     
       10001   1000000.0000000000        15.872610224921379        0.0000000000000000        0.0000000000000000        0.0000000000000000        0.0000000000000000        0.0000000000000000        0.0000000000000000        0.0000000000000000        0.0000000000000000        0.0000000000000000        0.0000000000000000        0.0000000000000000     
       10001   1000000.0000000000        17.262618983009986        0.0000000000000000        0.0000000000000000        0.0000000000000000        0.0000000000000000        0.0000000000000000        0.0000000000000000        0.0000000000000000        0.0000000000000000        0.0000000000000000        0.0000000000000000        0.0000000000000000     
       10001   1000000.0000000000        18.774354685828140        0.0000000000000000        0.0000000000000000        0.0000000000000000        0.0000000000000000        0.0000000000000000        0.0000000000000000        0.0000000000000000        0.0000000000000000        0.0000000000000000        0.0000000000000000        0.0000000000000000     
       10001   1000000.0000000000        20.418477301514223        0.0000000000000000        0.0000000000000000        0.0000000000000000        0.0000000000000000        0.0000000000000000        0.0000000000000000        0.0000000000000000        0.0000000000000000        0.0000000000000000        0.0000000000000000        0.0000000000000000     
       10001   1000000.0000000000        22.206580321355077        0.0000000000000000        0.0000000000000000        0.0000000000000000        0.0000000000000000        0.0000000000000000        0.0000000000000000        0.0000000000000000        0.0000000000000000        0.0000000000000000        0.0000000000000000        0.0000000000000000     
       10001   1000000.0000000000        24.151272511012497        0.0000000000000000        0.0000000000000000        0.0000000000000000        0.0000000000000000        0.0000000000000000        0.0000000000000000        0.0000000000000000        0.0000000000000000        0.0000000000000000        0.0000000000000000        0.0000000000000000     
       10001   1000000.0000000000        26.266266820932874        0.0000000000000000        0.0000000000000000        0.0000000000000000        0.0000000000000000        0.0000000000000000        0.0000000000000000        0.0000000000000000        0.0000000000000000        0.0000000000000000        0.0000000000000000        0.0000000000000000     
       10001   1000000.0000000000        28.566477082888710        0.0000000000000000        0.0000000000000000        0.0000000000000000        0.0000000000000000        0.0000000000000000        0.0000000000000000        0.0000000000000000        0.0000000000000000        0.0000000000000000        0.0000000000000000        0.0000000000000000     
       10001   1000000.0000000000        31.068123174506820        0.0000000000000000        0.0000000000000000        0.0000000000000000        0.0000000000000000        0.0000000000000000        0.0000000000000000        0.0000000000000000        0.0000000000000000        0.0000000000000000        0.0000000000000000        0.0000000000000000     
       10001   1000000.0000000000        33.788845393347479        0.0000000000000000        0.0000000000000000        0.0000000000000000        0.0000000000000000        0.0000000000000000        0.0000000000000000        0.0000000000000000        0.0000000000000000        0.0000000000000000        0.0000000000000000        0.0000000000000000     
       10001   1000000.0000000000        36.747828847040090        0.0000000000000000        0.0000000000000000        0.0000000000000000        0.0000000000000000        0.0000000000000000        0.0000000000000000        0.0000000000000000        0.0000000000000000        0.0000000000000000        0.0000000000000000        0.0000000000000000     
       10001   1000000.0000000000        39.965938736611179        0.0000000000000000        0.0000000000000000        0.0000000000000000        0.0000000000000000        0.0000000000000000        0.0000000000000000        0.0000000000000000        0.0000000000000000        0.0000000000000000        0.0000000000000000        0.0000000000000000     
       10001   1000000.0000000000        43.465867486949911        0.0000000000000000        0.0000000000000000        0.0000000000000000        0.0000000000000000        0.0000000000000000        0.0000000000000000        0.0000000000000000        0.0000000000000000        0.0000000000000000        0.0000000000000000        0.0000000000000000     
       10001   1000000.0000000000        47.272294761899261        0.0000000000000000        0.0000000000000000        0.0000000000000000        0.0000000000000000        0.0000000000000000        0.0000000000000000        0.0000000000000000        0.0000000000000000        0.0000000000000000        0.0000000000000000        0.0000000000000000     
       10001   1000000.0000000000        51.412061492314940        0.0000000000000000        0.0000000000000000        0.0000000000000000        0.0000000000000000        0.0000000000000000        0.0000000000000000        0.0000000000000000        0.0000000000000000        0.0000000000000000        0.0000000000000000        0.0000000000000000     
       10001   1000000.0000000000        55.914359144247676        0.0000000000000000        0.0000000000000000        0.0000000000000000        0.0000000000000000        0.0000000000000000        0.0000000000000000        0.0000000000000000        0.0000000000000000        0.0000000000000000        0.0000000000000000        0.0000000000000000     
       10001   1000000.0000000000        60.810935561867311        0.0000000000000000        0.0000000000000000        0.0000000000000000        0.0000000000000000        0.0000000000000000        0.0000000000000000        0.0000000000000000        0.0000000000000000        0.0000000000000000        0.0000000000000000        0.0000000000000000     
       10001   1000000.0000000000        66.136318836625861        0.0000000000000000        0.0000000000000000        0.0000000000000000        0.0000000000000000        0.0000000000000000        0.0000000000000000        0.0000000000000000        0.0000000000000000        0.0000000000000000        0.0000000000000000        0.0000000000000000     
       10001   1000000.0000000000        71.928060781269068        0.0000000000000000        0.0000000000000000        0.0000000000000000        0.0000000000000000        0.0000000000000000        0.0000000000000000        0.0000000000000000        0.0000000000000000        0.0000000000000000        0.0000000000000000        0.0000000000000000     
       10001   1000000.0000000000        78.227001725545264        0.0000000000000000        0.0000000000000000        0.0000000000000000        0.0000000000000000        0.0000000000000000        0.0000000000000000        0.0000000000000000        0.0000000000000000        0.0000000000000000        0.0000000000000000        0.0000000000000000     
       10001   1000000.0000000000        85.077558500813126        0.0000000000000000        0.0000000000000000        0.0000000000000000        0.0000000000000000        0.0000000000000000        0.0000000000000000        0.0000000000000000        0.0000000000000000        0.0000000000000000        0.0000000000000000        0.0000000000000000     
       10001   1000000.0000000000        92.528037644265609        0.0000000000000000        0.0000000000000000        0.0000000000000000        0.0000000000000000        0.0000000000000000        0.0000000000000000        0.0000000000000000        0.0000000000000000        0.0000000000000000        0.0000000000000000        0.0000000000000000     
       10001   1000000.0000000000        100.63097603132084        0.0000000000000000        0.0000000000000000        0.0000000000000000        0.0000000000000000        0.0000000000000000        0.0000000000000000        0.0000000000000000        0.0000000000000000        0.0000000000000000        0.0000000000000000        0.0000000000000000     
       10001   1000000.0000000000        109.44351133814270        0.0000000000000000        0.0000000000000000        0.0000000000000000        0.0000000000000000        0.0000000000000000        0.0000000000000000        0.0000000000000000        0.0000000000000000        0.0000000000000000        0.0000000000000000        0.0000000000000000     
       10001   1000000.0000000000        119.02778494659654        0.0000000000000000        0.0000000000000000        0.0000000000000000        0.0000000000000000        0.0000000000000000        0.0000000000000000        0.0000000000000000        0.0000000000000000        0.0000000000000000        0.0000000000000000        0.0000000000000000     
       10001   1000000.0000000000        129.45138013271696        0.0000000000000000        0.0000000000000000        0.0000000000000000        0.0000000000000000        0.0000000000000000        0.0000000000000000        0.0000000000000000        0.0000000000000000        0.0000000000000000        0.0000000000000000        0.0000000000000000     
       10001   1000000.0000000000        140.78779862856183        0.0000000000000000        0.0000000000000000        0.0000000000000000        0.0000000000000000        0.0000000000000000        0.0000000000000000        0.0000000000000000        0.0000000000000000        0.0000000000000000        0.0000000000000000        0.0000000000000000     
       10001   1000000.0000000000        153.11697891791701        0.0000000000000000        0.0000000000000000        0.0000000000000000        0.0000000000000000        0.0000000000000000        0.0000000000000000        0.0000000000000000        0.0000000000000000        0.0000000000000000        0.0000000000000000        0.0000000000000000     
       10001   1000000.0000000000        166.52585992060216        0.0000000000000000        0.0000000000000000        0.0000000000000000        0.0000000000000000        0.0000000000000000        0.0000000000000000        0.0000000000000000        0.0000000000000000        0.0000000000000000        0.0000000000000000        0.0000000000000000     
       10001   1000000.0000000000        181.10899404018389        0.0000000000000000        0.0000000000000000        0.0000000000000000        0.0000000000000000        0.0000000000000000        0.0000000000000000        0.0000000000000000        0.0000000000000000        0.0000000000000000        0.0000000000000000        0.0000000000000000     
       10001   1000000.0000000000        196.96921389798786        0.0000000000000000        0.0000000000000000        0.0000000000000000        0.0000000000000000        0.0000000000000000        0.0000000000000000        0.0000000000000000        0.0000000000000000        0.0000000000000000        0.0000000000000000        0.0000000000000000     
       10001   1000000.0000000000        214.21835745486533        0.0000000000000000        0.0000000000000000        0.0000000000000000        0.0000000000000000        0.0000000000000000        0.0000000000000000        0.0000000000000000        0.0000000000000000        0.0000000000000000        0.0000000000000000        0.0000000000000000     
       10001   1000000.0000000000        232.97805663390125        0.0000000000000000        0.0000000000000000        0.0000000000000000        0.0000000000000000        0.0000000000000000        0.0000000000000000        0.0000000000000000        0.0000000000000000        0.0000000000000000        0.0000000000000000        0.0000000000000000     
       10001   1000000.0000000000        253.38059500500913        0.0000000000000000        0.0000000000000000        0.0000000000000000        0.0000000000000000        0.0000000000000000        0.0000000000000000        0.0000000000000000        0.0000000000000000        0.0000000000000000        0.0000000000000000        0.0000000000000000     
       10001   1000000.0000000000        275.56984057935517        0.0000000000000000        0.0000000000000000        0.0000000000000000        0.0000000000000000        0.0000000000000000        0.0000000000000000        0.0000000000000000        0.0000000000000000        0.0000000000000000        0.0000000000000000        0.0000000000000000     
       10001   1000000.0000000000        299.70226029120391        0.0000000000000000        0.0000000000000000        0.0000000000000000        0.0000000000000000        0.0000000000000000        0.0000000000000000        0.0000000000000000        0.0000000000000000        0.0000000000000000        0.0000000000000000        0.0000000000000000     
       10001   1000000.0000000000        325.94802332075642        0.0000000000000000        0.0000000000000000        0.0000000000000000        0.0000000000000000        0.0000000000000000        0.0000000000000000        0.0000000000000000        0.0000000000000000        0.0000000000000000        0.0000000000000000        0.0000000000000000     
       10001   1000000.0000000000        354.49220103805158        0.0000000000000000        0.0000000000000000        0.0000000000000000        0.0000000000000000        0.0000000000000000        0.0000000000000000        0.0000000000000000        0.0000000000000000        0.0000000000000000        0.0000000000000000        0.0000000000000000     
       10001   1000000.0000000000        385.53607202931107        0.0000000000000000        0.0000000000000000        0.0000000000000000        0.0000000000000000        0.0000000000000000        0.0000000000000000        0.0000000000000000        0.0000000000000000        0.0000000000000000        0.0000000000000000        0.0000000000000000     
       10001   1000000.0000000000        419.29854140806611        0.0000000000000000        0.0000000000000000        0.0000000000000000        0.0000000000000000        0.0000000000000000        0.0000000000000000        0.0000000000000000        0.0000000000000000        0.0000000000000000        0.0000000000000000        0.0000000000000000     
       10001   1000000.0000000000        456.01768441933399        0.0000000000000000        0.0000000000000000        0.0000000000000000        0.0000000000000000        0.0000000000000000        0.0000000000000000        0.0000000000000000        0.0000000000000000        0.0000000000000000        0.0000000000000000        0.0000000000000000     
       10001   1000000.0000000000        495.95242522150778        0.0000000000000000        0.0000000000000000        0.0000000000000000        0.0000000000000000        0.0000000000000000        0.0000000000000000        0.0000000000000000        0.0000000000000000        0.0000000000000000        0.0000000000000000        0.0000000000000000     
       10001   1000000.0000000000        539.38436268386613        0.0000000000000000        0.0000000000000000        0.0000000000000000        0.0000000000000000        0.0000000000000000        0.0000000000000000        0.0000000000000000        0.0000000000000000        0.0000000000000000        0.0000000000000000        0.0000000000000000     
       10001   1000000.0000000000        586.61975607426393        0.0000000000000000        0.0000000000000000        0.0000000000000000        0.0000000000000000        0.0000000000000000        0.0000000000000000        0.0000000000000000        0.0000000000000000        0.0000000000000000        0.0000000000000000        0.0000000000000000     
       10001   1000000.0000000000        637.99168463903061        0.0000000000000000        0.0000000000000000        0.0000000000000000        0.0000000000000000        0.0000000000000000        0.0000000000000000        0.0000000000000000        0.0000000000000000        0.0000000000000000        0.0000000000000000        0.0000000000000000     
       10001   1000000.0000000000        693.86239630330283        0.0000000000000000        0.0000000000000000        0.0000000000000000        0.0000000000000000        0.0000000000000000        0.0000000000000000        0.0000000000000000        0.0000000000000000        0.0000000000000000        0.0000000000000000        0.0000000000000000     
       10001   1000000.0000000000        754.62586205360674        0.0000000000000000        0.0000000000000000        0.0000000000000000        0.0000000000000000        0.0000000000000000        0.0000000000000000        0.0000000000000000        0.0000000000000000        0.0000000000000000        0.0000000000000000        0.0000000000000000     
       10001   1000000.0000000000        820.71055401484307       0.51208924775541109       0.51565688491458606       0.51868545417244760       0.52018200424630068       0.51446178760518269       0.50181794664712542       0.48189811111229047       0.51009543421664549       0.49180466808858547       0.50951572199646289        3.3837062843602654E-002
       10001   1000000.0000000000        892.58246681121705       0.51159391671319587       0.51507352821058028       0.51816986771340390       0.52028772880457264       0.51636303833395802       0.50555486742445943       0.48709717696960059       0.51343317761249840       0.49585638986688901       0.51216092957757120        3.7429013194589224E-002
       10001   1000000.0000000000        970.74840351619173       0.51114338959584371       0.51453088697602412       0.51765152102933221       0.52021911766776863       0.51779245388550277       0.50869335226750823       0.49179273189852285       0.51648930842192531       0.49981987551868567       0.51528148876859936        4.1129221026790758E-002
       10001   1000000.0000000000        1055.7595493622257       0.51074455656596707       0.51404222895778329       0.51715920940488691       0.52003944136082692       0.51881349901427898       0.51123018591644520       0.49587235005084451       0.51921423241463749       0.50337038288597702       0.51958265509701451        4.4846896020836052E-002
       10001   1000000.0000000000        1148.2153584102582       0.51040847382266308       0.51362511543104339       0.51672320991941323       0.51980982356765770       0.51949370478797186       0.51316858002130794       0.49921180364735890       0.47789691636907095       0.50629864066968155       0.52408350995258746        4.8394361472101736E-002
       10001   1000000.0000000000        1248.7677805856742       0.51014768868189664       0.51329841682558952       0.51637305242257792       0.51958687487797317       0.51990897082564647       0.51453504073357736       0.50171647168467826       0.48124899640107149       0.50863351969214177       0.52759830117441364        5.1477617263642486E-002
       10001   1000000.0000000000        1358.1258588876030       0.50999126330461719       0.51310127834288577       0.51615847072624499       0.51943581583517151       0.52011170201627366       0.51529365047023612       0.50317463493382752       0.48326571131261314       0.51005952357902085       0.52952940720811914        5.3494853972842711E-002
       10001   1000000.0000000000        1477.0607291886670       0.50990812997209034       0.51299616799837777       0.51604311956688520       0.51935053634826589       0.52020551516001523       0.51567762773580772       0.50393452571494302       0.48433773914257328       0.51081689177073286       0.53047603084952810        5.4625512213955126E-002
       10001   1000000.0000000000        1606.4110578811351       0.50985401726652946       0.51292762774282430       0.51596756359867535       0.51929322514480258       0.52026143691039206       0.51592029634125958       0.50442319322397389       0.48503525270449088       0.51130795179604382       0.53106017411693274        5.5385210463402453E-002
       10001   1000000.0000000000        1747.0889557129149       0.50982111205690328       0.51288590341984464       0.51592144128186590       0.51925769443735703       0.52029346747072958       0.51606502706049628       0.50471797052753264       0.48545922135270614       0.51160547247310351       0.53140280347677527        5.5856850713570841E-002
       10001   1000000.0000000000        1900.0864095146821       0.50980146418478489       0.51286097366439720       0.51589383906120123       0.51923623694148779       0.52031187823703540       0.51615041005448770       0.50489310645841490       0.48571231089631983       0.51178254931804856       0.53160259455131664        5.6142154542870491E-002
       10001   1000000.0000000000        2066.4822771712666       0.50978968259833757       0.51284601962576271       0.51587726661596289       0.51922328457641276       0.52032265608479067       0.51620122519452383       0.50499780210455025       0.48586406762774065       0.51188834658463256       0.53172033130777407        5.6314672664577972E-002
       10001   1000000.0000000000        2247.4498951622236       0.50978252876728880       0.51283693801116892       0.51586719715628981       0.51921538909722376       0.52032909823618911       0.51623192837202225       0.50506125080033060       0.48595623562372398       0.51195225999197147       0.53179068161514875        5.6420056402575733E-002
       10001   1000000.0000000000        2444.2653523159543       0.50977809754205927       0.51283131258746717       0.51586095855892344       0.51921048731128139       0.52033304326859853       0.51625087722930008       0.50510050107946669       0.48601335783138233       0.51199153495349958       0.53183342867369754        5.6485672930517469E-002
       10001   1000000.0000000000        2658.3164881195166       0.50977528556272067       0.51282774321391678       0.51585700022849079       0.51920737274627671       0.52033552205007849       0.51626286267885446       0.50512538399057350       0.48604964300455800       0.51201614292385866       0.53185982719386093        5.6527546970476489E-002
       10001   1000000.0000000000        2891.1126790356084       0.50977345462898371       0.51282541975761509       0.51585442423202521       0.51920534357691850       0.52033711912578995       0.51627063874126800       0.50514157116344283       0.48607330786596004       0.51203184549928404       0.53187631680840164        5.6555008859055796E-002
       10001   1000000.0000000000        3144.2954818345379       0.50977223118337145       0.51282386792749035       0.51585270460820942       0.51920398756602171       0.52033817238538715       0.51627581118720400       0.50515237697498339       0.48608916127811752       0.51204201242428538       0.53188664048622525        5.6573542573561009E-002
       10001   1000000.0000000000        3419.6502089925411       0.50977139269541472       0.51282280514997969       0.51585152789914857       0.51920305859671756       0.52033888147663232       0.51627933418257121       0.50515977375212817       0.48610006772117520       0.51204864959913698       0.53189301700838199        5.6586423842344045E-002
       10001   1000000.0000000000        3719.1185177799598       0.50977080391586027       0.51282205966971628       0.51585070353851969       0.51920240686836661       0.52033936707558526       0.51628178666665869       0.50516495939729333       0.48610776813580070       0.51205297518956261       0.53189678973896681        5.6595647343259912E-002
       10001   1000000.0000000000        4044.8121018110778       0.50977038090222015       0.51282152488191279       0.51585011323082386       0.51920193931761294       0.52033970379067085       0.51628352752810469       0.50516867703151203       0.48611334306326565       0.51205574452957647       0.53189878962625925        5.6602452813564783E-002
       10001   1000000.0000000000        4399.0275816010808       0.50977007046117029       0.51282113323095668       0.51584968200621095       0.51920159693280099       0.52033993876486540       0.51628478398622213       0.50517139739878125       0.48611747727201399       0.51205743569521012       0.53189954146952245        5.6607626755856441E-002
       10001   1000000.0000000000        4784.2626991306734       0.50976983820657729       0.51282084104621095       0.51584936139917836       0.51920134154949360       0.52034010240424899       0.51628570281847297       0.50517342472634053       0.48612061346595714       0.51205835727291327       0.53189938329614828        5.6611678109426258E-002
       10001   1000000.0000000000        5203.2339306138792       0.50976966149502523       0.51282061957058256       0.51584911949465362       0.51920114802840422       0.52034021469436609       0.51628638062082555       0.50517495930858869       0.48612304320338662       0.51205871212996446       0.53189853686702115        5.6614942321311652E-002
       10001   1000000.0000000000        5658.8956416651308       0.50976952516637963       0.51282044955098449       0.51584893492518025       0.51920099953465260       0.52034028899548213       0.51628688203368645       0.50517613522437588       0.48612496171231706       0.51205863586348110       0.53189715012122329        5.6617644162550350E-002
       10001   1000000.0000000000        6154.4609199376109       0.50976941892674932       0.51282031791452631       0.51584879318220778       0.51920088463530401       0.52034033436853977       0.51628725093144068       0.50517704350333770       0.48612650156856052       0.51205822042066662       0.53189532321935684        5.6619936354623299E-002
       10001   1000000.0000000000        6693.4242321340962       0.50976933571115934       0.51282021568893099       0.51584868430801134       0.51920079548254583       0.52034035702788672       0.51628751741950196       0.50517774661637715       0.48612775376486017       0.51205752888124689       0.53189312483405660        5.6621923746955488E-002
       10001   1000000.0000000000        7279.5860651551784       0.50976927064144173       0.51282013667891124       0.51584860142655742       0.51920072665690364       0.52034036126457517       0.51628770228577625       0.50517828769677886       0.48612878112071617       0.51205660486424398       0.53189060250843856        5.6623678712648402E-002
       10001   1000000.0000000000        7917.0797251417562       0.50976922034776417       0.51282007660119566       0.51584853977914180       0.51920067441080642       0.52034035009361346       0.51628781997945028       0.50517869657303538       0.48612962684541600       0.51205547998248546       0.53188779218355475        5.6625250478080522E-002
       10001   1000000.0000000000        8610.4004833844119       0.50976918253842474       0.51282003254888275       0.51584849614412276       0.51920063620117063       0.52034032547716436       0.51628788017338167       0.50517899347312467       0.48613032063650996       0.51205417325296410       0.53188471310071905        5.6626673826204420E-002
       10001   1000000.0000000000        9364.4372746213958       0.50976915578214521       0.51282000275141459       0.51584846861887579       0.51920061048264643       0.52034028798507603       0.51628788776574641       0.50517919060662619       0.48613088338362398       0.51205267793789966       0.53188133827974537        5.6627980242608345E-002
       10001   1000000.0000000000        10184.507171244810       0.50976913933873969       0.51281998635840920       0.51584845637838761       0.51920059651839379       0.52034023696010834       0.51628784362997648       0.50517929367198289       0.48613132928930669       0.51205096353053137       0.53187759715778515        5.6629200183566888E-002
       10001   1000000.0000000000        11076.392876509570       0.50976913293455672       0.51281998311394239       0.51584845925999678       0.51920059409158137       0.52034017130583088       0.51628774660140120       0.50517930422311330       0.48613166664730506       0.51204899456337927       0.53187341297269963        5.6630357605209070E-002
       10001   1000000.0000000000        12046.383501126886       0.50976913664750301       0.51281999320017391       0.51584847757610008       0.51920060336762008       0.52034008973839163       0.51628759423007664       0.50517922078339073       0.48613189878352847       0.51204673592863026       0.53186871287512960        5.6631469421042607E-002
       10001   1000000.0000000000        13101.318910778036       0.50976915086518315       0.51282001718863157       0.51584851206596682       0.51920062485182683       0.52033999075827309       0.51628738284589082       0.50517903917375129       0.48613202482677287       0.51204415141321669       0.53186342448287760        5.6632547088784499E-002
       10001   1000000.0000000000        14248.637957263581       0.50976917626000595       0.51282005601048286       0.51584856386523092       0.51920065936345228       0.52033987264433346       0.51628710761629981       0.50517875271477397       0.48613204012748235       0.51204120314336798       0.53185747449282550        5.6633597389978252E-002
       10001   1000000.0000000000        15496.430933388809       0.50976921378034745       0.51282011094654034       0.51584863449641027       0.51920070802688312       0.52033973344320128       0.51628676255221706       0.50517835229288055       0.48613193643544783       0.51203785115865263       0.53185078770818262        5.6634622828925563E-002
       10001   1000000.0000000000        16853.496621469865       0.50976926465541816       0.51282018363449111       0.51584872587829889       0.51920077227785288       0.52033957094914807       0.51628634045999144       0.50517782630697106       0.48613170189147503       0.51203405293996973       0.53184328609213749        5.6635621788952567E-002
       10001   1000000.0000000000        18329.404337736843       0.50976933041183459       0.51282027609092085       0.51584884035167489       0.51920085388253301       0.52033938267451574       0.51628583284509200       0.50517716051211337       0.48613132086470745       0.51202976286281532       0.53183488776974219        5.6636588500321265E-002
       10001   1000000.0000000000        19934.561410138173       0.50976941290090905       0.51282039074701424       0.51584898072027507       0.51920095496852270       0.52033916580951001       0.51628522976814406       0.50517633776766857       0.48613077365545704       0.51202493152798301       0.53182550586879573        5.6637512864377688E-002
       10001   1000000.0000000000        21680.286565364473       0.50976951433635898       0.51282053049769061       0.51584915030692813       0.51920107806750260       0.52033891716964542       0.51628451965117117       0.50517533769118594       0.48613003607417538       0.51201950491859971       0.53181504708979022        5.6638380166933067E-002
       10001   1000000.0000000000        23578.889742579249       0.50976963734270631       0.51282069876463854       0.51584935302553259       0.51920122616995057       0.52033863312859052       0.51628368902945421       0.50517413621439344       0.48612907889994605       0.51201342332737920       0.53180340988947328        5.6639170705672426E-002
       10001   1000000.0000000000        25643.758896660285       0.50976978501513470       0.51282089957436949       0.51584959347030612       0.51920140279285132       0.52033830953358140       0.51628272224202354       0.50517270503302214       0.48612786721575640       0.51200661999056685       0.53179048215146729        5.6639859350641864E-002
       10001   1000000.0000000000        27889.454403043019       0.50976996099236038       0.51282113765341764       0.51584987702484941       0.51920161206220972       0.52033794159962643       0.51628160105006837       0.50517101093512651       0.48612635960838990       0.51199901935298342       0.53177613819899416        5.6640415048254664E-002
       10001   1000000.0000000000        30331.811729859663       0.50977016954329624       0.51282141854183561       0.51585020999252684       0.51920185881130987       0.52033752377907594       0.51628030417529114       0.50516901499915878       0.48612450723171480       0.51199053488821189       0.53176023499682157        5.6640800295019687E-002
       10001   1000000.0000000000        32988.053101364101       0.50977041605006557       0.51282174921113854       0.51585060028806407       0.51920214911958229       0.52033704926475144       0.51627880511985846       0.50516666827679990       0.48612224782304625       0.51198106294491652       0.53174260358585057        5.6640964966862647E-002
       10001   1000000.0000000000        35876.908940033594       0.50977070524011991       0.51282213582422986       0.51585105495805406       0.51920248835257687       0.52033651146556281       0.51627707956070557       0.50516392736632321       0.48611952873357511       0.51197049639565773       0.53172306177177076        5.6640873708817409E-002
       10001   1000000.0000000000        39018.749943694966       0.50977103846495786       0.51282258028580507       0.51585157636105050       0.51920287814675647       0.52033590631048587       0.51627511678274352       0.50516077840495077       0.48611634229190515       0.51195874627314475       0.53170143500085809        5.6640547723922526E-002
       10001   1000000.0000000000        42435.730729013565       0.50977141905329904       0.51282308705128521       0.51585216973776460       0.51920332236055211       0.52033522737424309       0.51627289659395281       0.50515718964117795       0.48611265741325926       0.51194568983700461       0.53167749565383993        5.6639987566649341E-002
       10001   1000000.0000000000        46151.946054241162       0.50977185336523645       0.51282366447720784       0.51585284472449056       0.51920382824983746       0.52033446476012535       0.51627038451405960       0.50515310199031882       0.48610840663239263       0.51193115644635490       0.53165094287399894        5.6639160081231418E-002
       10001   1000000.0000000000        50193.600722828931       0.50977234826064433       0.51282432161987945       0.51585361181791822       0.51920440366557241       0.52033360711482668       0.51626754219424797       0.50514845126782215       0.48610351940616875       0.51191494453804653       0.53162141535228180        5.6638039017119113E-002
       10001   1000000.0000000000        54589.194365971067       0.50977291019314819       0.51282506710293208       0.51585448114190369       0.51920505606029854       0.52033264214688668       0.51626433079747858       0.50514317600824088       0.48609793470604923       0.51189682235473632       0.53158848468251874        5.6636622455063512E-002
       10001   1000000.0000000000        59369.722407071960       0.50977354460525870       0.51282590837274744       0.51585546165177831       0.51920579183364490       0.52033155680097443       0.51626071295845466       0.50513722256716420       0.48609160999872675       0.51187652386117144       0.53155164134833977        5.6634946908821586E-002
       10001   1000000.0000000000        64568.894625233588       0.50977425477200855       0.51282685026049102       0.51585655957848475       0.51920661507316757       0.52033033782134042       0.51625665692307487       0.50513055502994342       0.48608453766466297       0.51185374684006790       0.53151028034584125        5.6633111072865124E-002
       10001   1000000.0000000000        70223.372858955801       0.50977503994013040       0.51282789265900741       0.51585777590330772       0.51920752552531435       0.52032897281108981       0.51625214346609405       0.50512317125763950       0.48607677093547685       0.51182815358029621       0.53146368596154858        5.6631311976142441E-002
       10001   1000000.0000000000        76373.029526213533       0.50977589241451193       0.51282902687578458       0.51585910238127441       0.51920851541738178       0.52032745205866304       0.51624717700119871       0.50511512811884629       0.48606846398254688       0.51179937595228520       0.53141101638653254        5.6629899377318840E-002
       10001   1000000.0000000000        83061.228783857878       0.50977679307539403       0.51283023001084893       0.51586051539779587       0.51920956456882261       0.52032577154098736       0.51624180299010769       0.50510658042943324       0.48605993300551559       0.51176702764565674       0.53135128941574350        5.6629456993867448E-002
       10001   1000000.0000000000        90335.132308930857       0.50977770454250670       0.51283145637090666       0.51586196657144334       0.51921063293976055       0.52032393773367436       0.51623613485872377       0.50509784045871364       0.48605174867371431       0.51173072797856189       0.53128337153220762        5.6630923509130897E-002
       10001   1000000.0000000000        98246.031858102593       0.50977856103839880       0.51283262472531876       0.51586336879119932       0.51921164958909316       0.52032197497375232       0.51623039425735739       0.50508946625362705       0.48604487246575451       0.51169014204179064       0.53120597193463304        5.6635769358908607E-002
       10001   1000000.0000000000        106849.71095026600       0.50977916687528690       0.51283348954896135       0.51586445361251376       0.51921240082613784       0.52032001483214951       0.51622534219220473       0.50508315819197169       0.48604196893666446       0.51164582399468728       0.53111850354044876        5.6647529363255227E-002
       10001   1000000.0000000000        116206.83822268601       0.50977953275365617       0.51283406843111501       0.51586524579600945       0.51921290186711178       0.52031798842049304       0.51622082923240253       0.50507877839083548       0.48604309693018061       0.51159608364917497       0.53101752083797049        5.6666909658028924E-002
       10001   1000000.0000000000        126383.39523444363       0.50977735297168802       0.51283143762336547       0.51586250814045131       0.51921061258886969       0.52031791042894715       0.51622661916743318       0.50509667389734292       0.48607810506203314       0.51155966158034405       0.53092169017459045        5.6728952194757203E-002
       10001   1000000.0000000000        137451.14173382093       0.50976861123554873       0.51282049948503361       0.51585058878818735       0.51920109018110894       0.52032328688187346       0.51625970972011803       0.50517221623848529       0.48619878432345354       0.51157023706754978       0.53086538292429564        5.6894429035470734E-002
       10001   1000000.0000000000        149488.12167044831       0.50975138185113100       0.51279880718954096       0.51582676390589877       0.51918212993308621       0.52033550451383148       0.51632776450911644       0.50532192890964645       0.48643002142429792       0.51164193366135580       0.53085956442023607        5.7194878282464688E-002
       10001   1000000.0000000000        162579.21352035040       0.50972465146836055       0.51276506574691494       0.51578956721415314       0.51915242239531911       0.52035476171013528       0.51643396184594692       0.50555372944173016       0.48678491305989546       0.51177965867670105       0.53090240915295250        5.7650816504777803E-002
       10001   1000000.0000000000        176816.72880448613       0.50968700700622382       0.51271746175732025       0.51573692709501640       0.51911005591585391       0.52038110119512848       0.51658236957065651       0.50587827555766185       0.48728151822997651       0.51199072637823917       0.53099139405395168        5.8292190012626310E-002
       10001   1000000.0000000000        192301.06302123182       0.50963670601129285       0.51265374744380088       0.51566624532357352       0.51905252279227887       0.52041411934363524       0.51677726185771089       0.50630793010275543       0.48794177684448853       0.51228415088056212       0.53112191610533876        5.9159116502618882E-002
       10001   1000000.0000000000        209141.40358283502       0.50957160263156409       0.51257113882328176       0.51557426270458795       0.51897653444462355       0.52045270375203967       0.51702286900923744       0.50685677390390316       0.48879213690910850       0.51267155330809433       0.53128843737624154        6.0305798169311191E-002
       10001   1000000.0000000000        227456.49974784054       0.50948916244277875       0.51246632424855221       0.51545703968354462       0.51887790290286473       0.52049458389707537       0.51732253195929057       0.50753953351090630       0.48986280066174603       0.51316784105793734       0.53148800925952711        6.1804596769331734E-002
       10001   1000000.0000000000        247375.49997864486       0.50938656226732792       0.51233557950688480       0.51531004947481962       0.51875149713467539       0.52053573231680283       0.51767729779889782       0.50836941114365608       0.49118550720204901       0.51379127458405482       0.53172980749257048        6.3750848296139639E-002
       10001   1000000.0000000000        269038.86262878962       0.50926084305472064       0.51217495115591216       0.51512834518045025       0.51859126314436155       0.52056971837380961       0.51808416653808054       0.50935508141176622       0.49279008455598239       0.51456058313315767       0.53205413267545576        6.6269627552915836E-002
       10001   1000000.0000000000        292599.34638167988       0.50910912470689040       0.51198052340274747       0.51490682583557235       0.51839035989089610       0.52058714841532139       0.51853414301820111       0.51049686362812663       0.49469946272268467       0.51548489259667252       0.53255528018170339        6.9525208631506519E-002
       10001   1000000.0000000000        318223.08742478525       0.50892886927990366       0.51174875677805609       0.51464060007823231       0.51814145113854781       0.52057539875056735       0.51901048540222294       0.51178244755125368       0.49692319219083481       0.51655408602136355       0.53337533032760354        7.3734537847780182E-002
       10001   1000000.0000000000        346090.77095499361       0.50871830519682470       0.51147705145344047       0.51432564248205104       0.51783738943421620       0.52051891484950730       0.51948742750224464       0.51318200968540983       0.49944829035010679       0.51776070868960666       0.53459770275702800        7.9182989115442901E-002
       10001   1000000.0000000000        376398.90527594875       0.50847563401702178       0.51116274604170986       0.51395765448817243       0.51747023320421492       0.52039974156837487       0.51993287194068560       0.51465245690633066       0.50224392793494810       0.51913464808099219       0.53604208762352945        8.6280977798537065E-002
       10001   1000000.0000000000        409361.20747165574       0.50820159678921628       0.51080650434048347       0.51353613654932140       0.51703553785674661       0.52020002792780029       0.52030555966477965       0.51612236836857950       0.50522829029052174       0.52063773700365035       0.53719322473879305        9.5543822141871584E-002
       10001   1000000.0000000000        445210.11042738560       0.50789557427174881       0.51040728051940754       0.51305855597185501       0.51652667789474216       0.51990167377728647       0.52056581087952702       0.51751933690430885       0.50831071864273158       0.52226679289335098       0.53794414431239790       0.10778059683638709     
       10001   1000000.0000000000        484198.40182460181       0.50756000861288064       0.50996814273571023       0.51252745596713201       0.51594249748260490       0.51949107835741881       0.52067324453537689       0.51875225531011870       0.51134687178700866       0.52400708019931785       0.53912913678371965       0.12405556364031969     
       10001   1000000.0000000000        526601.00666724879       0.50719847181941968       0.50949378481267404       0.51194775581711349       0.51528506205106595       0.51896035863264411       0.52059676566176294       0.51973526664651304       0.51417307625486797       0.48532449727182442       0.54067987429057673       0.14584731919140845     
       10001   1000000.0000000000        572716.92590884247       0.50681590655050679       0.50899082665646811       0.51132731119171027       0.51456078031743691       0.51830901224368064       0.52031912927121382       0.52040019001320137       0.51662455850716160       0.49226325982968289       0.54187500457318183       0.17510777306641406     
       10001   1000000.0000000000        622871.34485053364       0.50641818103382108       0.50846717094794125       0.51067620497473554       0.51378014094380875       0.51754397774151473       0.51983909252097515       0.52070898421153822       0.51856521316944937       0.49905673188581851       0.54364454700691356       0.21416030892931989     
       10001   1000000.0000000000        677417.92617748480       0.50601227046485353       0.50793217025881732       0.51000686724184474       0.51295833784486000       0.51668022211178155       0.51917118417318864       0.52065811957332619       0.51991074849198760       0.50533050417937531       0.54550545744175005       0.26492871629789444     
       10001   1000000.0000000000        736741.30380282935       0.50560585814768710       0.50739604469830824       0.50933310494355688       0.51211430117633350       0.51574007363058505       0.51834323577213315       0.52027716637947730       0.52064372992601526       0.51073124605502029       0.54792658399046512       0.32703542803594066     
       10001   1000000.0000000000        801259.79510451166       0.50520613924594515       0.50686828406566342       0.50866777801536467       0.51126741467471193       0.51474992011326270       0.51739085847909960       0.51961895230951549       0.52081132218297366       0.51500845067774981       0.55109374172598169       0.39563112215508245     
       10001   1000000.0000000000        871428.35068025719       0.50482145420055469       0.50635984144674651       0.50802536101568962       0.51043996199359065       0.51374324585388131       0.51635883739154387       0.51875218721878980       0.52050616744183065       0.51804485716388959       0.55537512192166916       0.46246127062681947     
       10001   1000000.0000000000        947741.76242084394       0.50446403171969711       0.50588681807024938       0.50742658360882664       0.50966233186687837       0.51276721503377798       0.51530914894416402       0.51776560207490530       0.51985845882425596       0.51987154166554073       0.56145523750380066       0.52340046185350619     
       10001   1000000.0000000000        1030738.1525232699       0.50416153098551997       0.50548575034358878       0.50691783513400057       0.50899766744021779       0.51191368494038214       0.51435769299976419       0.51680615519477591       0.51906402842286581       0.52066353985861613       0.48001398533694500       0.58119547683663020     
       10001   1000000.0000000000        1121002.7680465493       0.50397429701416119       0.50523631873223918       0.50659983697690847       0.50857883933364434       0.51136630557979956       0.51373069621697620       0.51614272040045561       0.51844664690979014       0.52077285091151215       0.48470347533888786       0.63839531006608530     
       10001   1000000.0000000000        1219172.1077673580       0.50405492344890612       0.50533892897505850       0.50672427628122618       0.50873169665785456       0.51155354973829970       0.51392975156086940       0.51632532931433273       0.51857796809714540       0.52043134258410195       0.47607838020294452       0.70822563097800295     
       10001   1000000.0000000000        1325938.4104359150       0.50446264888682135       0.50587105553637057       0.50738800029693876       0.50957913115014586       0.51261753393288756       0.51508873264177990       0.51745894841751161       0.51948248740085334       0.51811399865994268       0.72320329254240989       0.80127394340194624     
       10001   1000000.0000000000        1442054.5360809742       0.50540637857456616       0.50710627013832266       0.50893260707258747       0.51153966726337108       0.51496948239654405       0.51749201158928870       0.51947421066301780       0.51950035642536774       0.49576423363135069       0.93532669355893039       0.89784377713799757     
       10001   1000000.0000000000        1568339.2747843021       0.50579266387844046       0.50761193392567905       0.50956340316388338       0.51232450170074073       0.51585110069920459       0.51829529714353129       0.51960085101857278       0.51617983899612674       0.46495312082622092       0.94999999999999996       0.94999999999999996     
       10001   1000000.0000000000        1705683.1203593500       0.50547386595041621       0.50719452266106713       0.50904269246604583       0.51167742003966887       0.51512777576401170       0.51763760676206683       0.51942180982815833       0.51805718181936689       0.47801670285255943       0.94999999999999996       0.94999999999999996     
       10001   1000000.0000000000        1855054.5496470677       0.50521142214200732       0.50685074695893473       0.50861295758654002       0.51113715867909282       0.51450385204094140       0.51703670314376993       0.51908837918519024       0.51907903424555890       0.48942898050460076       0.94999999999999996       0.94999999999999996     
       10001   1000000.0000000000        2017506.8517071931       0.50514618181249660       0.50676527994085974       0.50850603562551666       0.51100199412642144       0.51434500193267052       0.51687980203238160       0.51898846689814437       0.51932497615893847       0.49340994838667002       0.94999999999999996       0.94999999999999996     
       10001   1000000.0000000000        2194185.5550608300       0.50540431210157633       0.50710349476040839       0.50892902915904092       0.51153506053449693       0.51496479344932822       0.51748573784572693       0.51941411214852340       0.51897625473896414       0.48879460271793246       0.94999999999999996       0.94491682371373220     
       10001   1000000.0000000000        2386336.5053574229       0.50604341405346909       0.50794062949988350       0.50997284638389972       0.51282737881988605       0.51639429357412459       0.51878735267720655       0.52006407207211902       0.51756798912652102       0.48242587060479181       0.92044421898165940       0.77517941066328855     
       10001   1000000.0000000000        2595314.6504255468       0.50681253440780960       0.50898328063383180       0.51130386886247448       0.51451053864886276       0.51827015210726113       0.52032692074354292       0.52042837368072881       0.51650677097611541       0.49120713261997362       0.65543041675716862       0.21358400227179303     
       10001   1000000.0000000000        2822593.5946550933       0.50919372352100456       0.51272394467561477       0.51608153053165395       0.51721739028914671       0.50755044720387643       0.49521419536361933       0.48067132787999978       0.47402733595143126       0.48977179389459546       0.56918743937306560        8.0159911186756819E-002
       10001   1000000.0000000000        3069775.9900833662       0.51807176833875523       0.53048171816692902       0.53640977274694035       0.54652318648620091       0.58368040604447946       0.61145472720370175       0.66657659781467360       0.70071910049803920       0.64917772444235022       0.62412929550647533        4.7813269256580797E-002
       10001   1000000.0000000000        3338604.8374575973       0.64049258340718807       0.73816483387017329       0.80307944011702093       0.85270555578891438       0.88452540811812941       0.91040593991803231       0.88480267004092839       0.90353144256010343       0.83395338025999000       0.72132509617530782        6.1655243672563871E-002
       10001   1000000.0000000000        3630975.7769629848       0.80929106168606868       0.89440646327653639       0.93824008755821120       0.94999999999999996       0.94999999999999996       0.94999999999999996       0.94999999999999996       0.94999999999999996       0.94999999999999996       0.73856570164467350        2.6760773454608044E-002
       10001   1000000.0000000000        3948950.4552841196       0.84518770090913931       0.91740133605233376       0.94999999999999996       0.94999999999999996       0.94999999999999996       0.94999999999999996       0.94999999999999996       0.94999999999999996       0.94999999999999996       0.73002462174155935        2.1136487532544202E-002
       10001   1000000.0000000000        4294771.0632572537       0.84530803863240433       0.91723546353641217       0.94999999999999996       0.94999999999999996       0.94999999999999996       0.94999999999999996       0.94999999999999996       0.94999999999999996       0.94999999999999996       0.73031433957947178        2.1205639097396242E-002
       10001   1000000.0000000000        4670876.1466253446       0.84532631720381701       0.91720781626002812       0.94999999999999996       0.94999999999999996       0.94999999999999996       0.94999999999999996       0.94999999999999996       0.94999999999999996       0.94999999999999996       0.73036526366009735        2.1217882079450200E-002
       10001   1000000.0000000000        5079917.8013849705       0.84471021417529335       0.91798915338864684       0.94999999999999996       0.94999999999999996       0.94999999999999996       0.94999999999999996       0.94999999999999996       0.94999999999999996       0.94999999999999996       0.72913250494825543        2.0928687081923626E-002
       10001   1000000.0000000000        5524780.3749778615       0.84435163781389944       0.91847684403839858       0.94999999999999996       0.94999999999999996       0.94999999999999996       0.94999999999999996       0.94999999999999996       0.94999999999999996       0.94999999999999996       0.72847221211822555        2.0779581372329298E-002
       10001   1000000.0000000000        6008600.8051978257       0.84948633062055945       0.92105986056691003       0.94999999999999996       0.94999999999999996       0.94999999999999996       0.94999999999999996       0.94999999999999996       0.94999999999999996       0.94999999999999996       0.71012939787151996        1.7633457140842471E-002
       10001   1000000.0000000000        6534790.7402325803       0.89851405464231693       0.94999999999999996       0.94999999999999996       0.94999999999999996       0.94999999999999996       0.94999999999999996       0.94999999999999996       0.94999999999999996       0.94999999999999996       0.36913627727800125        3.5378833628707950E-003
       10001   1000000.0000000000        7107060.5958192665       0.94233405939483106       0.94999999999999996       0.94999999999999996       0.94999999999999996       0.94999999999999996       0.94999999999999996       0.94999999999999996       0.94999999999999996       0.87912382507649445        2.5471283433293593E-002   1.5430131019717537E-004
       10001   1000000.0000000000        7729445.7191523332       0.94999999999999996       0.94999999999999996       0.94999999999999996       0.94999999999999996       0.94999999999999996       0.94999999999999996       0.92323026709547629       0.80615173301558807       0.21866494170797623        9.1570078420984970E-004   5.3908841923150638E-006
       10001   1000000.0000000000        8406334.8440376241       0.94999999999999996       0.94999999999999996       0.94999999999999996       0.93234078957943967       0.77585750314475088       0.55381321474079348       0.29890278125376396       0.12540144312501927        9.3320812759737776E-003   3.0539484170448193E-005   1.7955995878829146E-007
       10001   1000000.0000000000        9142501.0379438680       0.90211326038930140       0.78982967133088533       0.62771839342113422       0.31499028461279821       0.10049941231369458        3.8098609579289386E-002   1.3353814811362781E-002   4.5193054918734443E-003   2.9936909383220260E-004   9.7829980082420830E-007   5.7513661421097332E-009
       10001   1000000.0000000000        9943135.3591737300       0.21229435279053641        8.8514965123703326E-002   3.6480837216615505E-002   9.8257578048196806E-003   2.2895473542851735E-003   7.9125627489992710E-004   2.7172778369167404E-004   9.1835071144153927E-005   7.0918447943896293E-006   3.0116995510084809E-008   1.7613427025079507E-010
       10001   1000000.0000000000        10813883.461487234        1.5902133454158893E-003   3.8937753802219840E-004   1.0570042065234330E-004   2.5906705980356137E-005   5.4930554715301138E-006   1.8179434114553425E-006   6.3242003952491524E-007   2.1773746991846159E-007   2.4461102574973981E-008   8.6965961528344038E-010   4.5061693706209992E-012
       10001   1000000.0000000000        11760885.404294103        2.8283394668986267E-005   7.1812211131415627E-006   2.1369276855966112E-006   5.9031377987416965E-007   1.3898054722663535E-007   5.0845730800495254E-008   1.9992334823970555E-008   7.9476316065602961E-009   1.4612005371792240E-009   4.4577848050712819E-010   3.0997550929014556E-012
       10001   1000000.0000000000        12790818.949135916        1.0203618518234562E-005   2.9358218857179718E-006   1.0075383220960988E-006   3.1459816941975649E-007   8.3261951601566944E-008   3.3713925428812368E-008   1.4785860303840108E-008   6.6506241120377473E-009   1.6943181676168839E-009   6.5096061993711232E-010   6.1039920922379255E-012
       10001   1000000.0000000000        13910946.647761630        1.0133071863306478E-005   2.9186460013170027E-006   1.0027356710661449E-006   3.1334924542242973E-007   8.2987283450519270E-008   3.3620037403614125E-008   1.4752176893545040E-008   6.6389343637983467E-009   1.6934948396950762E-009   6.5054447543691927E-010   6.1056733569437544E-012
       10001   1000000.0000000000        15129167.053837782        1.0129206055164077E-005   2.9178096268314880E-006   1.0025439136534551E-006   3.1332137363466755E-007   8.2989681246039419E-008   3.3624558607403902E-008   1.4755799508858087E-008   6.6414103219014693E-009   1.6946774500244620E-009   6.5137892656430767E-010   6.1143558556855931E-012
       10001   1000000.0000000000        16454070.419410402        1.0121742764848449E-005   2.9161281050029389E-006   1.0021344204870236E-006   3.1324660908757178E-007   8.2985750979424256E-008   3.3628685099306882E-008   1.4760250316590267E-008   6.6447744834597604E-009   1.6964144406809341E-009   6.5255415594915820E-010   6.1271386022167399E-012
       10001   1000000.0000000000        17894999.268861804        1.0104681615634405E-005   2.9121350995835481E-006   1.0011000402199693E-006   3.1302063353068843E-007   8.2953336405077641E-008   3.3625216839454624E-008   1.4763160026472216E-008   6.6483433250737192E-009   1.6987689918641172E-009   6.5408357217351824E-010   6.1449720640852761E-012
       10001   1000000.0000000000        19462114.277498070        1.0088389612096531E-005   2.9083227603691430E-006   1.0001132625480545E-006   3.1280551128017476E-007   8.2922716777116541E-008   3.3622105036257727E-008   1.4766059230938729E-008   6.6518246253339185E-009   1.7010493778905941E-009   6.5556139503399843E-010   6.1622196689374921E-012
       10001   1000000.0000000000        21166465.919307370        1.0075035506472295E-005   2.9052115970319460E-006   9.9931423261992379E-007   3.1263483746046790E-007   8.2900089576113773E-008   3.3620935757944520E-008   1.4769223451366933E-008   6.6551311111398451E-009   1.7030996603179355E-009   6.5689482264325209E-010   6.1776199376955027E-012
       10001   1000000.0000000000        23020072.389113221        1.0064874181370614E-005   2.9028614771884903E-006   9.9871865711948616E-007   3.1251214806772070E-007   8.2886010255184387E-008   3.3621800789105592E-008   1.4772631791498581E-008   6.6582221623210683E-009   1.7048889989818188E-009   6.5806325174022609E-010   6.1909313350641309E-012
       10001   1000000.0000000000        25036004.348587755        1.0057614510131398E-005   2.9012002740708575E-006   9.9830631137884095E-007   3.1243215710555761E-007   8.2879318570549799E-008   3.3624306805712101E-008   1.4776145551851522E-008   6.6610515665422473E-009   1.7064149870375114E-009   6.5906184390492417E-010   6.2021539490708949E-012
       10001   1000000.0000000000        27228477.093709577        1.0052738367481985E-005   2.9001009260579855E-006   9.9804198941576715E-007   3.1238588852524759E-007   8.2878132538548642E-008   3.3627854494345668E-008   1.4779574820440813E-008   6.6635696440354672E-009   1.7076867481082319E-009   6.5989207392913056E-010   6.2113866735783459E-012
       10001   1000000.0000000000        29612950.793583296        1.0049659295997062E-005   2.8994198952397954E-006   9.9788603456166263E-007   3.1236329406697422E-007   8.2880371644312904E-008   3.3631793591768454E-008   1.4782720860827120E-008   6.6657296349083211E-009   1.7087185998858973E-009   6.6055830936295301E-010   6.2187700087835383E-012
       10001   1000000.0000000000        32206239.507452108        1.0047828641802231E-005   2.8990228666080141E-006   9.9780136515480499E-007   3.1235499315993096E-007   8.2884101623318071E-008   3.3635523592211609E-008   1.4785402705341185E-008   6.6674909275856450E-009   1.7095253597727985E-009   6.6106522781800407E-010   6.2244445489865978E-012
       10001   1000000.0000000000        35026629.748634435        1.0046786022352436E-005   2.8987969381819594E-006   9.9775680030565310E-007   3.1235309264281686E-007   8.2887695337024232E-008   3.3638539990651952E-008   1.4787468886719520E-008   6.6688200776451856E-009   1.7101198907530365E-009   6.6141640363015074E-010   6.2285295145835820E-012
       10001   1000000.0000000000        38094009.431434512        1.0046161043764733E-005   2.8986509407165638E-006   9.9772712586966252E-007   3.1235119131889869E-007   8.2889829243327815E-008   3.3640431178918125E-008   1.4788795314785046E-008   6.6696894671303569E-009   1.7105124713216390E-009   6.6161374416626686E-010   6.2311176871960225E-012
       10001   1000000.0000000000        41430008.110294931        1.0045646749369674E-005   2.8985087976795893E-006   9.9769122546328724E-007   3.1234388816267673E-007   8.2889374949579615E-008   3.3640841599152993E-008   1.4789272297676033E-008   6.6700730320086038E-009   1.7107106257344882E-009   6.6165692954583673E-010   6.2322754679710820E-012
       10001   1000000.0000000000        45058149.500081860        1.0044963592988806E-005   2.8983004341806246E-006   9.9762949535342189E-007   3.1232608881707301E-007   8.2885241405974902E-008   3.3639416031406600E-008   1.4788783781837506E-008   6.6699387181358677E-009   1.7107182326436970E-009   6.6154212198295263E-010   6.2320381569280669E-012
       10001   1000000.0000000000        49004017.352997556        1.0043822942192986E-005   2.8979523544937010E-006   9.9752110835523217E-007   3.1229224280321522E-007   8.2876191236118890E-008   3.3635730608468491E-008   1.4787179498597174E-008   6.6692371006200194E-009   1.7105332003114067E-009   6.6125941790933900E-010   6.2303944590485730E-012
       10001   1000000.0000000000        53295435.861797445        1.0041888296121084E-005   2.8973773162157248E-006   9.9734094038064774E-007   3.1223544940259429E-007   8.2860613169912482E-008   3.3629202644235089E-008   1.4784236288002067E-008   6.6678843693645538E-009   1.7101431403546733E-009   6.6078843230013729E-010   6.2272557617110800E-012
       10001   1000000.0000000000        57962665.861418702        1.0038722345580441E-005   2.8964599228474893E-006   9.9705521765417034E-007   3.1214616015601118E-007   8.2836182401583746E-008   3.3618952734385542E-008   1.4779597465700633E-008   6.6657349323362626E-009   1.7095179174996207E-009   6.6009072775178140E-010   6.2224019702518502E-012
       10001   1000000.0000000000        63038618.212534659        1.0033694237109130E-005   2.8950312174422442E-006   9.9661381652955235E-007   3.1200987206634249E-007   8.2799253990601290E-008   3.3603557652383766E-008   1.4772663867228651E-008   6.6625320767140340E-009   1.7085961431074382E-009   6.5909593612140619E-010   6.2153825448354389E-012
       10001   1000000.0000000000        68559085.871700674        1.0025789109531153E-005   2.8928164814494264E-006   9.9593445107812058E-007   3.1180239523115368E-007   8.2743620689092141E-008   3.3580545294647364E-008   1.4762371641597242E-008   6.6578076305331636E-009   1.7072578663150894E-009   6.5767352492069794E-010   6.2053161708020086E-012
       10001   1000000.0000000000        74562996.284531817        1.0013163950889442E-005   2.8893135390125193E-006   9.9486582472234896E-007   3.1147883351117341E-007   8.2657623910660071E-008   3.3545221348138146E-008   1.4746676661398167E-008   6.6506494923577563E-009   1.7052615095123171E-009   6.5556770520689892E-010   6.1904287994408788E-012
       10001   1000000.0000000000        81092685.881652892        9.9919389849878250E-006   2.8834615943692126E-006   9.9308734980965786E-007   3.1094359922202389E-007   8.2516293876663602E-008   3.3487477831905849E-008   1.4721152451255049E-008   6.6390696417950654E-009   1.7020725412082084E-009   6.5222183634059141E-010   6.1668021823967924E-012
       10001   1000000.0000000000        88194198.613027439        9.9520668449876518E-006   2.8725092657048217E-006   9.8976628124994715E-007   3.0994788321286112E-007   8.2254473911297415E-008   3.3380880548329857E-008   1.4674196169824563E-008   6.6178432561423775E-009   1.6962777745749894E-009   6.4618535183017804E-010   6.1241152275034472E-012
       10001   1000000.0000000000        95917610.625768691        9.8564464965430128E-006   2.8462906874436212E-006   9.8182321640625056E-007   3.0757096012441017E-007   8.1630874722681765E-008   3.3127478892081008E-008   1.4562786756413950E-008   6.5675837121845931E-009   1.6826260718404575E-009   6.3218493323011777E-010   6.0243164559485792E-012
