  0.33999998867511749       0.51500000059604645       0.73000001907348633        1.0850000381469727        1.6700000166893005        2.2599999904632568        3.0000000000000000        3.9500000476837158        6.5499999523162842        14.349999904632568        172.33999633789062     
       10001   1000000.0000000000        10.431738337489184        0.0000000000000000        0.0000000000000000        0.0000000000000000        0.0000000000000000        0.0000000000000000        0.0000000000000000        0.0000000000000000        0.0000000000000000        0.0000000000000000        0.0000000000000000        0.0000000000000000     
       10001   1000000.0000000000        11.345274765696345        0.0000000000000000        0.0000000000000000        0.0000000000000000        0.0000000000000000        0.0000000000000000        0.0000000000000000        0.0000000000000000        0.0000000000000000        0.0000000000000000        0.0000000000000000        0.0000000000000000     
       10001   1000000.0000000000        12.338812127464312        0.0000000000000000        0.0000000000000000        0.0000000000000000        0.0000000000000000        0.0000000000000000        0.0000000000000000        0.0000000000000000        0.0000000000000000        0.0000000000000000        0.0000000000000000        0.0000000000000000     
       10001   1000000.0000000000        13.419356327728012        0.0000000000000000        0.0000000000000000        0.0000000000000000        0.0000000000000000        0.0000000000000000        0.0000000000000000        0.0000000000000000        0.0000000000000000        0.0000000000000000        0.0000000000000000        0.0000000000000000     
       10001   1000000.0000000000        14.594526798062295        0.0000000000000000        0.0000000000000000        0.0000000000000000        0.0000000000000000        0.0000000000000000        0.0000000000000000        0.0000000000000000        0.0000000000000000        0.0000000000000000        0.0000000000000000        0.0000000000000000     
       10001   1000000.0000000000        15.872610224921379        0.0000000000000000        0.0000000000000000        0.0000000000000000        0.0000000000000000        0.0000000000000000        0.0000000000000000        0.0000000000000000        0.0000000000000000        0.0000000000000000        0.0000000000000000        0.0000000000000000     
       10001   1000000.0000000000        17.262618983009986        0.0000000000000000        0.0000000000000000        0.0000000000000000        0.0000000000000000        0.0000000000000000        0.0000000000000000        0.0000000000000000        0.0000000000000000        0.0000000000000000        0.0000000000000000        0.0000000000000000     
       10001   1000000.0000000000        18.774354685828140        0.0000000000000000        0.0000000000000000        0.0000000000000000        0.0000000000000000        0.0000000000000000        0.0000000000000000        0.0000000000000000        0.0000000000000000        0.0000000000000000        0.0000000000000000        0.0000000000000000     
       10001   1000000.0000000000        20.418477301514223        0.0000000000000000        0.0000000000000000        0.0000000000000000        0.0000000000000000        0.0000000000000000        0.0000000000000000        0.0000000000000000        0.0000000000000000        0.0000000000000000        0.0000000000000000        0.0000000000000000     
       10001   1000000.0000000000        22.206580321355077        0.0000000000000000        0.0000000000000000        0.0000000000000000        0.0000000000000000        0.0000000000000000        0.0000000000000000        0.0000000000000000        0.0000000000000000        0.0000000000000000        0.0000000000000000        0.0000000000000000     
       10001   1000000.0000000000        24.151272511012497        0.0000000000000000        0.0000000000000000        0.0000000000000000        0.0000000000000000        0.0000000000000000        0.0000000000000000        0.0000000000000000        0.0000000000000000        0.0000000000000000        0.0000000000000000        0.0000000000000000     
       10001   1000000.0000000000        26.266266820932874        0.0000000000000000        0.0000000000000000        0.0000000000000000        0.0000000000000000        0.0000000000000000        0.0000000000000000        0.0000000000000000        0.0000000000000000        0.0000000000000000        0.0000000000000000        0.0000000000000000     
       10001   1000000.0000000000        28.566477082888710        0.0000000000000000        0.0000000000000000        0.0000000000000000        0.0000000000000000        0.0000000000000000        0.0000000000000000        0.0000000000000000        0.0000000000000000        0.0000000000000000        0.0000000000000000        0.0000000000000000     
       10001   1000000.0000000000        31.068123174506820        0.0000000000000000        0.0000000000000000        0.0000000000000000        0.0000000000000000        0.0000000000000000        0.0000000000000000        0.0000000000000000        0.0000000000000000        0.0000000000000000        0.0000000000000000        0.0000000000000000     
       10001   1000000.0000000000        33.788845393347479        0.0000000000000000        0.0000000000000000        0.0000000000000000        0.0000000000000000        0.0000000000000000        0.0000000000000000        0.0000000000000000        0.0000000000000000        0.0000000000000000        0.0000000000000000        0.0000000000000000     
       10001   1000000.0000000000        36.747828847040090        0.0000000000000000        0.0000000000000000        0.0000000000000000        0.0000000000000000        0.0000000000000000        0.0000000000000000        0.0000000000000000        0.0000000000000000        0.0000000000000000        0.0000000000000000        0.0000000000000000     
       10001   1000000.0000000000        39.965938736611179        0.0000000000000000        0.0000000000000000        0.0000000000000000        0.0000000000000000        0.0000000000000000        0.0000000000000000        0.0000000000000000        0.0000000000000000        0.0000000000000000        0.0000000000000000        0.0000000000000000     
       10001   1000000.0000000000        43.465867486949911        0.0000000000000000        0.0000000000000000        0.0000000000000000        0.0000000000000000        0.0000000000000000        0.0000000000000000        0.0000000000000000        0.0000000000000000        0.0000000000000000        0.0000000000000000        0.0000000000000000     
       10001   1000000.0000000000        47.272294761899261        0.0000000000000000        0.0000000000000000        0.0000000000000000        0.0000000000000000        0.0000000000000000        0.0000000000000000        0.0000000000000000        0.0000000000000000        0.0000000000000000        0.0000000000000000        0.0000000000000000     
       10001   1000000.0000000000        51.412061492314940        0.0000000000000000        0.0000000000000000        0.0000000000000000        0.0000000000000000        0.0000000000000000        0.0000000000000000        0.0000000000000000        0.0000000000000000        0.0000000000000000        0.0000000000000000        0.0000000000000000     
       10001   1000000.0000000000        55.914359144247676        0.0000000000000000        0.0000000000000000        0.0000000000000000        0.0000000000000000        0.0000000000000000        0.0000000000000000        0.0000000000000000        0.0000000000000000        0.0000000000000000        0.0000000000000000        0.0000000000000000     
       10001   1000000.0000000000        60.810935561867311        0.0000000000000000        0.0000000000000000        0.0000000000000000        0.0000000000000000        0.0000000000000000        0.0000000000000000        0.0000000000000000        0.0000000000000000        0.0000000000000000        0.0000000000000000        0.0000000000000000     
       10001   1000000.0000000000        66.136318836625861        0.0000000000000000        0.0000000000000000        0.0000000000000000        0.0000000000000000        0.0000000000000000        0.0000000000000000        0.0000000000000000        0.0000000000000000        0.0000000000000000        0.0000000000000000        0.0000000000000000     
       10001   1000000.0000000000        71.928060781269068        0.0000000000000000        0.0000000000000000        0.0000000000000000        0.0000000000000000        0.0000000000000000        0.0000000000000000        0.0000000000000000        0.0000000000000000        0.0000000000000000        0.0000000000000000        0.0000000000000000     
       10001   1000000.0000000000        78.227001725545264        0.0000000000000000        0.0000000000000000        0.0000000000000000        0.0000000000000000        0.0000000000000000        0.0000000000000000        0.0000000000000000        0.0000000000000000        0.0000000000000000        0.0000000000000000        0.0000000000000000     
       10001   1000000.0000000000        85.077558500813126        0.0000000000000000        0.0000000000000000        0.0000000000000000        0.0000000000000000        0.0000000000000000        0.0000000000000000        0.0000000000000000        0.0000000000000000        0.0000000000000000        0.0000000000000000        0.0000000000000000     
       10001   1000000.0000000000        92.528037644265609        0.0000000000000000        0.0000000000000000        0.0000000000000000        0.0000000000000000        0.0000000000000000        0.0000000000000000        0.0000000000000000        0.0000000000000000        0.0000000000000000        0.0000000000000000        0.0000000000000000     
       10001   1000000.0000000000        100.63097603132084        0.0000000000000000        0.0000000000000000        0.0000000000000000        0.0000000000000000        0.0000000000000000        0.0000000000000000        0.0000000000000000        0.0000000000000000        0.0000000000000000        0.0000000000000000        0.0000000000000000     
       10001   1000000.0000000000        109.44351133814270        0.0000000000000000        0.0000000000000000        0.0000000000000000        0.0000000000000000        0.0000000000000000        0.0000000000000000        0.0000000000000000        0.0000000000000000        0.0000000000000000        0.0000000000000000        0.0000000000000000     
       10001   1000000.0000000000        119.02778494659654        0.0000000000000000        0.0000000000000000        0.0000000000000000        0.0000000000000000        0.0000000000000000        0.0000000000000000        0.0000000000000000        0.0000000000000000        0.0000000000000000        0.0000000000000000        0.0000000000000000     
       10001   1000000.0000000000        129.45138013271696        0.0000000000000000        0.0000000000000000        0.0000000000000000        0.0000000000000000        0.0000000000000000        0.0000000000000000        0.0000000000000000        0.0000000000000000        0.0000000000000000        0.0000000000000000        0.0000000000000000     
       10001   1000000.0000000000        140.78779862856183        0.0000000000000000        0.0000000000000000        0.0000000000000000        0.0000000000000000        0.0000000000000000        0.0000000000000000        0.0000000000000000        0.0000000000000000        0.0000000000000000        0.0000000000000000        0.0000000000000000     
       10001   1000000.0000000000        153.11697891791701        0.0000000000000000        0.0000000000000000        0.0000000000000000        0.0000000000000000        0.0000000000000000        0.0000000000000000        0.0000000000000000        0.0000000000000000        0.0000000000000000        0.0000000000000000        0.0000000000000000     
       10001   1000000.0000000000        166.52585992060216        0.0000000000000000        0.0000000000000000        0.0000000000000000        0.0000000000000000        0.0000000000000000        0.0000000000000000        0.0000000000000000        0.0000000000000000        0.0000000000000000        0.0000000000000000        0.0000000000000000     
       10001   1000000.0000000000        181.10899404018389        0.0000000000000000        0.0000000000000000        0.0000000000000000        0.0000000000000000        0.0000000000000000        0.0000000000000000        0.0000000000000000        0.0000000000000000        0.0000000000000000        0.0000000000000000        0.0000000000000000     
       10001   1000000.0000000000        196.96921389798786        0.0000000000000000        0.0000000000000000        0.0000000000000000        0.0000000000000000        0.0000000000000000        0.0000000000000000        0.0000000000000000        0.0000000000000000        0.0000000000000000        0.0000000000000000        0.0000000000000000     
       10001   1000000.0000000000        214.21835745486533        0.0000000000000000        0.0000000000000000        0.0000000000000000        0.0000000000000000        0.0000000000000000        0.0000000000000000        0.0000000000000000        0.0000000000000000        0.0000000000000000        0.0000000000000000        0.0000000000000000     
       10001   1000000.0000000000        232.97805663390125        0.0000000000000000        0.0000000000000000        0.0000000000000000        0.0000000000000000        0.0000000000000000        0.0000000000000000        0.0000000000000000        0.0000000000000000        0.0000000000000000        0.0000000000000000        0.0000000000000000     
       10001   1000000.0000000000        253.38059500500913        0.0000000000000000        0.0000000000000000        0.0000000000000000        0.0000000000000000        0.0000000000000000        0.0000000000000000        0.0000000000000000        0.0000000000000000        0.0000000000000000        0.0000000000000000        0.0000000000000000     
       10001   1000000.0000000000        275.56984057935517        0.0000000000000000        0.0000000000000000        0.0000000000000000        0.0000000000000000        0.0000000000000000        0.0000000000000000        0.0000000000000000        0.0000000000000000        0.0000000000000000        0.0000000000000000        0.0000000000000000     
       10001   1000000.0000000000        299.70226029120391        2.0172516392639629E-010   2.1344087081750946E-010   2.2615052773691405E-010   2.3446608473029482E-010   2.4493590154772934E-010   2.7403897361255186E-010   2.8678825005416406E-010   2.7145323829030839E-010   2.1073087062316233E-010   9.8820297757182041E-011   7.1151146004088786E-013
       10001   1000000.0000000000        325.94802332075642        3.6738880255468522E-010   3.8655407496468981E-010   4.0994002087032823E-010   4.2804769608376486E-010   4.3925819857905925E-010   4.8776942435170597E-010   5.2169177364973367E-010   5.1581561987416754E-010   4.1462119356028579E-010   2.1029662616778422E-010   1.4401482893290572E-012
       10001   1000000.0000000000        354.49220103805158        6.6856035488059652E-010   7.0055548805901002E-010   7.4200145872279923E-010   7.7447121905863979E-010   7.9745739956575443E-010   8.6852855984468732E-010   9.4843236261710451E-010   9.5763764814865573E-010   7.9840819245433798E-010   4.4705108626570028E-010   2.9116713140626914E-012
       10001   1000000.0000000000        385.53607202931107        1.2157940895103651E-009   1.2670778089821124E-009   1.3371976682807490E-009   1.3954098403084384E-009   1.4531879761873326E-009   1.5353981694751889E-009   1.6877356144637862E-009   1.7365254255163532E-009   1.5097448832537367E-009   9.4525897810657852E-010   5.8739176689820287E-012
       10001   1000000.0000000000        419.29854140806611        2.2065522135284370E-009   2.2871528274477465E-009   2.4022642033475938E-009   2.5159274342808428E-009   2.6514394218289307E-009   2.7528598908767896E-009   2.9832886017812721E-009   3.1303128285286319E-009   2.8205575159178481E-009   1.9765997113020792E-009   1.1804077957468566E-011
       10001   1000000.0000000000        456.01768441933399        3.9924482380593394E-009   4.1197167257873818E-009   4.3079132353512485E-009   4.5403371142752890E-009   4.8030679430029224E-009   4.9234897301928015E-009   5.3123837117466973E-009   5.6495137897530560E-009   5.2335963221198298E-009   4.0603251089529950E-009   2.3570014319075794E-011
       10001   1000000.0000000000        495.95242522150778        7.1905904465536147E-009   7.3910504040523952E-009   7.7018133979972387E-009   8.2263531241273517E-009   8.6366639044869207E-009   8.8241985726876796E-009   9.3971043197780488E-009   1.0094030413047564E-008   9.6506707568078618E-009   8.1399792218782923E-009   4.6603025337498240E-011
       10001   1000000.0000000000        539.38436268386613        1.2862810790468279E-008   1.3176305590754367E-008   1.3685472423561675E-008   1.4587765576607793E-008   1.5368034288252270E-008   1.5765153669288392E-008   1.6508426270091137E-008   1.7754666423360482E-008   1.7607038159666633E-008   1.5861037721520340E-008   9.0931856421092991E-011
       10001   1000000.0000000000        586.61975607426393        2.2730715632367725E-008   2.3217600371662680E-008   2.4028111399162825E-008   2.5538855130226241E-008   2.6979179489014154E-008   2.7793150415165279E-008   2.8876958738546295E-008   3.0820270148940646E-008   3.1542861425396363E-008   3.0010034617024492E-008   1.7489295294417138E-010
       10001   1000000.0000000000        637.99168463903061        3.9626425186343106E-008   4.0379082838735128E-008   4.1645209644876786E-008   4.4103698632774625E-008   4.6710392854699037E-008   4.8394539473364124E-008   4.9988262841629467E-008   5.3069351459559055E-008   5.5320707627108008E-008   5.5067866499227532E-008   3.3098032362924864E-010
       10001   1000000.0000000000        693.86239630330283        6.8047527654770543E-008   6.9199289864802268E-008   7.1159704264297965E-008   7.5069952806504493E-008   7.9731482031802821E-008   8.2863222348595420E-008   8.5195055637997211E-008   9.0262588067376210E-008   9.4962931560448934E-008   9.8023943209950956E-008   6.1554739736941956E-010
       10001   1000000.0000000000        754.62586205360674        1.1496058656166240E-007   1.1670865413022166E-007   1.1970519106148599E-007   1.2583146703229290E-007   1.3404880800475038E-007   1.3946275144926496E-007   1.4323633964277356E-007   1.5080763334213098E-007   1.5983247615105960E-007   1.6944792563662995E-007   1.1239054751927820E-009
       10001   1000000.0000000000        820.71055401484307        1.9088453979628162E-007   1.9351942637957578E-007   1.9801222875362879E-007   2.0749098515429794E-007   2.2173337894831179E-007   2.3054942646193020E-007   2.3718623961675514E-007   2.4755407983914224E-007   2.6429204697960769E-007   2.8491032431034688E-007   2.0132318760078603E-009
       10001   1000000.0000000000        892.58246681121705        3.1129266422345434E-007   3.1523005492910878E-007   3.2184120668733771E-007   3.3626720616050619E-007   3.6047005758579665E-007   3.7409643497165466E-007   3.8554182071986814E-007   4.0024861474908434E-007   4.2972402707872262E-007   4.6684387563805551E-007   3.5361330511666258E-009
       10001   1000000.0000000000        970.74840351619173        4.9835464083926265E-007   5.0418316596222562E-007   5.1376285527425127E-007   5.3524758886293008E-007   5.7132934934118221E-007   5.9592007572013869E-007   6.1514241100687288E-007   6.3714735965669740E-007   6.8661015286494314E-007   7.4695170329519166E-007   6.0880250825256129E-009
       10001   1000000.0000000000        1055.7595493622257        7.8299553702422754E-007   7.9154564583079802E-007   8.0523205657469117E-007   8.3649322837626692E-007   8.9106689373821018E-007   9.3182409955370637E-007   9.6366298976912040E-007   9.9611526825616838E-007   1.0764507455587740E-006   1.1692538488149101E-006   1.0271423105396936E-008
       10001   1000000.0000000000        1148.2153584102582        1.2071938199417770E-006   1.2196155219795136E-006   1.2388859894478560E-006   1.2834168464271147E-006   1.3641409335848357E-006   1.4303859768823094E-006   1.4810317054417567E-006   1.5277807115097328E-006   1.6538088517226218E-006   1.7937976612808291E-006   1.6979504665137963E-008
       10001   1000000.0000000000        1248.7677805856742        1.8263755238910681E-006   1.8442291408289296E-006   1.8709632163650900E-006   1.9332446217843402E-006   2.0499307796990283E-006   2.1556661450620781E-006   2.2326610862758485E-006   2.3005954754353710E-006   2.4891879006950477E-006   2.7009161992338606E-006   2.7499685789251086E-008
       10001   1000000.0000000000        1358.1258588876030        2.7116829279856154E-006   2.7370556693267997E-006   2.7736280983431204E-006   2.8592931662799824E-006   3.0242389394518981E-006   3.1896666186841828E-006   3.3029367531139361E-006   3.4036372807225729E-006   3.6729991307706910E-006   3.9956874139599760E-006   4.3635267446707729E-008
       10001   1000000.0000000000        1477.0607291886670        3.9518362880594544E-006   3.9874689218583033E-006   4.0368658269279514E-006   4.1527735057812924E-006   4.3811819405330266E-006   4.6343777638552000E-006   4.7963573867849003E-006   4.9459109766628485E-006   5.3196735928422243E-006   5.8119462381358239E-006   6.7839500738217341E-008
       10001   1000000.0000000000        1606.4110578811351        5.6542581236214893E-006   5.7036704095225472E-006   5.7695931356322101E-006   5.9238444340273049E-006   6.2342709825743355E-006   6.6128810510827837E-006   6.8383615766629286E-006   7.0561682607382129E-006   7.5700488485019192E-006   8.3149150848358588E-006   1.0335198929431355E-007
       10001   1000000.0000000000        1747.0889557129149        7.9451265482913138E-006   8.0127453296551317E-006   8.0996845488518703E-006   8.3016333289526792E-006   8.7163193190495609E-006   9.2690275037554958E-006   9.5761810249495177E-006   9.8853275863748925E-006   1.0590334043846656E-005   1.1701392051969121E-005   1.5432283564843160E-007
       10001   1000000.0000000000        1900.0864095146821        1.0968067699868512E-005   1.1059347491237891E-005   1.1172655840084864E-005   1.1432931946426028E-005   1.1977889231957944E-005   1.2765982731179726E-005   1.3177306374562931E-005   1.3607103622314487E-005   1.4567364339149794E-005   1.6196621804178184E-005   2.2590628277298083E-007
       10001   1000000.0000000000        2066.4822771712666        1.4881295284448169E-005   1.5002810649273790E-005   1.5148791188154617E-005   1.5479321080982665E-005   1.6184122639111468E-005   1.6990281258695568E-005   1.7825556024544803E-005   1.8413041295819887E-005   1.9701727881956829E-005   2.2047519142292865E-005   3.2430390148200503E-007
       10001   1000000.0000000000        2247.4498951622236        1.9853157821457649E-005   2.0012657953612906E-005   2.0198634307382473E-005   2.0612629730852085E-005   2.1509963807826968E-005   2.2555523761816920E-005   2.3715871713557348E-005   2.4504173862406420E-005   2.6201091792298943E-005   2.9512679246844905E-005   4.5673864879236969E-007
       10001   1000000.0000000000        2444.2653523159543        2.6056237635073866E-005   2.6262660409592369E-005   2.6496989112929598E-005   2.7008869457409426E-005   2.8133960363018337E-005   2.9467234256906619E-005   3.1047657166856119E-005   3.2083362708896620E-005   3.4274804865729163E-005   3.8850302179988574E-005   6.3134601525362522E-007
       10001   1000000.0000000000        2658.3164881195166        3.3660342694961275E-005   3.3923778884530163E-005   3.4215803857319288E-005   3.4841028506929152E-005   3.6231004337610219E-005   3.7904215302170361E-005   4.0016480961537352E-005   4.1348840107728072E-005   4.4128852352717156E-005   5.0305512439687872E-005   8.5697698449854682E-007
       10001   1000000.0000000000        2891.1126790356084        4.2824909036117365E-005   4.3156509311018942E-005   4.3516478661936620E-005   4.4271295928606235E-005   4.5964532705093086E-005   4.8032999058823507E-005   5.0805000521027956E-005   5.2486857506280330E-005   5.5959452306912089E-005   6.4098485701169112E-005   1.1429188324736145E-006
       10001   1000000.0000000000        3144.2954818345379        5.3691457810625711E-005   5.4103286199020605E-005   5.4542238920899606E-005   5.5443388387138230E-005   5.7478826146995657E-005   5.9999949360322451E-005   6.3574299754855240E-005   6.5662707558451455E-005   6.9944489451327673E-005   8.0414437294778221E-005   1.4985523099980189E-006
       10001   1000000.0000000000        3419.6502089925411        6.6376805750045003E-005   6.6881649086064871E-005   6.7411266148829615E-005   6.8475677228189622E-005   7.0892102288557492E-005   7.3924211350824705E-005   7.8456343844831265E-005   8.1011712060802927E-005   8.6233556933413123E-005   9.9396103150873837E-005   1.9329753693835999E-006
       10001   1000000.0000000000        3719.1185177799598        8.0967696320911073E-005   8.1578840332382303E-005   8.2211258495126877E-005   8.3455769662468747E-005   8.6291076490420691E-005   8.9892202010877209E-005   9.5547870079984351E-005   9.8632246307553563E-005   1.0493849675614349E-004   1.2113901574049069E-004   2.4546320973760327E-006
       10001   1000000.0000000000        4044.8121018110778        9.7517403134571117E-005   9.8248388237647338E-005   9.8995986700859171E-005   1.0043708759602967E-004   1.0372755372346318E-004   1.0795421232630288E-004   1.1490629352349585E-004   1.1858187807394020E-004   1.2612652828907915E-004   1.4568968367785994E-004   3.0709890768262075E-006
       10001   1000000.0000000000        4399.0275816010808        1.1604467263206133E-004   1.1690904588040453E-004   1.1778422394161727E-004   1.1943781368065309E-004   1.2321743020671149E-004   1.2812349548842989E-004   1.3654846547945073E-004   1.4087670265370270E-004   1.4981744389884163E-004   1.7304667436781796E-004   3.7882990208633646E-006
       10001   1000000.0000000000        4784.2626991306734        1.3653514432463500E-004   1.3754622533932091E-004   1.3856119058632273E-004   1.4044235128342903E-004   1.4474224891484564E-004   1.5037797315815688E-004   1.6045268275810017E-004   1.6549357199810113E-004   1.7598535023808214E-004   2.0316450430413831E-004   4.6114832792069469E-006
       10001   1000000.0000000000        5203.2339306138792        1.5894514530269641E-004   1.6011582253374390E-004   1.6128240629277384E-004   1.6340520159761733E-004   1.6825320274553441E-004   1.7466443752919868E-004   1.8656357140535258E-004   1.9237489412858138E-004   2.0456450500523041E-004   2.3596011895890583E-004   5.5441518737537666E-006
       10001   1000000.0000000000        5658.8956416651308        1.8320753308488893E-004   1.8455010351662728E-004   1.8587961609560367E-004   1.8825693157060509E-004   1.9367724775144003E-004   2.0090489437962338E-004   2.1479908231820263E-004   2.2143565006422808E-004   2.3545822881931313E-004   2.7132159033493901E-004   6.5887640986258383E-006
       10001   1000000.0000000000        6154.4609199376109        2.0923908385000513E-004   2.1076514538658975E-004   2.1226827956100905E-004   2.1491172190521831E-004   2.2092480535158853E-004   2.2900450939623040E-004   2.4505892293821640E-004   2.5257213686197971E-004   2.6854969538128303E-004   3.0911849950301137E-004   7.7469168725513131E-006
       10001   1000000.0000000000        6693.4242321340962        2.3694881015312260E-004   2.3866921182323674E-004   2.4035599931100703E-004   2.4327586645060448E-004   2.4989841619305113E-004   2.5886050539250597E-004   2.7723391285937635E-004   2.8567178059702466E-004   3.0371348981130382E-004   3.4921333798576288E-004   9.0197343679613350E-006
       10001   1000000.0000000000        7279.5860651551784        2.6624655172906357E-004   2.6817140265562975E-004   2.7005122485868006E-004   2.7325655188647797E-004   2.8050166745337821E-004   2.9037131930697733E-004   3.1121574248554548E-004   3.2062326796920127E-004   3.4082701811103831E-004   3.9147318502315385E-004   1.0408322879315475E-005
       10001   1000000.0000000000        7917.0797251417562        2.9705121359557455E-004   2.9918994764487202E-004   3.0127159853682084E-004   3.0477027753126403E-004   3.1264774716749356E-004   3.2344536204686612E-004   3.3928254914897249E-004   3.5732625599709211E-004   3.7978105303841132E-004   4.3578091596343632E-004   1.1914250998606341E-005
       10001   1000000.0000000000        8610.4004833844119        3.2929811646792569E-004   3.3165960608844526E-004   3.3395140238579886E-004   3.3775037029593372E-004   3.4626707815269068E-004   3.5800882656785414E-004   3.7535232489013489E-004   3.9570002222998952E-004   4.2048887699638025E-004   4.8204525960381540E-004   1.3540013278958849E-005
       10001   1000000.0000000000        9364.4372746213958        3.6294505763034130E-004   3.6553776778760805E-004   3.6804769880753184E-004   3.7215318337334332E-004   3.8131361594080784E-004   3.9401212349006605E-004   4.1289654877565599E-004   4.3569057925028817E-004   4.6289364543259699E-004   5.3020916399159495E-004   1.5289443675355694E-005
       10001   1000000.0000000000        10184.507171244810        3.9797684211511058E-004   4.0080901359411706E-004   4.0354492047114807E-004   4.0796272758952828E-004   4.1776955004475938E-004   4.3143467884329052E-004   4.5189100783270931E-004   4.7727597313880423E-004   5.0697376414829247E-004   5.8025613260760786E-004   1.7168063502420643E-005
       10001   1000000.0000000000        11076.392876509570        4.3440821190381031E-004   4.3748806302011233E-004   4.4045783709916332E-004   4.4519366558593357E-004   4.5564834289482729E-004   4.7028802913060350E-004   4.9234490822616639E-004   5.2046968680737298E-004   5.5274622024053274E-004   6.3221435503270904E-004   1.9183346710752494E-005
       10001   1000000.0000000000        12046.383501126886        4.7228524766750317E-004   4.7562118398824588E-004   4.7883297443301068E-004   4.8389274436988179E-004   4.9499618258115673E-004   5.1061729172427104E-004   5.3430237389963592E-004   5.6532224269583461E-004   6.0026795992106671E-004   6.8615866017480867E-004   2.1344900714282487E-005
       10001   1000000.0000000000        13101.318910778036        5.1168544248901646E-004   5.1528626545882072E-004   5.1874868683751641E-004   5.2413886725434543E-004   5.3589204943850889E-004   5.5250121335884486E-004   5.7784246682485423E-004   6.1192124695598233E-004   6.4963555128479307E-004   7.4221050260000522E-004   2.3664575363073502E-005
       10001   1000000.0000000000        14248.637957263581        5.5271673674806487E-004   5.5659184401406800E-004   5.6031417631676069E-004   5.6604209967847869E-004   5.7844669323059590E-004   5.9605109827510995E-004   6.2307803977981388E-004   6.6039022169190015E-004   7.0098348435156446E-004   8.0053632495719008E-004   2.6156518799348694E-005
       10001   1000000.0000000000        15496.430933388809        5.9551585334629252E-004   5.9967542578867692E-004   6.0366780146451986E-004   6.0974195499537273E-004   6.2280087061205506E-004   6.4140897190002790E-004   6.7015378863007600E-004   7.1088662638375171E-004   7.5448154347554201E-004   8.6134473473974203E-004   2.8837203930054804E-005
       10001   1000000.0000000000        16853.496621469865        6.4024627514398737E-004   6.4470144781824052E-004   6.4897502268160300E-004   6.5540530957834599E-004   6.6912319631928774E-004   6.8874533990475326E-004   7.1924387488831690E-004   7.6359946315178483E-004   8.1033171578952180E-004   9.2488296656944473E-004   3.1725451672052745E-005
       10001   1000000.0000000000        18329.404337736843        6.8709620080656354E-004   6.9185921722823775E-004   6.9642632449409294E-004   7.0322429198341261E-004   7.1760795906375570E-004   7.3825690209784885E-004   7.7054949084549623E-004   8.1874684467533822E-004   8.6876511768608914E-004   9.9143312886536316E-004   3.4842474986213647E-005
       10001   1000000.0000000000        19934.561410138173        7.3627678485391071E-004   7.4136113615606641E-004   7.4623542520221430E-004   7.5341446072359761E-004   7.6847322447082429E-004   7.9016455350530387E-004   8.2429671375521777E-004   8.7657386009383682E-004   9.3003939550766071E-004   1.0613087177694307E-003   3.8211962864726322E-005
       10001   1000000.0000000000        21680.286565364473        7.8802084362857927E-004   7.9344139521978255E-004   7.9863795800608857E-004   8.0621345708898121E-004   8.2195941432925410E-004   8.4471186518754568E-004   8.8073484697171584E-004   9.3735091776573200E-004   9.9443688373358893E-004   1.1348517057913874E-003   4.1860223813950414E-005
       10001   1000000.0000000000        23578.889742579249        8.4258220592784143E-004   8.4835531556158215E-004   8.5389080508969928E-004   8.6188031777870231E-004   8.7832855368821219E-004   9.0216424416794878E-004   9.4013545780038347E-004   1.0013727581723972E-003   1.0622637841883518E-003   1.2124305240995400E-003   4.5816399899841672E-005
       10001   1000000.0000000000        25643.758896660285        9.0023581527576735E-004   9.0637944722109448E-004   9.1227219324025691E-004   9.2069555799005989E-004   9.3786430124099217E-004   9.6280889311871625E-004   1.0027922395975184E-003   1.0689582679539534E-003   1.1338505019161630E-003   1.2944391417624010E-003   5.0112758963370413E-005
       10001   1000000.0000000000        27889.454403043019        9.6127862491022619E-004   9.6781246518800180E-004   9.7408259256568221E-004   9.8296206728481226E-004   1.0008728076556781E-003   1.0269556164262718E-003   1.0690217473736498E-003   1.1404511768274277E-003   1.2095531505428327E-003   1.3812973327054681E-003   5.4785071222722318E-005
       10001   1000000.0000000000        30331.811729859663        1.0260312950334093E-003   1.0329768727252006E-003   1.0396464278163956E-003   1.0490068278161597E-003   1.0676844128075242E-003   1.0949384842901346E-003   1.1391650194202830E-003   1.2162217090661955E-003   1.2897561696859905E-003   1.4734521599520044E-003   5.9873075122466110E-005
       10001   1000000.0000000000        32988.053101364101        1.0948406770510993E-003   1.1022214965075465E-003   1.1093145865398678E-003   1.1191834385456366E-003   1.1386561655425526E-003   1.1671183374665998E-003   1.2135900661413620E-003   1.2966692413671605E-003   1.3748759457063965E-003   1.5713806568351345E-003   6.5421037990727503E-005
       10001   1000000.0000000000        35876.908940033594        1.1680830589058644E-003   1.1759247473717230E-003   1.1834676974579728E-003   1.1938754178300310E-003   1.2141751372952163E-003   1.2438861016626454E-003   1.2926951918957362E-003   1.3822259903871067E-003   1.4653653064758045E-003   1.6755936609865946E-003   7.1478419180142849E-005
       10001   1000000.0000000000        39018.749943694966        1.2461681463272376E-003   1.2544986211400070E-003   1.2625201531425792E-003   1.2735002572848953E-003   1.2946625006747597E-003   1.3256668794775957E-003   1.3769131132651408E-003   1.4733617118903547E-003   1.5617187651796403E-003   1.7866407552006723E-003   7.8100646758243262E-005
       10001   1000000.0000000000        42435.730729013565        1.3295437634512047E-003   1.3383934226128991E-003   1.3469248597749899E-003   1.3585142085878630E-003   1.3805783524255923E-003   1.4129247954808119E-003   1.4667158439028286E-003   1.5705893443934188E-003   1.6644784102963499E-003   1.9051162833823507E-003   8.5350023439962334E-005
       10001   1000000.0000000000        46151.946054241162        1.4187012689266716E-003   1.4281032085110767E-003   1.4371787095489288E-003   1.4494177978418195E-003   1.4724272728124047E-003   1.5061685821791525E-003   1.5626203273975030E-003   1.6744714871758880E-003   1.7742403704400400E-003   2.0316664316724037E-003   9.3296783476891189E-005
       10001   1000000.0000000000        50193.600722828931        1.5141816962231513E-003   1.5241719577387296E-003   1.5338287839218906E-003   1.5467620750006749E-003   1.5707646260523630E-003   1.6059579065941692E-003   1.6651948103554304E-003   1.7856275814451983E-003   1.8916618180836225E-003   2.1669973856782883E-003   1.0202033008955811E-004
       10001   1000000.0000000000        54589.194365971067        1.6165826351333434E-003   1.6272004855435972E-003   1.6374793041007436E-003   1.6511556142479096E-003   1.6762036143225226E-003   1.7129104440506619E-003   1.7750659528060833E-003   1.9047416797695540E-003   2.0174685084937004E-003   2.3118845854190810E-003   1.1161069360627641E-004
       10001   1000000.0000000000        59369.722407071960        1.7265658709362691E-003   1.7378541174239502E-003   1.7487993442867917E-003   1.7632722804446978E-003   1.7894230962743364E-003   1.8277097024047091E-003   1.8929266663373376E-003   2.0325707436880088E-003   2.1524628742463849E-003   2.4671830907253309E-003   1.2217026515131353E-004
       10001   1000000.0000000000        64568.894625233588        1.8448657834777909E-003   1.8568711240489991E-003   1.8685313083332282E-003   1.8838597617750049E-003   1.9111761646760437E-003   1.9511135807289538E-003   2.0195446458137205E-003   2.1699534877195037E-003   2.2975327037162625E-003   2.6338390316672606E-003   1.3381588163893562E-004
       10001   1000000.0000000000        70223.372858955801        1.9722984753180132E-003   1.9850718847311140E-003   1.9975001362538677E-003   2.0137488341037553E-003   2.0422994412477458E-003   2.0839636055121165E-003   2.1557715114448144E-003   2.3178198520447586E-003   2.4536604138585198E-003   2.8129020414516077E-003   1.4668136810763450E-004
       10001   1000000.0000000000        76373.029526213533        2.1097715410625501E-003   2.1233686890109564E-003   2.1366231483092215E-003   2.1538632631251022E-003   2.1837229846963040E-003   2.2271947191236587E-003   2.3025523979487107E-003   2.4772011823876866E-003   2.6219328706836636E-003   3.0055384453840537E-003   1.6092068751446024E-004
       10001   1000000.0000000000        83061.228783857878        2.2582943056710151E-003   2.2727760002462477E-003   2.2869203476837646E-003   2.3052301626145699E-003   2.3364806170033375E-003   2.3818453960884347E-003   2.4609357123557005E-003   2.6492410700874806E-003   2.8035516021155467E-003   3.2130448074328423E-003   1.7671191210488394E-004
       10001   1000000.0000000000        90335.132308930857        2.4189882491260318E-003   2.4344208928854111E-003   2.4495248891625901E-003   2.4689905122133866E-003   2.5017203547621843E-003   2.5490677344650690E-003   2.6320826332328980E-003   2.7569862935639296E-003   2.9998430802294128E-003   3.4368612283862949E-003   1.9426232245021110E-004
       10001   1000000.0000000000        98246.031858102593        2.5930972089276091E-003   2.6095532469598941E-003   2.6256932913094758E-003   2.6464094069920323E-003   2.6807144985119997E-003   2.7301370251172877E-003   2.8172757553335146E-003   2.9493716750725514E-003   3.2122685319804930E-003   3.6785835861729730E-003   2.1381507044928986E-004
       10001   1000000.0000000000        106849.71095026600        2.7819968371952885E-003   2.7995551661523736E-003   2.8168148504331965E-003   2.8388854909734374E-003   2.8748688126452363E-003   2.9264601724278421E-003   3.0179261290029847E-003   3.1576470011194513E-003   3.4424325081231404E-003   3.9399737930296986E-003   2.3565802351452447E-004
       10001   1000000.0000000000        116206.83822268601        2.9872027367164105E-003   3.0059490309805909E-003   3.0244196577343006E-003   3.0479589701121273E-003   3.0857301765564262E-003   3.1395822855303933E-003   3.2355778681456972E-003   3.3833721780169943E-003   3.6920892809416380E-003   4.2229672611934646E-003   2.6013565355470692E-004
       10001   1000000.0000000000        126383.39523444363        3.2103767929542856E-003   3.2304036897484651E-003   3.2501847104848569E-003   3.2753176918090795E-003   3.3149921931423282E-003   3.3711908755881233E-003   3.4719096100680829E-003   3.6282330630423546E-003   3.9631461841391821E-003   4.5296773361171543E-003   2.8766516351614007E-004
       10001   1000000.0000000000        137451.14173382093        3.4533315767353236E-003   3.4747386479293814E-003   3.4959379656086193E-003   3.5228011405769727E-003   3.5644986315073062E-003   3.6231175205610490E-003   3.7287325588284638E-003   3.8940345726516667E-003   4.2576634104076298E-003   4.8623977458313256E-003   3.1875847695440548E-004
       10001   1000000.0000000000        149488.12167044831        3.7180334724848116E-003   3.7409269004728503E-003   3.7636609695186783E-003   3.7924029938108052E-003   3.8362454237515185E-003   3.8973377754169445E-003   4.0079858341813962E-003   4.1826894872536210E-003   4.5778506741466236E-003   5.2236063658126419E-003   3.5405227749274118E-004
       10001   1000000.0000000000        162579.21352035040        4.0066066535067854E-003   4.0310985276486092E-003   4.0554921797758296E-003   4.0862743771091859E-003   4.1323835069712808E-003   4.1959718071958481E-003   4.3117317080283765E-003   4.4962054011276594E-003   4.9260625856188470E-003   5.6159768585152528E-003   3.9434901045546749E-004
       10001   1000000.0000000000        176816.72880448613        4.3213442056155502E-003   4.3475513902434086E-003   4.3737373354457154E-003   4.4067342384991257E-003   4.4552292459515150E-003   4.5212929891673701E-003   4.6421585218364512E-003   4.8366779398063683E-003   5.3047987163267665E-003   6.0424110134965573E-003   4.4067236189532412E-004
       10001   1000000.0000000000        192301.06302123182        4.6647246921568391E-003   4.6927671727113986E-003   4.7208850720141882E-003   4.7562849929409252E-003   4.8072806672076395E-003   4.8757428218844804E-003   5.0015896019148867E-003   5.2062880040611255E-003   5.7167001431968484E-003   6.5060860345332516E-003   4.9434358781893378E-004
       10001   1000000.0000000000        209141.40358283502        5.0394112052196136E-003   5.0694095621901386E-003   5.0996043235804062E-003   5.1376096900077510E-003   5.1912152726379919E-003   5.2619270872935340E-003   5.3924712674048372E-003   5.6072730654804070E-003   6.1645009858061475E-003   7.0104601791102584E-003   5.5709246645671410E-004
       10001   1000000.0000000000        227456.49974784054        5.4483118989575750E-003   5.4803842596870085E-003   5.5128037726449863E-003   5.5536317251009808E-003   5.6099530697746262E-003   5.6826817695742448E-003   5.8174363102956742E-003   6.0419778886687718E-003   6.6510332441621130E-003   7.5593044168153697E-003   6.3120486111245230E-004
       10001   1000000.0000000000        247375.49997864486        5.8946938171116356E-003   5.9289525334106589E-003   5.9637449216217598E-003   6.0076283434208162E-003   6.0667756374077186E-003   6.1411994935835776E-003   6.2794340437379616E-003   6.5129756392727058E-003   7.1792918811065210E-003   8.1566083281534134E-003   7.1972488524792394E-004
       10001   1000000.0000000000        269038.86262878962        6.3823519097409584E-003   6.4189002057172600E-003   6.4562106183772066E-003   6.5033994480106138E-003   6.5655023624067122E-003   6.6412180448714910E-003   6.7819302057450940E-003   7.0232646045672847E-003   7.7526457419837616E-003   8.8061546766643999E-003   8.2673686647492719E-004
       10001   1000000.0000000000        292599.34638167988        6.9158450425850643E-003   6.9547739817769237E-003   6.9947409874131939E-003   7.0455033367901598E-003   7.1107347480090424E-003   7.1872824943482868E-003   7.3291911003665611E-003   7.5765594899517962E-003   8.3752923543297091E-003   9.5107026436252878E-003   9.5776244539126100E-004
       10001   1000000.0000000000        318223.08742478525        7.5009387061608064E-003   7.5423261223557594E-003   7.5850789383196792E-003   7.6397024034898665E-003   7.7083124983940519E-003   7.7852292497761861E-003   7.9268119876871306E-003   8.1778573882583423E-003   9.0528760612215899E-003   1.0271672068844821E-002   1.1202955115873340E-003
       10001   1000000.0000000000        346090.77095499361        8.1453888908692654E-003   8.1893033039065460E-003   8.2349625297742837E-003   8.2937570074486846E-003   8.3661178727154600E-003   8.4430288028044271E-003   8.5826342413121461E-003   8.8344445130370507E-003   9.7929058068229897E-003   1.1091735108815257E-002   1.3244802476053712E-003
       10001   1000000.0000000000        376398.90527594875        8.8565736039158544E-003   8.9030552674776633E-003   8.9517110504768876E-003   9.0149821236403301E-003   9.0915840802287089E-003   9.1682281000610155E-003   9.3040675339126720E-003   9.5530212081417643E-003   1.0601469837625865E-002   1.1976894165392927E-002   1.5849014772347087E-003
       10001   1000000.0000000000        409361.20747165574        9.6457345929343730E-003   9.6948116920951739E-003   9.7465333850047485E-003   9.8145851097319221E-003   9.8960898813714396E-003   9.9724881638208317E-003   1.0102946339801968E-002   1.0345043512055833E-002   1.1489940951277124E-002   1.2948044523337452E-002   1.9216054339012451E-003
       10001   1000000.0000000000        445210.11042738560        1.0524170797224650E-002   1.0575842308229274E-002   1.0630655896966060E-002   1.0703749268282513E-002   1.0790956933287216E-002   1.0867460771593047E-002   1.0991235300258908E-002   1.1222202961863976E-002   1.2468427648169893E-002   1.4022729803724937E-002   2.3637244085071554E-003
       10001   1000000.0000000000        484198.40182460181        1.1506507731489247E-002   1.1560754778495184E-002   1.1618647994202026E-002   1.1696981839128061E-002   1.1790809974136712E-002   1.1868208235390525E-002   1.1984667587650800E-002   1.2200527632941265E-002   1.3031940621109074E-002   1.5198000316108714E-002   2.9528870805773681E-003
       10001   1000000.0000000000        526601.00666724879        1.2608739253209354E-002   1.2665523297160176E-002   1.2726440372413585E-002   1.2810114061804533E-002   1.2911510521368354E-002   1.2991032246520574E-002   1.3100454182451119E-002   1.3298092715601883E-002   1.4101845601417138E-002   1.6482219897999487E-002   3.7499084220597571E-003
       10001   1000000.0000000000        572716.92590884247        1.3846869241363280E-002   1.3906127018066953E-002   1.3969963867799858E-002   1.4058938790961786E-002   1.4168749749997928E-002   1.4251972911001935E-002   1.4355682105388536E-002   1.4533448522472500E-002   1.5290646137277323E-002   1.7911824156632623E-002   4.8449071495920244E-003
       10001   1000000.0000000000        622871.34485053364        1.5234004912481117E-002   1.5295634155962832E-002   1.5362228547973051E-002   1.5456289528283726E-002   1.5575091005585439E-002   1.5663743535708270E-002   1.5764056430902919E-002   1.5922223995719707E-002   1.6615013281199600E-002   1.9476015810432543E-002   6.3742763918804629E-003
       10001   1000000.0000000000        677417.92617748480        1.6779399640404671E-002   1.6843258215903680E-002   1.6912398002626894E-002   1.7011153592223549E-002   1.7139105649971807E-002   1.7234804561729482E-002   1.7334793465552396E-002   1.7475849051628595E-002   1.8090573132748426E-002   2.1196619305586716E-002   8.5463053347142118E-003
       10001   1000000.0000000000        736741.30380282935        1.8480815773045403E-002   1.8546700179529724E-002   1.8618110988645596E-002   1.8720991866171689E-002   1.8857706614319202E-002   1.8961631863204289E-002   1.9064620944861641E-002   1.9192964638729448E-002   1.9722877859519473E-002   2.3058662413902229E-002   1.1672347131649330E-002
       10001   1000000.0000000000        801259.79510451166        2.0315395180082688E-002   2.0383005957890100E-002   2.0456321685518048E-002   2.0562577137612510E-002   2.0707040934580218E-002   2.0819629362428631E-002   2.0928560869617665E-002   2.1049729636122311E-002   2.1496473752838870E-002   2.5040347942737188E-002   1.6140400272054774E-002
       10001   1000000.0000000000        871428.35068025719        2.2234353882285295E-002   2.2303284604474567E-002   2.2378037911982940E-002   2.2486769386999790E-002   2.2637396130272901E-002   2.2758162983108458E-002   2.2875018491529002E-002   2.2994685296992536E-002   2.3368296294114407E-002   2.7091271992155049E-002   2.2114884281348543E-002
       10001   1000000.0000000000        947741.76242084394        2.4163258481247753E-002   2.4233021212224523E-002   2.4308668707307399E-002   2.4418906069468640E-002   2.4573748641525575E-002   2.4701324848317118E-002   2.4826737800015687E-002   2.4949671722780609E-002   2.5266606879827132E-002   2.9142406736035031E-002   2.8898514246788021E-002
       10001   1000000.0000000000        1030738.1525232699        2.6052786581976520E-002   2.6123094154798090E-002   2.6199317729536587E-002   2.6310474112447024E-002   2.6468011352846935E-002   2.6600758926035140E-002   2.6734207988275947E-002   2.6863671645019717E-002   2.7144852297054264E-002   2.9769317063860153E-002   3.4991749096019160E-002
       10001   1000000.0000000000        1121002.7680465493        2.7937987960809020E-002   2.8009305150173507E-002   2.8086604811446883E-002   2.8199336022871658E-002   2.8359850238543718E-002   2.8497154029334285E-002   2.8637951024439504E-002   2.8775604668450427E-002   2.9043727452823260E-002   3.1520680275870711E-002   3.9159171926270879E-002
       10001   1000000.0000000000        1219172.1077673580        2.8049717861556446E-002   2.8121317704617978E-002   2.8198898827315459E-002   2.8311980475710326E-002   2.8472802344377011E-002   2.8610130653495509E-002   2.8750583075097320E-002   2.8887041030477120E-002   2.9158497548853912E-002   3.2029789431476031E-002   3.6224894525400203E-002
       10001   1000000.0000000000        1325938.4104359150        2.4002231667300040E-002   2.4068154419866778E-002   2.4139553987767296E-002   2.4243490587529046E-002   2.4389969303860930E-002   2.4512083262448435E-002   2.4632866743523479E-002   2.4747512400842470E-002   2.5055448438323826E-002   2.9260535536883667E-002   2.2362885169012803E-002
       10001   1000000.0000000000        1442054.5360809742        1.3881068638488370E-002   1.3926689410470667E-002   1.3976073067642689E-002   1.4047485850175456E-002   1.4144223980670273E-002   1.4218662569378777E-002   1.4288042425134309E-002   1.4372056660566662E-002   1.5006642018305745E-002   1.5311733771629768E-002   4.7316552873540967E-003
       10001   1000000.0000000000        1568339.2747843021        9.7071729474950980E-003   9.7410643581905404E-003   9.7777319096333179E-003   9.8304844818161985E-003   9.9004440401610060E-003   9.9526813016140130E-003   1.0004387554190142E-002   1.0096839418737319E-002   1.0989199466787126E-002   1.0251259369410766E-002   2.2196772235983757E-003
       10001   1000000.0000000000        1705683.1203593500        9.2532165784056600E-003   9.2837192551500896E-003   9.3167371323570492E-003   9.3644756592741150E-003   9.4291000973916305E-003   9.4787970476706371E-003   9.5262011841891186E-003   9.5940040122907671E-003   1.0237356214024310E-002   9.7269280952998263E-003   2.9223487171703864E-003
       10001   1000000.0000000000        1855054.5496470677        9.1017001298340037E-003   9.1302489140800795E-003   9.1611587775330162E-003   9.2059794511410234E-003   9.2675428766287662E-003   9.3160806722023329E-003   9.3621273560757917E-003   9.4174187342214739E-003   9.8836403942969813E-003   9.5523679389550448E-003   3.7727938822648766E-003
       10001   1000000.0000000000        2017506.8517071931        9.0855328518594757E-003   9.1139000359000914E-003   9.1446137172969035E-003   9.1891593896008348E-003   9.2504176318959821E-003   9.2988205936379645E-003   9.3446909121903225E-003   9.3982076627846314E-003   9.8278127935872359E-003   9.5669695817687701E-003   3.8739331160735145E-003
       10001   1000000.0000000000        2194185.5550608300        8.2116091880162050E-003   8.2388125923972752E-003   8.2682581506076935E-003   8.3108158845015354E-003   8.3683280844455473E-003   8.4124189490785550E-003   8.4539517806243789E-003   8.5092561650560884E-003   8.9814637303462837E-003   8.7782742696567561E-003   2.5800517436284343E-003
       10001   1000000.0000000000        2386336.5053574229        6.1265875425941052E-003   6.1495899757988207E-003   6.1744437980871224E-003   6.2098609126139664E-003   6.2553281795977326E-003   6.2878956335180244E-003   6.3202090984427950E-003   6.3774274676175313E-003   6.8115662635070875E-003   7.0532514970968021E-003   1.1068191119932042E-003
       10001   1000000.0000000000        2595314.6504255468        4.1374902096405382E-003   4.1551343683292278E-003   4.1741355236994144E-003   4.2005899735170736E-003   4.2329411311393455E-003   4.2567737177192939E-003   4.2860352403902629E-003   4.3373718634229187E-003   4.5626430704371135E-003   5.7026100128742202E-003   1.1958602003697496E-003
       10001   1000000.0000000000        2822593.5946550933        1.5956604165001365E-003   1.6046007923795945E-003   1.6152601598978676E-003   1.6413457975190300E-003   1.7164600378200350E-003   1.8011141091960337E-003   1.8803678238421254E-003   1.9536455017401698E-003   1.9697520766406998E-003   2.3184882596563022E-003   2.0012734491825778E-004
       10001   1000000.0000000000        3069775.9900833662        4.8581998695635634E-004   4.9675170145433312E-004   5.2138926852441042E-004   5.7289802546407992E-004   6.4368845280079535E-004   6.7988482206367230E-004   7.5425414272847627E-004   6.3857617434447220E-004   5.9544491386865836E-004   8.7181900735942505E-004   1.7938936903448412E-005
       10001   1000000.0000000000        3338604.8374575973        1.7694012423165369E-004   1.9026989547755278E-004   2.1250239643083775E-004   2.4302844404980835E-004   2.5668059837958347E-004   2.7844035742042846E-004   1.5446345785147058E-004   1.9146258847239117E-004   1.8469471348365514E-004   4.0298413856959954E-004   1.4140240461999668E-006
       10001   1000000.0000000000        3630975.7769629848        3.9518126247856153E-005   4.5999188961410956E-005   5.0562064698222313E-005   5.2588614075600894E-005   4.6070207633227341E-005   4.2679303528322928E-005   4.7019278810129415E-005   4.2582885237656209E-005   6.8961969810491305E-005   8.5555251694200668E-005   1.1384101902435017E-007
       10001   1000000.0000000000        3948950.4552841196        3.0000458782542046E-006   3.4082154141742538E-006   3.7317341728917187E-006   4.0297716611609400E-006   3.6747601695000139E-006   3.5070431837831333E-006   4.6200291249510909E-006   3.9646475257102088E-006   7.4510631161348224E-006   7.1884335257902276E-006   6.6848383052869056E-009
       10001   1000000.0000000000        4294771.0632572537        1.3426673942877925E-007   1.5246570398244352E-007   1.6755308500773808E-007   1.8098094148379605E-007   1.6082867275895655E-007   1.5724254141269690E-007   2.0552605254612533E-007   1.8112968429611856E-007   3.3416802548073478E-007   3.2182526985380615E-007   3.0007242856471440E-010
       10001   1000000.0000000000        4670876.1466253446        5.8071985766951581E-009   6.5939877044698148E-009   7.2510583732342637E-009   7.8324889688455895E-009   6.9507312163694014E-009   6.8037704430101697E-009   8.8825881245221765E-009   7.8589567128178358E-009   1.4458186032486563E-008   1.3920365949797642E-008   1.2985394268612028E-011
       10001   1000000.0000000000        5079917.8013849705        2.4461975310889857E-010   2.7868492684016567E-010   3.0186726305019347E-010   3.2568049693130506E-010   2.6087223945504400E-010   2.8927458914357328E-010   4.0038082682002567E-010   2.9912545738937867E-010   6.0355094721589880E-010   5.8620350179066775E-010   5.4099938581304488E-013
       10001   1000000.0000000000        5524780.3749778615        9.8725650913733251E-012   1.1293273982875602E-011   1.2124280942614289E-011   1.3067664762752628E-011   9.5134519417865686E-012   1.1324120652804717E-011   1.8101136583940260E-011   1.1154782271907158E-011   2.4213191292420286E-011   2.3694613191686181E-011   2.1729294419195886E-014
       10001   1000000.0000000000        6008600.8051978257        4.1094816186247688E-013   4.6476940292917812E-013   5.3109751556956316E-013   5.3478679903535459E-013   4.3841225231868155E-013   4.3539623678629378E-013   5.0131981850723090E-013   1.9879692203814473E-013   7.3011607150238439E-013   1.0417729149696804E-012   8.2950386276453096E-016
       10001   1000000.0000000000        6534790.7402325803        3.3136476591197633E-014   3.7540849253069673E-014   3.2847433222678654E-014   2.9792259688116674E-014   3.0875611818463906E-014   1.3635280943451699E-014   3.5183803618555174E-014   4.9313477489755046E-014   1.3395280888771363E-014   4.1560182768004995E-014   2.8661752559797923E-017
       10001   1000000.0000000000        7107060.5958192665        2.5965463323388856E-015   2.5308963390586858E-015   3.2043577115335995E-015   3.3259898955260123E-015   5.2178677471009339E-015   2.2244589591701302E-015   5.6656791907775212E-016   1.6394219921797004E-016   1.9173643382837781E-017   6.6351022237676116E-016   9.9671961274099899E-019
       10001   1000000.0000000000        7729445.7191523332        1.4202022494356844E-016   5.0503486258386721E-016   3.2120771458525733E-016   4.0848869558337524E-017   6.2355634829406351E-018   1.7876667686324383E-018   5.8971873360605081E-019   2.2584769566052552E-019   1.1255295724099938E-019   2.0814064708791289E-017   3.4330269780494693E-020
       10001   1000000.0000000000        8406334.8440376241        6.1272754478634002E-018   9.1157261021030026E-019   1.9368889020980057E-019   3.9523398542735917E-020   8.8595897603508654E-021   4.0416530918101927E-021   2.6017636022014112E-021   2.1098320577882264E-021   3.1110345233316641E-021   6.8635449663234271E-019   1.1422442280287746E-021
       10001   1000000.0000000000        9142501.0379438680        5.2391710864789147E-021   1.1210763384953043E-021   3.5237789421830197E-022   1.5840987636108548E-022   9.3769949954021368E-023   7.4332712663323276E-023   6.6610177052929689E-023   6.2866616206149792E-023   1.0001792656068717E-022   2.1964018669061165E-020   3.6601303814080726E-023
       10001   1000000.0000000000        9943135.3591737300        2.6878005165980911E-023   1.2547897261820275E-023   7.4595069618632592E-024   5.4886646572406983E-024   4.1085476889984204E-024   3.4989712522853029E-024   3.1858027624580841E-024   3.0092656017279417E-024   4.1435551817343810E-024   6.7456343147315076E-022   1.1390210769819481E-024
       10001   1000000.0000000000        10813883.461487234        3.9617190350602485E-024   2.9657516011503885E-024   2.4998925208484498E-024   2.0102634876921771E-024   1.6607103070570365E-024   1.4810258922093387E-024   1.3436848624687497E-024   1.2546794272033844E-024   1.2593619263609322E-024   1.7457228114950080E-023   4.1947769539936128E-026
       10001   1000000.0000000000        11760885.404294103        3.6811053760881564E-023   2.7541354970536995E-023   2.2271829115172924E-023   1.6967640782085772E-023   1.3469801882420826E-023   1.1535533055465084E-023   9.9278918316458957E-024   8.7377244685668386E-024   7.1492529504111006E-024   2.2988085914508559E-024   1.0965444275835315E-026
       10001   1000000.0000000000        12790818.949135916        6.8394340409619561E-023   4.9399265033996933E-023   3.8178414624932711E-023   2.8022913348890096E-023   2.1541197573670278E-023   1.7868763730198518E-023   1.4766983629718426E-023   1.2359802087444535E-023   8.4699723521727458E-024   1.4213357836658241E-024   6.1510051032454934E-027
       10001   1000000.0000000000        13910946.647761630        6.9211899391975368E-023   4.9949376502966809E-023   3.8564470672057492E-023   2.8283214106657494E-023   2.1725817821345905E-023   1.8009124557340572E-023   1.4869261302507337E-023   1.2430823959762995E-023   8.4824659332309534E-024   1.4097167130269411E-024   6.0878313122319521E-027
       10001   1000000.0000000000        15129167.053837782        6.8371288406701671E-023   4.9378812463209111E-023   3.8162342866973608E-023   2.8011856116231913E-023   2.1533824091584940E-023   1.7864233437556415E-023   1.4765083090833940E-023   1.2360401903560993E-023   8.4752429158920560E-024   1.4237165043185296E-024   6.1648916847456834E-027
       10001   1000000.0000000000        16454070.419410402        6.8359864252865491E-023   4.9371333888740528E-023   3.8157382650232098E-023   2.8008303159893917E-023   2.1530967518929438E-023   1.7861675643677486E-023   1.4762793181792347E-023   1.2358299187801240E-023   8.4734278910702130E-024   1.4229076431541544E-024   6.1619841837944754E-027
       10001   1000000.0000000000        17894999.268861804        6.8364495052115604E-023   4.9374687281730812E-023   3.8159979271958258E-023   2.8009907923382672E-023   2.1531854029147509E-023   1.7862051729128246E-023   1.4762734978069570E-023   1.2357855135891539E-023   8.4722144943087671E-024   1.4220961926309108E-024   6.1586447038159221E-027
       10001   1000000.0000000000        19462114.277498070        6.8362518264769840E-023   4.9373483135587338E-023   3.8159284270567131E-023   2.8009339170948265E-023   2.1531284460861698E-023   1.7861425521166275E-023   1.4762064473099852E-023   1.2357130741967395E-023   8.4713583023793857E-024   1.4216396227917663E-024   6.1568860148466796E-027
       10001   1000000.0000000000        21166465.919307370        6.8354620390308409E-023   4.9368223026492847E-023   3.8155675373041790E-023   2.8006841965528040E-023   2.1529412148727226E-023   1.7859886994149630E-023   1.4760816652957213E-023   1.2356112166801554E-023   8.4707505033325090E-024   1.4214637660450513E-024   6.1563798685324690E-027
       10001   1000000.0000000000        23020072.389113221        6.8343206496395292E-023   4.9360572989419192E-023   3.8150346961268590E-023   2.8003216192584676E-023   2.1526788631372401E-023   1.7857833000840548E-023   1.4759254217447939E-023   1.2354948094446333E-023   8.4703238105775954E-024   1.4214817282552253E-024   6.1567011756453801E-027
       10001   1000000.0000000000        25036004.348587755        6.8330432608223185E-023   4.9352020842321003E-023   3.8144361175375120E-023   2.7999175406156793E-023   2.1523910082040985E-023   1.7855625838768202E-023   1.4757623321900380E-023   1.2353786459642972E-023   8.4700408025872185E-024   1.4216285382765793E-024   6.1575219966887654E-027
       10001   1000000.0000000000        27228477.093709577        6.8317541524418425E-023   4.9343424603439605E-023   3.8138329542742416E-023   2.7995131580380144E-023   2.1521064588168771E-023   1.7853477613227430E-023   1.4756070035353000E-023   1.2352717530393476E-023   8.4698867767477010E-024   1.4218712651754031E-024   6.1586696722618908E-027
       10001   1000000.0000000000        29612950.793583296        6.8305055782051330E-023   4.9335145910829327E-023   3.8132508511646866E-023   2.7991259091541114E-023   2.1518376314458330E-023   1.7851482092155488E-023   1.4754661526479367E-023   1.2351786041264503E-023   8.4698647369074094E-024   1.4222022195126553E-024   6.1600935972667587E-027
       10001   1000000.0000000000        32206239.507452108        6.8293070806918253E-023   4.9327252785891801E-023   3.8126944514267020E-023   2.7987592023442619E-023   2.1515872877992088E-023   1.7849663532857096E-023   1.4753418797562096E-023   1.2351010278270875E-023   8.4699886812059140E-024   1.4226292561651533E-024   6.1618170214707164E-027
       10001   1000000.0000000000        35026629.748634435        6.8281495281999540E-023   4.9319686230661503E-023   3.8121593243330054E-023   2.7984104228406311E-023   2.1513540805889800E-023   1.7848016860199637E-023   1.4752343591748211E-023   1.2350397712274403E-023   8.4702779388808080E-024   1.4231678190447155E-024   6.1638971994154362E-027
       10001   1000000.0000000000        38094009.431434512        6.8270224358355826E-023   4.9312380311108417E-023   3.8116405364603566E-023   2.7980767139360849E-023   2.1511365985906160E-023   1.7846537419154727E-023   1.4751438826604040E-023   1.2349957530165148E-023   8.4707548503367834E-024   1.4238363258737605E-024   6.1664007859295715E-027
       10001   1000000.0000000000        41430008.110294931        6.8259238612520008E-023   4.9305331134603619E-023   3.8111375375283909E-023   2.7977583239952203E-023   2.1509357781933434E-023   1.7845239438712471E-023   1.4750722073377260E-023   1.2349709893849056E-023   8.4714462415496556E-024   1.4246554229471155E-024   6.1693964554855137E-027
       10001   1000000.0000000000        45058149.500081860        6.8248635978427957E-023   4.9298620213716201E-023   3.8106557644090536E-023   2.7974597972477371E-023   2.1507558772541595E-023   1.7844164608683429E-023   1.4750232978301947E-023   1.2349692367779264E-023   8.4723882940551046E-024   1.4256508905388197E-024   6.1729631863659412E-027
       10001   1000000.0000000000        49004017.352997556        6.8238618649501324E-023   4.9292407907405838E-023   3.8102060866785876E-023   2.7971897785939696E-023   2.1506045619537606E-023   1.7843384900884442E-023   1.4750037533631476E-023   1.2349965364281392E-023   8.4736347078762873E-024   1.4268598898388867E-024   6.1772117165037787E-027
       10001   1000000.0000000000        53295435.861797445        6.8229461460011679E-023   4.9286915978530781E-023   3.8098034382149085E-023   2.7969603775787153E-023   2.1504928141555359E-023   1.7843005274499070E-023   1.4750233530573787E-023   1.2350619810675005E-023   8.4752693536799537E-024   1.4283410609678033E-024   6.1823193260189449E-027
       10001   1000000.0000000000        57962665.861418702        6.8221484841549922E-023   4.9282416742108161E-023   3.8094658393430231E-023   2.7967869998311228E-023   2.1504354131558099E-023   1.7843172953288534E-023   1.4750963002474106E-023   1.2351792064584774E-023   8.4774272504357269E-024   1.4301909922979945E-024   6.1885849939729879E-027
       10001   1000000.0000000000        63038618.212534659        6.8215050678518534E-023   4.9279245021633715E-023   3.8092148679769633E-023   2.7966895866570517E-023   2.1504529291729572E-023   1.7844102857097450E-023   1.4752441095118401E-023   1.2353695301650789E-023   8.4803333539246531E-024   1.4325739600011141E-024   6.1965266074460726E-027
       10001   1000000.0000000000        68559085.871700674        6.8210601073667055E-023   4.9277855696397830E-023   3.8090789653164210E-023   2.7966967612095808E-023   2.1505769688015774E-023   1.7846138627271848E-023   1.4755021758916473E-023   1.2356688347935173E-023   8.4843828633863589E-024   1.4357827181175564E-024   6.2070774391223981E-027
       10001   1000000.0000000000        74562996.284531817        6.8208782551608803E-023   4.9278981394953315E-023   3.8091028056124969E-023   2.7968566314807267E-023   2.1508632224642429E-023   1.7849901172802561E-023   1.4759355496936626E-023   1.2361439334397593E-023   8.4903290787405375E-024   1.4403803015290405E-024   6.2220433975012953E-027
       10001   1000000.0000000000        81092685.881652892        6.8210791830778261E-023   4.9284067860174748E-023   3.8093732116853310E-023   2.7972665099417220E-023   2.1514272495897889E-023   1.7856695502357634E-023   1.4766821012004876E-023   1.2369373212526827E-023   8.4997967757962110E-024   1.4475884781436084E-024   6.2453574645535867E-027
       10001   1000000.0000000000        88194198.613027439        6.8219502084050587E-023   4.9296728246041039E-023   3.8101052455278941E-023   2.7981729650259499E-023   2.1525659149621114E-023   1.7869896619983496E-023   1.4780999275715475E-023   1.2384202784854766E-023   8.5170453541332122E-024   1.4606291545262058E-024   6.2874258844258477E-027
       10001   1000000.0000000000        95917610.625768691        6.8244649846676266E-023   4.9329785513323635E-023   3.8120547867170934E-023   2.8004634069432365E-023   2.1553627433384116E-023   1.7901905456033495E-023   1.4815104156175668E-023   1.2419670722727735E-023   8.5579457989415650E-024   1.4916241885390901E-024   6.3876264180642440E-027
