  0.33999998867511749       0.51500000059604645       0.73000001907348633        1.0850000381469727        1.6700000166893005        2.2599999904632568        3.0000000000000000        3.9500000476837158        6.5499999523162842        14.349999904632568        172.33999633789062     
       10001   1000000.0000000000        10.431738337489184        0.0000000000000000        0.0000000000000000        0.0000000000000000        0.0000000000000000        0.0000000000000000        0.0000000000000000        0.0000000000000000        0.0000000000000000        0.0000000000000000        0.0000000000000000        0.0000000000000000     
       10001   1000000.0000000000        11.345274765696345        0.0000000000000000        0.0000000000000000        0.0000000000000000        0.0000000000000000        0.0000000000000000        0.0000000000000000        0.0000000000000000        0.0000000000000000        0.0000000000000000        0.0000000000000000        0.0000000000000000     
       10001   1000000.0000000000        12.338812127464312        0.0000000000000000        0.0000000000000000        0.0000000000000000        0.0000000000000000        0.0000000000000000        0.0000000000000000        0.0000000000000000        0.0000000000000000        0.0000000000000000        0.0000000000000000        0.0000000000000000     
       10001   1000000.0000000000        13.419356327728012        0.0000000000000000        0.0000000000000000        0.0000000000000000        0.0000000000000000        0.0000000000000000        0.0000000000000000        0.0000000000000000        0.0000000000000000        0.0000000000000000        0.0000000000000000        0.0000000000000000     
       10001   1000000.0000000000        14.594526798062295        0.0000000000000000        0.0000000000000000        0.0000000000000000        0.0000000000000000        0.0000000000000000        0.0000000000000000        0.0000000000000000        0.0000000000000000        0.0000000000000000        0.0000000000000000        0.0000000000000000     
       10001   1000000.0000000000        15.872610224921379        0.0000000000000000        0.0000000000000000        0.0000000000000000        0.0000000000000000        0.0000000000000000        0.0000000000000000        0.0000000000000000        0.0000000000000000        0.0000000000000000        0.0000000000000000        0.0000000000000000     
       10001   1000000.0000000000        17.262618983009986        0.0000000000000000        0.0000000000000000        0.0000000000000000        0.0000000000000000        0.0000000000000000        0.0000000000000000        0.0000000000000000        0.0000000000000000        0.0000000000000000        0.0000000000000000        0.0000000000000000     
       10001   1000000.0000000000        18.774354685828140        0.0000000000000000        0.0000000000000000        0.0000000000000000        0.0000000000000000        0.0000000000000000        0.0000000000000000        0.0000000000000000        0.0000000000000000        0.0000000000000000        0.0000000000000000        0.0000000000000000     
       10001   1000000.0000000000        20.418477301514223        0.0000000000000000        0.0000000000000000        0.0000000000000000        0.0000000000000000        0.0000000000000000        0.0000000000000000        0.0000000000000000        0.0000000000000000        0.0000000000000000        0.0000000000000000        0.0000000000000000     
       10001   1000000.0000000000        22.206580321355077        0.0000000000000000        0.0000000000000000        0.0000000000000000        0.0000000000000000        0.0000000000000000        0.0000000000000000        0.0000000000000000        0.0000000000000000        0.0000000000000000        0.0000000000000000        0.0000000000000000     
       10001   1000000.0000000000        24.151272511012497        0.0000000000000000        0.0000000000000000        0.0000000000000000        0.0000000000000000        0.0000000000000000        0.0000000000000000        0.0000000000000000        0.0000000000000000        0.0000000000000000        0.0000000000000000        0.0000000000000000     
       10001   1000000.0000000000        26.266266820932874        0.0000000000000000        0.0000000000000000        0.0000000000000000        0.0000000000000000        0.0000000000000000        0.0000000000000000        0.0000000000000000        0.0000000000000000        0.0000000000000000        0.0000000000000000        0.0000000000000000     
       10001   1000000.0000000000        28.566477082888710        0.0000000000000000        0.0000000000000000        0.0000000000000000        0.0000000000000000        0.0000000000000000        0.0000000000000000        0.0000000000000000        0.0000000000000000        0.0000000000000000        0.0000000000000000        0.0000000000000000     
       10001   1000000.0000000000        31.068123174506820        0.0000000000000000        0.0000000000000000        0.0000000000000000        0.0000000000000000        0.0000000000000000        0.0000000000000000        0.0000000000000000        0.0000000000000000        0.0000000000000000        0.0000000000000000        0.0000000000000000     
       10001   1000000.0000000000        33.788845393347479        0.0000000000000000        0.0000000000000000        0.0000000000000000        0.0000000000000000        0.0000000000000000        0.0000000000000000        0.0000000000000000        0.0000000000000000        0.0000000000000000        0.0000000000000000        0.0000000000000000     
       10001   1000000.0000000000        36.747828847040090        0.0000000000000000        0.0000000000000000        0.0000000000000000        0.0000000000000000        0.0000000000000000        0.0000000000000000        0.0000000000000000        0.0000000000000000        0.0000000000000000        0.0000000000000000        0.0000000000000000     
       10001   1000000.0000000000        39.965938736611179        0.0000000000000000        0.0000000000000000        0.0000000000000000        0.0000000000000000        0.0000000000000000        0.0000000000000000        0.0000000000000000        0.0000000000000000        0.0000000000000000        0.0000000000000000        0.0000000000000000     
       10001   1000000.0000000000        43.465867486949911        0.0000000000000000        0.0000000000000000        0.0000000000000000        0.0000000000000000        0.0000000000000000        0.0000000000000000        0.0000000000000000        0.0000000000000000        0.0000000000000000        0.0000000000000000        0.0000000000000000     
       10001   1000000.0000000000        47.272294761899261        0.0000000000000000        0.0000000000000000        0.0000000000000000        0.0000000000000000        0.0000000000000000        0.0000000000000000        0.0000000000000000        0.0000000000000000        0.0000000000000000        0.0000000000000000        0.0000000000000000     
       10001   1000000.0000000000        51.412061492314940        0.0000000000000000        0.0000000000000000        0.0000000000000000        0.0000000000000000        0.0000000000000000        0.0000000000000000        0.0000000000000000        0.0000000000000000        0.0000000000000000        0.0000000000000000        0.0000000000000000     
       10001   1000000.0000000000        55.914359144247676        0.0000000000000000        0.0000000000000000        0.0000000000000000        0.0000000000000000        0.0000000000000000        0.0000000000000000        0.0000000000000000        0.0000000000000000        0.0000000000000000        0.0000000000000000        0.0000000000000000     
       10001   1000000.0000000000        60.810935561867311        0.0000000000000000        0.0000000000000000        0.0000000000000000        0.0000000000000000        0.0000000000000000        0.0000000000000000        0.0000000000000000        0.0000000000000000        0.0000000000000000        0.0000000000000000        0.0000000000000000     
       10001   1000000.0000000000        66.136318836625861        0.0000000000000000        0.0000000000000000        0.0000000000000000        0.0000000000000000        0.0000000000000000        0.0000000000000000        0.0000000000000000        0.0000000000000000        0.0000000000000000        0.0000000000000000        0.0000000000000000     
       10001   1000000.0000000000        71.928060781269068        0.0000000000000000        0.0000000000000000        0.0000000000000000        0.0000000000000000        0.0000000000000000        0.0000000000000000        0.0000000000000000        0.0000000000000000        0.0000000000000000        0.0000000000000000        0.0000000000000000     
       10001   1000000.0000000000        78.227001725545264        0.0000000000000000        0.0000000000000000        0.0000000000000000        0.0000000000000000        0.0000000000000000        0.0000000000000000        0.0000000000000000        0.0000000000000000        0.0000000000000000        0.0000000000000000        0.0000000000000000     
       10001   1000000.0000000000        85.077558500813126        0.0000000000000000        0.0000000000000000        0.0000000000000000        0.0000000000000000        0.0000000000000000        0.0000000000000000        0.0000000000000000        0.0000000000000000        0.0000000000000000        0.0000000000000000        0.0000000000000000     
       10001   1000000.0000000000        92.528037644265609        0.0000000000000000        0.0000000000000000        0.0000000000000000        0.0000000000000000        0.0000000000000000        0.0000000000000000        0.0000000000000000        0.0000000000000000        0.0000000000000000        0.0000000000000000        0.0000000000000000     
       10001   1000000.0000000000        100.63097603132084        0.0000000000000000        0.0000000000000000        0.0000000000000000        0.0000000000000000        0.0000000000000000        0.0000000000000000        0.0000000000000000        0.0000000000000000        0.0000000000000000        0.0000000000000000        0.0000000000000000     
       10001   1000000.0000000000        109.44351133814270        0.0000000000000000        0.0000000000000000        0.0000000000000000        0.0000000000000000        0.0000000000000000        0.0000000000000000        0.0000000000000000        0.0000000000000000        0.0000000000000000        0.0000000000000000        0.0000000000000000     
       10001   1000000.0000000000        119.02778494659654        0.0000000000000000        0.0000000000000000        0.0000000000000000        0.0000000000000000        0.0000000000000000        0.0000000000000000        0.0000000000000000        0.0000000000000000        0.0000000000000000        0.0000000000000000        0.0000000000000000     
       10001   1000000.0000000000        129.45138013271696        0.0000000000000000        0.0000000000000000        0.0000000000000000        0.0000000000000000        0.0000000000000000        0.0000000000000000        0.0000000000000000        0.0000000000000000        0.0000000000000000        0.0000000000000000        0.0000000000000000     
       10001   1000000.0000000000        140.78779862856183        0.0000000000000000        0.0000000000000000        0.0000000000000000        0.0000000000000000        0.0000000000000000        0.0000000000000000        0.0000000000000000        0.0000000000000000        0.0000000000000000        0.0000000000000000        0.0000000000000000     
       10001   1000000.0000000000        153.11697891791701        0.0000000000000000        0.0000000000000000        0.0000000000000000        0.0000000000000000        0.0000000000000000        0.0000000000000000        0.0000000000000000        0.0000000000000000        0.0000000000000000        0.0000000000000000        0.0000000000000000     
       10001   1000000.0000000000        166.52585992060216        0.0000000000000000        0.0000000000000000        0.0000000000000000        0.0000000000000000        0.0000000000000000        0.0000000000000000        0.0000000000000000        0.0000000000000000        0.0000000000000000        0.0000000000000000        0.0000000000000000     
       10001   1000000.0000000000        181.10899404018389        0.0000000000000000        0.0000000000000000        0.0000000000000000        0.0000000000000000        0.0000000000000000        0.0000000000000000        0.0000000000000000        0.0000000000000000        0.0000000000000000        0.0000000000000000        0.0000000000000000     
       10001   1000000.0000000000        196.96921389798786        0.0000000000000000        0.0000000000000000        0.0000000000000000        0.0000000000000000        0.0000000000000000        0.0000000000000000        0.0000000000000000        0.0000000000000000        0.0000000000000000        0.0000000000000000        0.0000000000000000     
       10001   1000000.0000000000        214.21835745486533        0.0000000000000000        0.0000000000000000        0.0000000000000000        0.0000000000000000        0.0000000000000000        0.0000000000000000        0.0000000000000000        0.0000000000000000        0.0000000000000000        0.0000000000000000        0.0000000000000000     
       10001   1000000.0000000000        232.97805663390125        0.0000000000000000        0.0000000000000000        0.0000000000000000        0.0000000000000000        0.0000000000000000        0.0000000000000000        0.0000000000000000        0.0000000000000000        0.0000000000000000        0.0000000000000000        0.0000000000000000     
       10001   1000000.0000000000        253.38059500500913        0.0000000000000000        0.0000000000000000        0.0000000000000000        0.0000000000000000        0.0000000000000000        0.0000000000000000        0.0000000000000000        0.0000000000000000        0.0000000000000000        0.0000000000000000        0.0000000000000000     
       10001   1000000.0000000000        275.56984057935517        0.0000000000000000        0.0000000000000000        0.0000000000000000        0.0000000000000000        0.0000000000000000        0.0000000000000000        0.0000000000000000        0.0000000000000000        0.0000000000000000        0.0000000000000000        0.0000000000000000     
       10001   1000000.0000000000        299.70226029120391       0.50871232954975110       0.48994592438235507       0.47021777135978476       0.48807542705629237       0.45688718725857530       0.49744889359865324       0.51245377765586897       0.48385139517271697       0.35391377104551280       0.13669058288533853        1.1538737063136989E-003
       10001   1000000.0000000000        325.94802332075642       0.51186549060959907       0.49434389768102577       0.47547048233722966       0.49526530738250413       0.45507583550107639       0.47999517920694429       0.50215550795547048       0.48607038912525302       0.37596244724575645       0.16305209632048501        1.4415849026541655E-003
       10001   1000000.0000000000        354.49220103805158       0.51427883293957777       0.49929832279809111       0.48116558680497140       0.49759266934139673       0.45752002788745288       0.46980970401976407       0.49291809079062154       0.49000027195883450       0.39469006925453048       0.19206933579913257        1.7897170309834724E-003
       10001   1000000.0000000000        385.53607202931107       0.51626696375612746       0.50341009347704146       0.48564697536658269       0.49817959556664909       0.46679814253371837       0.46186426847681344       0.48672151465774327       0.49141153719562097       0.41001502234812187       0.22305188387338598        2.2039906644544935E-003
       10001   1000000.0000000000        419.29854140806611       0.51762595503009190       0.50683729968640612       0.48952494295775822       0.49989202834094337       0.47602295745728407       0.45772523380703384       0.47682316140733572       0.48673194836962991       0.42155588357566437       0.25494909430873558        2.6860921751691458E-003
       10001   1000000.0000000000        456.01768441933399       0.51853962103161855       0.50997650489731772       0.49371528929911734       0.50338775442670247       0.48473114592776251       0.46030388254737464       0.46802486456766085       0.48029404012381799       0.42954850534219013       0.28643886561410747        3.2314174830960752E-003
       10001   1000000.0000000000        495.95242522150778       0.51905819029301681       0.51250518027825331       0.49790921976549951       0.47442539942122536       0.49037214884572977       0.46420360914990783       0.46472043278402581       0.47694534624500240       0.43531393468623669       0.31598079777943461        3.8242366342925997E-003
       10001   1000000.0000000000        539.38436268386613       0.51929349593799234       0.51438469105404516       0.50146080654639547       0.47885913538449565       0.49410666431322470       0.47012774690153430       0.46274401151686567       0.47478526745773103       0.44040009372955513       0.34253224845374169        4.4464472019394574E-003
       10001   1000000.0000000000        586.61975607426393       0.51934228617986455       0.51591090452867261       0.50444006298329014       0.48270778441493128       0.49644773227251504       0.47640896399160826       0.46169429170125659       0.47112449085410024       0.44573701493589352       0.36693517879828313        5.1204781332882194E-003
       10001   1000000.0000000000        637.99168463903061       0.51924861041050563       0.51711648616179084       0.50702663704344486       0.48607328866643712       0.49833616891844557       0.48171855428970672       0.46356249729451593       0.46712370525986729       0.45098273553861262       0.38871851888142644        5.8386622871356665E-003
       10001   1000000.0000000000        693.86239630330283       0.51906063704173588       0.51801052176379137       0.50934822954244585       0.48924421710296595       0.50020734695524649       0.48656156729348965       0.46703242728108119       0.46516949019648735       0.45534139117839445       0.40775178777471882        6.5976892767253374E-003
       10001   1000000.0000000000        754.62586205360674       0.51880579066881205       0.51866337883592351       0.51137821775245762       0.49237458425848896       0.50231070988675075       0.49030700893872747       0.47047529547684092       0.46530542058877566       0.45820132928921559       0.42402644987227484        7.3950487149413123E-003
       10001   1000000.0000000000        820.71055401484307       0.51850851789819929       0.51913223954757826       0.51308242252542602       0.49543222231971901       0.50461294443556415       0.49326994583380995       0.47424918226248586       0.46600171074207941       0.45955070852425117       0.43760634506203139        8.2285152202392700E-003
       10001   1000000.0000000000        892.58246681121705       0.51818477844791355       0.51944262251108386       0.51449691343109460       0.49830150591071931       0.50698142951104086       0.49572146948334317       0.47844427641105441       0.46663657178249546       0.45998070294602261       0.44860394328748410        9.0956406487692938E-003
       10001   1000000.0000000000        970.74840351619173       0.51784665973003841       0.51962334231131302       0.51568409806695570       0.50089637486931271       0.47495323141817458       0.49775651187286218       0.48229069532826085       0.46781551795317888       0.46032432826599601       0.45717805772028958        9.9933772049176552E-003
       10001   1000000.0000000000        1055.7595493622257       0.51750329223734992       0.51970512603087071       0.51668068271065981       0.50320409584162573       0.47810719731882878       0.49962087174776426       0.48559763075746093       0.46999224012908636       0.46117991444828987       0.46354379565635906        1.0917953388864534E-002
       10001   1000000.0000000000        1148.2153584102582       0.51716109345737415       0.51970859912689049       0.51749996029898160       0.50526279941135932       0.48106464962804657       0.50140834608412332       0.48862618169944777       0.47275117921506771       0.46264820630656639       0.46798216532838721        1.1864928312483999E-002
       10001   1000000.0000000000        1248.7677805856742       0.51682502936764774       0.51964967359790148       0.51815699095818757       0.50711778910187122       0.48381618886495115       0.50316827083630933       0.49134699192452852       0.47545908850797325       0.46442222655559595       0.47083970434818179        1.2829333612003611E-002
       10001   1000000.0000000000        1358.1258588876030       0.51649852703916421       0.51954396486554510       0.51867620875094123       0.50879502458863246       0.48638049709399345       0.50492211410757182       0.49366870127718177       0.47795205921421746       0.46608449642499217       0.47251286403805781        1.3805847952404119E-002
       10001   1000000.0000000000        1477.0607291886670       0.51618404776991655       0.51940426654197391       0.51908239063404293       0.51030097150423936       0.48878286156348133       0.50664357211374011       0.49568892489557448       0.48041656745597261       0.46737330065835420       0.47341719726776549        1.4788974384975570E-002
       10001   1000000.0000000000        1606.4110578811351       0.51588322968255307       0.51924011151226679       0.51939399729838442       0.51163601691616589       0.49104192722558826       0.50830426845787446       0.49751396328667608       0.48293845179688577       0.46828382090557530       0.47394709217611081        1.5773205931711907E-002
       10001   1000000.0000000000        1747.0889557129149       0.51559707872505245       0.51905944879817401       0.51962485652626567       0.51280577002939309       0.49316567355132329       0.50988571140812100       0.49917473255162270       0.48538572822695231       0.46900545348989009       0.47443592380531274        1.6753172853489422E-002
       10001   1000000.0000000000        1900.0864095146821       0.51532614323285797       0.51886895728999227       0.51978779795255592       0.51382374443825396       0.49515378350944084       0.51135958245254276       0.50069602022483617       0.48760870845032495       0.46977646323590722       0.47512700817160836        1.7723769134515826E-002
       10001   1000000.0000000000        2066.4822771712666       0.51507059915680509       0.51867376791558495       0.51989541800854777       0.51470784572071815       0.49700249314039430       0.47643262294947114       0.50211309259664683       0.48958250951346516       0.47075484080849345       0.47616212051820977        1.8680257820062607E-002
       10001   1000000.0000000000        2247.4498951622236       0.51483035409364952       0.51847775583670086       0.51995892625748619       0.51547580662310899       0.49870892449948467       0.47854751998596934       0.50344793663487697       0.49136840247068686       0.47196763439679384       0.47758830182721340        1.9618356012965365E-002
       10001   1000000.0000000000        2444.2653523159543       0.51460511009334642       0.51828393541544182       0.51998742797157327       0.51614268833120047       0.50027353416026010       0.48052473947323915       0.50470844099687506       0.49302104195429958       0.47333850250642528       0.47937818457038162        2.0534301010989780E-002
       10001   1000000.0000000000        2658.3164881195166       0.51439441265565344       0.51809459261994217       0.51998820506468801       0.51672069085185068       0.50170066027478710       0.48236723719497915       0.50589962411268796       0.49455406535301477       0.47475096889721152       0.48145639227021991        2.1424899421718897E-002
       10001   1000000.0000000000        2891.1126790356084       0.51419769237266710       0.51791135120751264       0.51996729652515472       0.51722008075019787       0.50299783077248705       0.48408076729211436       0.50702575153517515       0.49596045688419310       0.47610398859353475       0.48372508096905498        2.2287561188733537E-002
       10001   1000000.0000000000        3144.2954818345379       0.51401429236077945       0.51773529960124132       0.51992983058517261       0.51765011199049282       0.50417458731579612       0.48567242731238003       0.50808746186724074       0.49723825197866722       0.47733965126629679       0.48608417570075285        2.3120320340249603E-002
       10001   1000000.0000000000        3419.6502089925411       0.51384348995202500       0.51756711762452656       0.51988009973310589       0.51801947392487402       0.50524135957059979       0.48714980778407108       0.50908309086204284       0.49839781994685384       0.47844457803839485       0.48844468464539759        2.3921843978713195E-002
       10001   1000000.0000000000        3719.1185177799598       0.51368451385379155       0.51740715845629337       0.51982157588231415       0.51833632328797508       0.50620864020945011       0.48852058346138511       0.51001289288474339       0.49945616995573694       0.47943630945453131       0.49073556578749883        2.4691430597641246E-002
       10001   1000000.0000000000        4044.8121018110778       0.51353655675445564       0.51725550363338790       0.51975697845171631       0.51860813749077661       0.50708649782445958       0.48979237229850842       0.51088053595897831       0.50042986955364188       0.48034605505562422       0.49290567185327450        2.5428998317356146E-002
       10001   1000000.0000000000        4399.0275816010808       0.51339878560467622       0.51711201277003660       0.51968839079266194       0.51884157778414663       0.50788435549655264       0.49097272334196607       0.51169107990173135       0.50133181497090729       0.48120498551252627       0.49492251708961205        2.6135063176650777E-002
       10001   1000000.0000000000        4784.2626991306734       0.51327035067843163       0.51697637049681378       0.51961738184320605       0.51904243936019967       0.50861093439834471       0.49206914255987194       0.51244873721563400       0.50217132133415099       0.48203663854391060       0.49676935934790406        2.6810707215882624E-002
       10001   1000000.0000000000        5203.2339306138792       0.51315039387821038       0.51684812657699486       0.51954510621270622       0.51921568487243375       0.50927427719935525       0.49308910762012759       0.51315661463482831       0.50295542589404296       0.48285480910153999       0.49844167610785411        2.7457535841006523E-002
       10001   1000000.0000000000        5658.8956416651308       0.51303805695622973       0.51672672864375102       0.51947237963808690       0.51936552664492652       0.50988179536381872       0.49404005208131130       0.51381784571092748       0.50369005322335070       0.48366489977376520       0.49994371171600849        2.8077623934374556E-002
       10001   1000000.0000000000        6154.4609199376109       0.51293249019933818       0.51661155000507508       0.51939973773108594       0.51949552408744404       0.51044031118990729       0.49492931669611184       0.51443656682051941       0.50438067481948856       0.48446668376193142       0.50128545891669973        2.8673450417726926E-002
       10001   1000000.0000000000        6693.4242321340962       0.51283286181146337       0.51650191489443220       0.51932748602279377       0.51960867581562242       0.51095608390121683       0.49576407381493726       0.51501798533475496       0.50503257350863451       0.48525707188716183       0.50248022262482617        2.9247821506724631E-002
       10001   1000000.0000000000        7279.5860651551784       0.51273836800059536       0.51639712228898271       0.51925574567489008       0.51970749833562890       0.51143481951248881       0.49655123383232741       0.51556776689446671       0.50565090145779312       0.48603220474302283       0.50354278239591910        2.9803783726375370E-002
       10001   1000000.0000000000        7917.0797251417562       0.51264824353970684       0.51629646839761423       0.51918449615659390       0.51979409108878383       0.51188166967415760       0.49729734365467942       0.47609438913695978       0.50624065674524643       0.48678872820712193       0.50448810762154606        3.0344527988689279E-002
       10001   1000000.0000000000        8610.4004833844119       0.51256177267426195       0.51619926793952886       0.51911361481692220       0.51987018886039060       0.51230122103563802       0.49800848222065680       0.47699173985565879       0.50680661705706109       0.48752436344066408       0.50533048899621635        3.0873293616314836E-002
       10001   1000000.0000000000        9364.4372746213958       0.51247829956449142       0.51610487348150391       0.51904291282173221       0.51993720659793963       0.51269748450132713       0.49869016384509568       0.47786002027725288       0.50735325762670691       0.48823801527517485       0.50608302705258990        3.1393274533955219E-002
       10001   1000000.0000000000        10184.507171244810       0.51239723685716099       0.51601269127688254       0.51897216645879229       0.51999628324598235       0.51307390009239917       0.49934726655860362       0.47870488191608801       0.50788469602654951       0.48892969391044516       0.50675751558351256        3.1907518648517035E-002
       10001   1000000.0000000000        11076.392876509570       0.51231807236031202       0.51592219404183526       0.51890114352612393       0.52004832113965116       0.51343334884566594       0.49998398136817546       0.47953130025000068       0.50840462480513238       0.48960033396229774       0.50736449778310710        3.2418841050645131E-002
       10001   1000000.0000000000        12046.383501126886       0.51224037306929071       0.51583293000852393       0.51882962453468939       0.52009402241873337       0.51377817516070090       0.50060378759318891       0.48034350035985579       0.50891623619568116       0.49025160047711336       0.50791342693998331        3.2929757936424185E-002
       10001   1000000.0000000000        13101.318910778036       0.51216378581424549       0.51574452746287747       0.51875741835501732       0.52013392405159642       0.51411022428130126       0.50120946016291279       0.48114492537629411       0.50942215692603687       0.49088573743276814       0.50841291202174799        3.3442441725712042E-002
       10001   1000000.0000000000        14248.637957263581       0.51208803435568195       0.51565669462212049       0.51868437222153718       0.52016843095662824       0.51443089382313045       0.50180310847795528       0.48193824814307151       0.50992440108344594       0.49150545479399088       0.50887099266705493        3.3958700567897404E-002
       10001   1000000.0000000000        15496.430933388809       0.51201291314440778       0.51556921511654430       0.51861037632702101       0.52019784646884626       0.51474119647888428       0.50238624316279190       0.48272542263048174       0.51042435254868701       0.49211382973267676       0.50929539839110682        3.4479982702390215E-002
       10001   1000000.0000000000        16853.496621469865       0.51193827821739113       0.51548193961831179       0.51853536347959495       0.52022239937279824       0.51504183002761350       0.50295986498663980       0.48350776917569649       0.51092279085272385       0.49271419336128380       0.50969375777700321        3.5007404370274872E-002
       10001   1000000.0000000000        18329.404337736843       0.51186403623040477       0.51539477478028128       0.51845930486257064       0.52024226674186236       0.51533324892830479       0.50352456628011766       0.48428608225066883       0.51141996987583749       0.49330997989612840       0.51007373379125553        3.5541796150357803E-002
       10001   1000000.0000000000        19934.561410138173       0.51179013290706621       0.51530767100150554       0.51838220332958906       0.52025759215569256       0.51561573142989636       0.50408063355723820       0.48506074664360199       0.51191574918322069       0.49390453032348031       0.51044307426765723        3.6083759992115175E-002
       10001   1000000.0000000000        21680.286565364473       0.51171654138545641       0.51522060962881133       0.51830408493985514       0.52026849944385767       0.51588944006510307       0.50462814674123113       0.48583185639517307       0.51240976904775770       0.49450086757890155       0.51080958334241788        3.6633734253071204E-002
       10001   1000000.0000000000        23578.889742579249       0.51164325160679558       0.51513359100539580       0.51822499016028323       0.52027510214248507       0.51615447141996096       0.50516706589919702       0.48659932395682715       0.51290163970509339       0.49510146873044930       0.51118102538965493        3.7192058715699916E-002
       10001   1000000.0000000000        25643.758896660285       0.51157026143636286       0.51504662426832848       0.51814496575505897       0.52027750924930427       0.51641089360574954       0.50569730056365503       0.48736297188368688       0.51339110628305928       0.49570806845742832       0.51156498069436895        3.7759033961123359E-002
       10001   1000000.0000000000        27889.454403043019       0.51149756975328942       0.51495971926518269       0.51806405791002719       0.52027582803702910       0.51665877196709908       0.50621876060107818       0.48812260422721782       0.51387815229311951       0.49632152726680057       0.51196867455811157        3.8334972273811316E-002
       10001   1000000.0000000000        30331.811729859663       0.51142517155045275       0.51487288071837622       0.51798230690741753       0.52027016468933940       0.51689818438375179       0.50673138930007744       0.48887805694246439       0.51436301709039078       0.49694178749625634       0.51239879911628472        3.8920238441158092E-002
       10001   1000000.0000000000        32988.053101364101       0.51135305485831417       0.51478610447949069       0.51789974338912259       0.52026062346696644       0.51712922824532515       0.50723518110384447       0.48962922910059520       0.51484612602215063       0.49756792638026481       0.51286134278541096        3.9515280475288093E-002
       10001   1000000.0000000000        35876.908940033594       0.51128119916189485       0.51469937552617440       0.51781638604905433       0.52024730499649863       0.51735202142387993       0.50773018736908082       0.49037609828556450       0.51532795842429235       0.49819830129096454       0.51336143710597704        4.0120651553210339E-002
       10001   1000000.0000000000        39018.749943694966       0.51120957491046459       0.51461266725595545       0.51773224047324340       0.52023030413502769       0.51756669945862899       0.50821651382134914       0.49111872432923043       0.51580889931577367       0.49883077056014052       0.51390322613189376        4.0737025327598930E-002
       10001   1000000.0000000000        42435.730729013565       0.51113814370692190       0.51452594160379528       0.51764729878237126       0.52020970772173414       0.51777341083889017       0.50869431318975222       0.49185724568875960       0.51628912796155213       0.49946296523170808       0.51448976023493531        4.1365207272039288E-002
       10001   1000000.0000000000        46151.946054241162       0.51106685878512603       0.51443914952453740       0.51756153970130758       0.52018559239333606       0.51797231185181425       0.50916377605584306       0.49259187253517678       0.51676858652306301       0.50009258296860759       0.51512291448491654        4.2006145023628191E-002
       10001   1000000.0000000000        50193.600722828931       0.51099566541536334       0.51435223140876851       0.51747492866068023       0.52015802251423970       0.51816356204594394       0.50962512243040503       0.49332288024196230       0.51724704690080836       0.50071767414287904       0.51580333147224566        4.2660940938613411E-002
       10001   1000000.0000000000        54589.194365971067       0.51092450090153074       0.51426511701780697       0.51738741750818273       0.52012704814723298       0.51834732100659564       0.51007859611140161       0.49405060663152750       0.51772426007035210       0.50133689155244232       0.51653038916890526        4.3330870456194985E-002
       10001   1000000.0000000000        59369.722407071960       0.51085329383499400       0.51417772451488619       0.51729894335977178       0.52009270285549558       0.51852374686491531       0.51052446355110837       0.49477545618473490       0.51820014105585088       0.50194967865626094       0.51730219569413416        4.4017410536922909E-002
       10001   1000000.0000000000        64568.894625233588       0.51078196224195060       0.51408995812638791       0.51720942604551945       0.52005500096967505       0.51869299676084957       0.51096301878827799       0.49549791450454478       0.51867492543229166       0.50255637686478793       0.51811561414737428        4.4722283557731737E-002
       10001   1000000.0000000000        70223.372858955801       0.51071041020204344       0.51400170388691746       0.51711876349862440       0.52001393376498017       0.51885522932090777       0.51139459594951242       0.49621857663730934       0.51914923876064800       0.50315824051721048       0.51896632143809651        4.5447523740635806E-002
       10001   1000000.0000000000        76373.029526213533       0.51063852243150964       0.51391282281037598       0.51702682430149571       0.51996946376866049       0.51901060904640173       0.51181959081045503       0.49693819330024697       0.51962405060262751       0.50375735881608941       0.51984890463756173        4.6195575572868859E-002
       10001   1000000.0000000000        83061.228783857878       0.51056615622910306       0.51382314070216695       0.51693343645210754       0.51992151616322724       0.51915931227308310       0.51223849279466616       0.49765773944540442       0.52010053250992638       0.50435649661506132       0.52075699603901338        4.6969436796314441E-002
       10001   1000000.0000000000        90335.132308930857       0.51049313010470576       0.51373243371774679       0.51683837127506749       0.51986996598490520       0.51930153398038581       0.51265192837505436       0.49837850958237850       0.47692401930417438       0.50495887897501257       0.52168344301005520        4.7772862366291476E-002
       10001   1000000.0000000000        98246.031858102593       0.51041920839199373       0.51364040873335703       0.51674132132653339       0.51981461957867570       0.51943749410889950       0.51306071585912150       0.49910224340059861       0.47787271894795252       0.50556795511795050       0.52262050019555684        4.8610650133410691E-002
       10001   1000000.0000000000        106849.71095026600       0.51034408124792152       0.51354667770270823       0.51664187120992022       0.51975518862228132       0.51956744109877506       0.51346592965394156       0.49983128283056999       0.47883963598465612       0.50618718250362926       0.52356001975949584        4.9489033560044825E-002
       10001   1000000.0000000000        116206.83822268601       0.51026733973702809       0.51345072552364368       0.51653946053582611       0.51969125505683655       0.51969164902055320       0.51386896896513867       0.50056875699511472       0.47982983804286294       0.50681986871267826       0.52449360204322726        5.0416211099650214E-002
       10001   1000000.0000000000        126383.39523444363       0.51018844626474613       0.51335187163136509       0.51643333894264587       0.51962222556606419       0.51981040291973135       0.51427162118520198       0.50131878375067729       0.48085003777402086       0.50746909801491991       0.52541265989296870        5.1403045526711648E-002
       10001   1000000.0000000000        137451.14173382093       0.51010670152424753       0.51324922665340877       0.51632251425081288       0.51954727494780939       0.51992396492878490       0.51467610383880424       0.50208666509619415       0.48190899286690730       0.50813775808893868       0.52630835749149485        5.2463969378133420E-002
       10001   1000000.0000000000        149488.12167044831       0.51002121039580961       0.51314164706334275       0.51620569653750370       0.51946527896013206       0.52003251157249220       0.51508506102323004       0.50287903832209668       0.48301789749092955       0.50882868569507533       0.52717143293684277        5.3618135079520880E-002
       10001   1000000.0000000000        162579.21352035040       0.50993085090344858       0.51302769289008199       0.51608124325993998       0.51937473919798027       0.52013603103391581       0.51550148138552632       0.50370392549462850       0.48419069692504046       0.50954499235953210       0.52799204571515279        5.4890850917675635E-002
       10001   1000000.0000000000        176816.72880448613       0.50983425539786553       0.51290560001507657       0.51594711781520175       0.51927370880084345       0.52023416599018879       0.51592848292293603       0.50457057472806599       0.48544418348012613       0.51029070016996236       0.52876004190531378        5.6315303174966622E-002
       10001   1000000.0000000000        192301.06302123182       0.50972979723127643       0.51277325859324985       0.51580085221224203       0.51915971305383046       0.52032600955768959       0.51636898580799206       0.50548912797265977       0.48679792475891115       0.51107206127600091       0.52946669913047251        5.7934829999269348E-002
       10001   1000000.0000000000        209141.40358283502       0.50961554801066888       0.51262815305031706       0.51563946359073953       0.51902962375208572       0.52040987592789667       0.51682539389900295       0.50647037137355277       0.48827441416234202       0.51189999032846156       0.53010984612820422        5.9806593805876017E-002
       10001   1000000.0000000000        227456.49974784054       0.50948931774573336       0.51246740638897015       0.51545948248241591       0.51887961125148807       0.52048294523772620       0.51729878794402606       0.50752452395199665       0.48989791578881042       0.51279170767809368       0.53070349784067183        6.2005412680230618E-002
       10001   1000000.0000000000        247375.49997864486       0.50934873792681012       0.51228787983181379       0.51525704220620361       0.51870515143672069       0.52054088525382991       0.51778787888729338       0.50865943890143284       0.49169242062263557       0.51376851617695907       0.53129358107502933        6.4628674796525287E-002
       10001   1000000.0000000000        269038.86262878962       0.50919137217056920       0.51208630991397641       0.51502801247405294       0.51850108619105062       0.52057752459608297       0.51828786952098660       0.50987837848824724       0.49367879624655842       0.51484508645929339       0.53197436097437900        6.7803157192681512E-002
       10001   1000000.0000000000        292599.34638167988       0.50901485536557656       0.51185948634998013       0.51476818520862511       0.51826175799721752       0.52058465263562492       0.51878936097045181       0.51117744531379428       0.49587101899323033       0.51601543906394853       0.53288370120396011        7.1694537885207077E-002
       10001   1000000.0000000000        318223.08742478525       0.50881717133792370       0.51160461597370366       0.51447368819451922       0.51798140779487301       0.52055206529302867       0.51927727024128068       0.51254214804803022       0.49827017659558503       0.51726351179431806       0.53413395828150312        7.6517892974291679E-002
       10001   1000000.0000000000        346090.77095499361       0.50859714067526585       0.51131997245609162       0.51414176377178400       0.51765502742544334       0.52046818140767503       0.51973026213957885       0.51394352037981517       0.50085596201979443       0.51860015046608354       0.53565445384605137        8.2545692421701067E-002
       10001   1000000.0000000000        376398.90527594875       0.50835257791411581       0.51100251986787626       0.51376800260963107       0.51727567927245466       0.52031991784603948       0.52012555872376420       0.51534974742594453       0.50360494260535438       0.52004346077649977       0.53710128018959880        9.0188114249011075E-002
       10001   1000000.0000000000        409361.20747165574       0.50808335138220118       0.51065191629872342       0.51335109488968678       0.51683929903783743       0.52009463458362426       0.52043396763970307       0.51670752971405132       0.50645269966953554       0.52154660016648269       0.53807607749555997        9.9956316495196235E-002
       10001   1000000.0000000000        445210.11042738560       0.50778890358565743       0.51026731259393787       0.51288913683015469       0.51634109941525397       0.51977993036352743       0.52062708296648896       0.51796048083064905       0.50932145103414894       0.52313200663723247       0.53885612894598345       0.11259548401917882     
       10001   1000000.0000000000        484198.40182460181       0.50747050253109960       0.50985032282215570       0.51238330467410498       0.51577960794491040       0.51936649545543401       0.52067749554801412       0.51904264649198717       0.51209959981724984       0.48016083200059784       0.54015236387198529       0.12908524563179760     
       10001   1000000.0000000000        526601.00666724879       0.50713043185117335       0.50940398003890519       0.51183677797901372       0.51515588977569737       0.51884894731149989       0.52056430451202107       0.51989197282450217       0.51466065899442393       0.48650946812289247       0.54144676439543793       0.15073828018243121     
       10001   1000000.0000000000        572716.92590884247       0.50677205869085173       0.50893281108863908       0.51125496429108630       0.51447417450486777       0.51822678545695511       0.52027600169739874       0.52045951551894998       0.51687817895989119       0.49299229121467364       0.54247806947847044       0.17923800484735031     
       10001   1000000.0000000000        622871.34485053364       0.50639958846467115       0.50844247404237108       0.51064511009183577       0.51374183377253380       0.51750455503436177       0.51981178293215058       0.52071746736756341       0.51864670606852514       0.49933774350233867       0.54401086932626253       0.21654600961863635     
       10001   1000000.0000000000        677417.92617748480       0.50601886067985802       0.50794076346701478       0.51001751392599304       0.51297129799841434       0.51669400323827119       0.51918274774490114       0.52066243288726377       0.51989643694638255       0.50522722891490535       0.54561294313776232       0.26423351215582913     
       10001   1000000.0000000000        736741.30380282935       0.50563651762705242       0.50743647282819271       0.50938395140330062       0.51217843361448878       0.51581313041405707       0.51841052947285027       0.52031652281040341       0.52060951396788524       0.51035708894309051       0.54777889120314971       0.32210923936997082     
       10001   1000000.0000000000        801259.79510451166       0.50525950585907786       0.50693872190826350       0.50875660165619319       0.51138100688682953       0.51488506531295519       0.51752476491482680       0.51972145161985239       0.52081923981308886       0.51449984237337143       0.55071620297986890       0.38647686393803038     
       10001   1000000.0000000000        871428.35068025719       0.50489568743084567       0.50645778776949879       0.50814892918745524       0.51059923926165751       0.51393915629347386       0.51656344537772791       0.51893327556286151       0.52059786016830534       0.51753966573253996       0.55485869374477725       0.45071391571340158     
       10001   1000000.0000000000        947741.76242084394       0.50455380700416408       0.50600511783132274       0.50757567771944700       0.50985513503622237       0.51301014166875580       0.51557269659729177       0.51801925826955020       0.52004484378363947       0.51949072414073705       0.56109679440854221       0.51165372689301214     
       10001   1000000.0000000000        1030738.1525232699       0.50424941276010493       0.50560125180530502       0.50706301787969332       0.50918521546820772       0.51215346028239250       0.51462453119728979       0.51707516072296433       0.51929388419275868       0.52046967958700452       0.47642639725204566       0.57422203954706774     
       10001   1000000.0000000000        1121002.7680465493       0.50401192903484382       0.50528532542354332       0.50666083112363813       0.50865665431316598       0.51146555589902409       0.51384158957555948       0.51625486057521375       0.51854506754726681       0.52071447173650898       0.48265657613572649       0.64419117163333162     
       10001   1000000.0000000000        1219172.1077673580       0.50400485749215151       0.50527249039743638       0.50663989430754441       0.50862104002422115       0.51140894467393005       0.51376400209608730       0.51614956430079129       0.51841068068202256       0.52043437495787837       0.47672595767737647       0.73241425205714228     
       10001   1000000.0000000000        1325938.4104359150       0.50430653305425532       0.50566583052194647       0.50713002858898071       0.50924647263965284       0.51219773071033603       0.51463079563090064       0.51700861440381263       0.51912273549385046       0.51887374138553788       0.44609104737445354       0.83356127449114248     
       10001   1000000.0000000000        1442054.5360809742       0.50515287643621298       0.50677414383890462       0.50851724394624798       0.51101627377014314       0.51436110690331616       0.51689659562436951       0.51904626293218026       0.51982920994166970       0.50191044335005386       0.94031684943791383       0.92120383779862125     
       10001   1000000.0000000000        1568339.2747843021       0.50547373724847477       0.50719436299592624       0.50904250111984639       0.51167718465987311       0.51512747642130929       0.51763789494009071       0.51943507893940188       0.51817186567988327       0.47932788117007175       0.94999999999999996       0.94999999999999996     
       10001   1000000.0000000000        1705683.1203593500       0.50516804852233566       0.50679391375201921       0.50854184942310310       0.51104729169884233       0.51439840813372406       0.51693247093006123       0.51901386823814732       0.51914725622279478       0.49046853863975776       0.94999999999999996       0.94999999999999996     
       10001   1000000.0000000000        1855054.5496470677       0.50491750334488039       0.50646558355554294       0.50813081988751785       0.51052562587887196       0.51377720412321704       0.51630633045345042       0.51853781333817384       0.51953225420336147       0.49959784121293749       0.94999999999999996       0.94999999999999996     
       10001   1000000.0000000000        2017506.8517071931       0.50489491136775944       0.50643598420972957       0.50809375689382208       0.51047842463845761       0.51372021112176269       0.51624790917735042       0.51849353520483610       0.51960061994182605       0.50152772368715137       0.94999999999999996       0.94999999999999996     
       10001   1000000.0000000000        2194185.5550608300       0.50519370262536212       0.50682759190920534       0.50858404331239648       0.51110066587958813       0.51446079311369541       0.51699518301953451       0.51909469633057359       0.51949872176655987       0.49611972581863023       0.94999999999999996       0.94999999999999996     
       10001   1000000.0000000000        2386336.5053574229       0.50588731930342612       0.50773641306771244       0.50971897271310551       0.51251695735219371       0.51606084113698980       0.51850131185757908       0.52002291611245488       0.51841911957983988       0.48782577447741582       0.91554652856648888       0.78877958834931228     
       10001   1000000.0000000000        2595314.6504255468       0.50670311640592425       0.50883900518814107       0.51112505958335830       0.51429800654930502       0.51806367226070460       0.52020611692355267       0.52055428174520613       0.51712959333482400       0.49311336396235111       0.65623875846427893       0.22775474628668552     
       10001   1000000.0000000000        2822593.5946550933       0.50915887369371837       0.51264598166383846       0.51598294297331126       0.51721975805214315       0.50775590558334982       0.49535200551784325       0.48074768159284514       0.47240836126886504       0.49141121149419664       0.57213381138007091        8.1511110572912090E-002
       10001   1000000.0000000000        3069775.9900833662       0.51792466410803406       0.52965674842464439       0.53457285707509283       0.54298284979062994       0.57693363473391301       0.60381678385511861       0.65725603541760935       0.69001983436781300       0.64496906160053047       0.62557054869274875        4.8521329679653363E-002
       10001   1000000.0000000000        3338604.8374575973       0.63747721301267235       0.73426438605077948       0.79922468049669981       0.84543312533003157       0.87970284472891724       0.90358631991418448       0.88861480215517485       0.89086910125477381       0.82645596922594211       0.71648037849405677        5.9308243405833669E-002
       10001   1000000.0000000000        3630975.7769629848       0.80209742279734608       0.88762396584374192       0.93283880882837245       0.94901492518242736       0.94999999999999996       0.94999999999999996       0.93125240473544524       0.94999999999999996       0.94999999999999996       0.73051028880873559        2.2558559937876293E-002
       10001   1000000.0000000000        3948950.4552841196       0.83925128452457043       0.91188044777244059       0.94999999999999996       0.94999999999999996       0.92881701849100684       0.94999999999999996       0.94999999999999996       0.94999999999999996       0.94999999999999996       0.70275549900124479        1.6679516366827705E-002
       10001   1000000.0000000000        4294771.0632572537       0.83894477209396201       0.91166198519790809       0.94999999999999996       0.94999999999999996       0.94677541306000645       0.94999999999999996       0.94999999999999996       0.94999999999999996       0.94999999999999996       0.70316879015451994        1.6730576151441974E-002
       10001   1000000.0000000000        4670876.1466253446       0.83888909922991062       0.91162507488576960       0.94999999999999996       0.94999999999999996       0.94874546744074151       0.94999999999999996       0.94999999999999996       0.94999999999999996       0.94999999999999996       0.70323996817470369        1.6739408270288303E-002
       10001   1000000.0000000000        5079917.8013849705       0.83995733130521477       0.91254500587514931       0.94999999999999996       0.94999999999999996       0.94741121545549090       0.94999999999999996       0.94614175809255463       0.94999999999999996       0.94999999999999996       0.70155389641009724        1.6533182930562190E-002
       10001   1000000.0000000000        5524780.3749778615       0.84031392393827087       0.91312022425237271       0.94999999999999996       0.94999999999999996       0.94999999999999996       0.94999999999999996       0.91602983222685386       0.94999999999999996       0.94999999999999996       0.70054063247864806        1.6412153181696715E-002
       10001   1000000.0000000000        6008600.8051978257       0.84470555469397945       0.91520413924320576       0.94999999999999996       0.94999999999999996       0.94999999999999996       0.94999999999999996       0.94999999999999996       0.94999999999999996       0.94999999999999996       0.67451159824850360        1.3855152940303411E-002
       10001   1000000.0000000000        6534790.7402325803       0.89409567730568329       0.94914263387611664       0.94796800132170855       0.94999999999999996       0.94999999999999996       0.94999999999999996       0.94999999999999996       0.94999999999999996       0.94999999999999996       0.31284009650420957        2.7101069375234767E-003
       10001   1000000.0000000000        7107060.5958192665       0.94999999999999996       0.94999999999999996       0.94999999999999996       0.94999999999999996       0.94999999999999996       0.94999999999999996       0.94999999999999996       0.94999999999999996       0.83648891999015218        1.9703763409791849E-002   1.1721077899671819E-004
       10001   1000000.0000000000        7729445.7191523332       0.94999999999999996       0.94999999999999996       0.94999999999999996       0.94999999999999996       0.94999999999999996       0.94999999999999996       0.88658970125166447       0.73051565408081209       0.16241387158089710        7.0346872495845563E-004   4.0919693359181890E-006
       10001   1000000.0000000000        8406334.8440376241       0.94999999999999996       0.94999999999999996       0.94999999999999996       0.89699641468528490       0.68731945150777007       0.44129474731517820       0.21536401334084548        8.5045955403322340E-002   6.4729943954188809E-003   2.3453487880547445E-005   1.3628528623184473E-007
       10001   1000000.0000000000        9142501.0379438680       0.86598999972819801       0.71687706890816427       0.51243128638871449       0.22338970665289751        6.5880817549978210E-002   2.4471964322896642E-002   8.6033511770066979E-003   2.9236073427922238E-003   2.0651752458979730E-004   7.5130735051664498E-007   4.3650228771394290E-009
       10001   1000000.0000000000        9943135.3591737300       0.15541758749095039        6.0125268191207386E-002   2.2896581315936221E-002   6.1211882739826105E-003   1.4300341220940661E-003   4.9475527293875042E-004   1.7124571760813043E-004   5.8161023902615883E-005   4.7496014997099964E-006   2.3123203811032012E-008   1.3350379996670332E-010
       10001   1000000.0000000000        10813883.461487234        9.7762967823417503E-004   2.3685340566176907E-004   6.3860872815159572E-005   1.5687437335156541E-005   3.3324476158430821E-006   1.1045009410589547E-006   3.8512900820055862E-007   1.3289408395318085E-007   1.5133445676315799E-008   6.6735852116904834E-010   3.3619124773828852E-012
       10001   1000000.0000000000        11760885.404294103        2.3829038581249786E-005   6.1451814184614426E-006   1.8641499156865630E-006   5.2414224287727670E-007   1.2551855610513583E-007   4.6638776686021976E-008   1.8661725922125598E-008   7.5717885399640256E-009   1.4749575066736699E-009   4.7881988205060120E-010   3.5249789014341494E-012
       10001   1000000.0000000000        12790818.949135916        1.0029928712830579E-005   2.8945116404915335E-006   9.9658900332923423E-007   3.1206583227625221E-007   8.2834453564789487E-008   3.3625294313871532E-008   1.4785628467538149E-008   6.6701225721586132E-009   1.7117306253191768E-009   6.6164447659586444E-010   6.2388354023911464E-012
       10001   1000000.0000000000        13910946.647761630        9.8434552653372145E-006   2.8493915609442326E-006   9.8421726409751338E-007   3.0898295548398735E-007   8.2214122161755463E-008   3.3439235554364163E-008   1.4733285937337305E-008   6.6609927224690257E-009   1.7185340009731278E-009   6.6564101589841799E-010   6.3030568476049500E-012
       10001   1000000.0000000000        15129167.053837782        1.0025564295734411E-005   2.8934703303769052E-006   9.9623910347454910E-007   3.1194432875171914E-007   8.2793619429410593E-008   3.3604795752930988E-008   1.4774586405226425E-008   6.6639341429877325E-009   1.7094035025979098E-009   6.6064054919784251E-010   6.2247934834939891E-012
       10001   1000000.0000000000        16454070.419410402        1.0031513554822411E-005   2.8949795397824927E-006   9.9667795728159664E-007   3.1206702396475233E-007   8.2823651853734704E-008   3.3616337069622296E-008   1.4779399700787916E-008   6.6660025716301956E-009   1.7098847331186099E-009   6.6103095318684497E-010   6.2277401016996243E-012
       10001   1000000.0000000000        17894999.268861804        1.0033019976949025E-005   2.8953951556752303E-006   9.9681139102225077E-007   3.1211060633842480E-007   8.2836595614760184E-008   3.3622205107179073E-008   1.4782280616217051E-008   6.6674717443125361E-009   1.7103792561907899E-009   6.6139470896848998E-010   6.2311157385237909E-012
       10001   1000000.0000000000        19462114.277498070        1.0035139285174939E-005   2.8959420578150088E-006   9.9697391703297762E-007   3.1215779168692105E-007   8.2848778915125746E-008   3.3627135995394296E-008   1.4784457822121303E-008   6.6684717565022984E-009   1.7106544528275863E-009   6.6160760676284931E-010   6.2328979689500736E-012
       10001   1000000.0000000000        21166465.919307370        1.0037946569191827E-005   2.8966421106802166E-006   9.9717324892586514E-007   3.1221141531520575E-007   8.2861152353308294E-008   3.3631597676606219E-008   1.4786176928854206E-008   6.6691355173182034E-009   1.7107590440965564E-009   6.6170199491561754E-010   6.2334160951085313E-012
       10001   1000000.0000000000        23020072.389113221        1.0041085794285722E-005   2.8974117121790654E-006   9.9738792548123997E-007   3.1226689928901765E-007   8.2873122423749616E-008   3.3635571083328365E-008   1.4787532125960201E-008   6.6695584666004886E-009   1.7107512557691961E-009   6.6171322323828560E-010   6.2330983992836447E-012
       10001   1000000.0000000000        25036004.348587755        1.0044191952833549E-005   2.8981640121913294E-006   9.9759510739422430E-007   3.1231906291084022E-007   8.2883866734700781E-008   3.3638916806834478E-008   1.4788551550185614E-008   6.6697990936007893E-009   1.7106751198634134E-009   6.6166715088966291E-010   6.2322757377090107E-012
       10001   1000000.0000000000        27228477.093709577        1.0047039871940011E-005   2.8988450035765651E-006   9.9778043696429510E-007   3.1236456319115793E-007   8.2892816390404004E-008   3.3641515249301369E-008   1.4789233763982044E-008   6.6698828804533989E-009   1.7105536479818486E-009   6.6157661587613391E-010   6.2311224345376695E-012
       10001   1000000.0000000000        29612950.793583296        1.0049515128449335E-005   2.8994266813795375E-006   9.9793627366166443E-007   3.1240151406606624E-007   8.2899604429805191E-008   3.3643263310750461E-008   1.4789554433237350E-008   6.6698095055014798E-009   1.7103933517342457E-009   6.6144418806420101E-010   6.2296896989734754E-012
       10001   1000000.0000000000        32206239.507452108        1.0051567695497457E-005   2.8998960778065897E-006   9.9805884284704397E-007   3.1242885762661071E-007   8.2903974356018242E-008   3.3644064002561203E-008   1.4789474100281446E-008   6.6695626989474556E-009   1.7101908068768739E-009   6.6126608636891502E-010   6.2279543350494375E-012
       10001   1000000.0000000000        35026629.748634435        1.0053174058785472E-005   2.9002462905588251E-006   9.9814590444557310E-007   3.1244585081362872E-007   8.2905706014338528E-008   3.3643818430660563E-008   1.4788944855780971E-008   6.6691185084269817E-009   1.7099381093703456E-009   6.6103539486493783E-010   6.2258590442326881E-012
       10001   1000000.0000000000        38094009.431434512        1.0054306202224203E-005   2.9004690292944267E-006   9.9819477393978943E-007   3.1245160607464846E-007   8.2904538349226078E-008   3.3642410135007836E-008   1.4787910684489428E-008   6.6684491648990438E-009   1.7096262003405174E-009   6.6074386788686301E-010   6.2233373101207605E-012
       10001   1000000.0000000000        41430008.110294931        1.0054907887561195E-005   2.9005487415745557E-006   9.9820070202866977E-007   3.1244468209656726E-007   8.2900086255093212E-008   3.3639680033393883E-008   1.4786300437470788E-008   6.6675219398790733E-009   1.7092458085212457E-009   6.6038209240655497E-010   6.2203208913399643E-012
       10001   1000000.0000000000        45058149.500081860        1.0054877380976210E-005   2.9004581003023735E-006   9.9815555788779457E-007   3.1242271343744814E-007   8.2891750653793529E-008   3.3635392430742838E-008   1.4784014030387667E-008   6.6662934842115127E-009   1.7087862696962148E-009   6.5993809825056906E-010   6.2167315592087562E-012
       10001   1000000.0000000000        49004017.352997556        1.0054052108272172E-005   2.9001537284764925E-006   9.9804651041826250E-007   3.1238200428139113E-007   8.2878607820294990E-008   3.3629188502497032E-008   1.4780901263365385E-008   6.6646998856268401E-009   1.7082325950947286E-009   6.5939452767210081E-010   6.2124596987087842E-012
       10001   1000000.0000000000        53295435.861797445        1.0052186979906028E-005   2.8995700516662435E-006   9.9785411048079494E-007   3.1231692767214362E-007   8.2859242887828468E-008   3.3620515391047128E-008   1.4776729149026328E-008   6.6626411564753481E-009   1.7075607854613250E-009   6.5872410175408099E-010   6.2073297924848196E-012
       10001   1000000.0000000000        57962665.861418702        1.0048912998216137E-005   2.8986077469088418E-006   9.9754874016795665E-007   3.1221883777853227E-007   8.2831456257404904E-008   3.3608503920907313E-008   1.4771126781436597E-008   6.6599556632633949E-009   1.7067304548135856E-009   6.5788222776746963E-010   6.2010460417841787E-012
       10001   1000000.0000000000        63038618.212534659        1.0043651129270022E-005   2.8971100345425025E-006   9.9708340935618562E-007   3.1207390305592221E-007   8.2791691433478437E-008   3.3591734765332962E-008   1.4763481923477192E-008   6.6563731671785561E-009   1.7056718839391367E-009   6.5679365923296196E-010   6.1930971574992521E-012
       10001   1000000.0000000000        68559085.871700674        1.0035424215056711E-005   2.8948112205774777E-006   9.9637819956507824E-007   3.1185846485742432E-007   8.2733821610458224E-008   3.3567746910943229E-008   1.4752725608581941E-008   6.6514180148423602E-009   1.7042599464996875E-009   6.5532534657279470E-010   6.1825651792448074E-012
       10001   1000000.0000000000        74562996.284531817        1.0022410208385638E-005   2.8912147023592022E-006   9.9528343722927337E-007   3.1152807696041762E-007   8.2646293020944744E-008   3.3531883639423304E-008   1.4736827874748477E-008   6.6441832292296961E-009   1.7022537224657956E-009   6.5322363211222677E-010   6.1676839133372595E-012
       10001   1000000.0000000000        81092685.881652892        1.0000720303408634E-005   2.8852594270156036E-006   9.9347901680618796E-007   3.1098755372728909E-007   8.2504322639114958E-008   3.3474142096144021E-008   1.4711421810616535E-008   6.6327144231541085E-009   1.6991320397677278E-009   6.4994440669657722E-010   6.1446400626039069E-012
       10001   1000000.0000000000        88194198.613027439        9.9602164389979408E-006   2.8741780748780189E-006   9.9012965602895991E-007   3.0998839914044998E-007   8.2243178715767061E-008   3.3368384556906112E-008   1.4665091579585082E-008   6.6118999895850875E-009   1.6935303430041801E-009   6.4407848345239117E-010   6.1034867349679577E-012
       10001   1000000.0000000000        95917610.625768691        9.8633383207019440E-006   2.8477161292966663E-006   9.8213861608226912E-007   3.0760920024125547E-007   8.1622834801778898E-008   3.3117694765322935E-008   1.4555509300413263E-008   6.5627874355731784E-009   1.6803904698308617E-009   6.3050822325690523E-010   6.0076390086767582E-012
