           4
   4.2300000000000004        3.9860000000000002        7.8739999999999997        3.2100000000000000     
   79.865799999999993        101.96100000000000        55.844999999999999        140.69300000000001     
       10001   1000000.0000000000        1093.1788626025104        10.431738337489184        316.22776601683790        2.3300000000000001       0.84999999999999998       0.14999999999999999        5.7318533113841886E-015   4.7141303911398057E-017   4.8074548431160723E-010   1.6649107269371441E-011   1.0000000000000001E-030   1.2122247657493901E-027   4.0893537453115374E-027   2.2789816110993063E-024   1.4530773085522598E-023   219.39703818622712       -3.4555680432164900E-027
       10001   1000000.0000000000        1093.1800468055417        11.345274765696345        316.22776601683790        2.3300000000000001       0.84999999999999998       0.14999999999999999        5.7318560776925139E-015   4.7141295814790956E-017   4.8074542960212212E-010   1.6649208869471905E-011   1.0000000000000001E-030   1.6265989820163236E-027   5.5154237356925100E-027   3.4199925657687373E-024   2.1804290775341779E-023   218.33090923446755       -4.2687489643089136E-027
       10001   1000000.0000000000        1093.1813347081675        12.338812127464312        316.22776601683790        2.3300000000000001       0.84999999999999998       0.14999999999999999        5.7318613863591527E-015   4.7141280261162033E-017   4.8074532460846510E-010   1.6649403852440663E-011   1.0000000000000001E-030   2.0957933224845738E-027   7.1063504354996275E-027   4.5279202899648532E-024   2.8920293491221844E-023   222.10514400586817       -5.2593560592247247E-027
       10001   1000000.0000000000        1093.1827353908518        13.419356327728012        316.22776601683790        2.3300000000000001       0.84999999999999998       0.14999999999999999        5.7318690303518343E-015   4.7141257827274245E-017   4.8074517341823662E-010   1.6649684629018786E-011   1.0000000000000001E-030   2.7382166446447635E-027   9.2926370909643533E-027   6.1189104101392953E-024   3.9115707314654732E-023   226.08108860150574       -6.3886243555528410E-027
       10001   1000000.0000000000        1093.1842587291146        14.594526798062295        316.22776601683790        2.3300000000000001       0.84999999999999998       0.14999999999999999        5.7318788182862965E-015   4.7141229033071890E-017   4.8074497980701596E-010   1.6650044190107199E-011   1.0000000000000001E-030   3.5951101585254754E-027   1.2213614006786273E-026   8.3072246975414140E-024   5.3135788841504306E-023   230.33446749193249       -7.7922311044641071E-027
       10001   1000000.0000000000        1093.1859154631293        15.872610224921379        316.22776601683790        2.3300000000000001       0.84999999999999998       0.14999999999999999        5.7318905732524814E-015   4.7141194347141803E-017   4.8074474726210693E-010   1.6650476062596782E-011   1.0000000000000001E-030   4.7423585916233468E-027   1.6134293126793770E-026   1.1338989905466737E-023   7.2553869805536601E-023   235.14495250537794       -9.5454720902539572E-027
       10001   1000000.0000000000        1093.1877172734132        17.262618983009986        316.22776601683790        2.3300000000000001       0.84999999999999998       0.14999999999999999        5.7319041317293558E-015   4.7141154191681497E-017   4.8074447900448135E-010   1.6650974268564098E-011   1.0000000000000001E-030   6.2897638730217543E-027   2.1441401463236764E-026   1.5580156395720984E-023   9.9711562234548008E-023   240.61298760622151       -1.1744495487317232E-026
       10001   1000000.0000000000        1093.1896768631364        18.774354685828140        316.22776601683790        2.3300000000000001       0.84999999999999998       0.14999999999999999        5.7319193425815863E-015   4.7141108947019728E-017   4.8074417800905810E-010   1.6651533287575982E-011   1.0000000000000001E-030   8.3941357592894704E-027   2.8694429623395422E-026   2.1567408899464998E-023   1.3804253914594292E-022   246.85193277662128       -1.4521444751947171E-026
       10001   1000000.0000000000        1093.1918080476357        20.418477301514223        316.22776601683790        2.3300000000000001       0.84999999999999998       0.14999999999999999        5.7319360661318400E-015   4.7141058955731597E-017   4.8074384702344363E-010   1.6652148021865949E-011   1.0000000000000001E-030   1.1283175371811169E-026   3.8720313778856356E-026   3.0106858211228278E-023   1.9270361935790779E-022   254.00841322005712       -1.8055279953641136E-026
       10001   1000000.0000000000        1093.1941258517581        22.206580321355077        316.22776601683790        2.3300000000000001       0.84999999999999998       0.14999999999999999        5.7319541733029752E-015   4.7141004526386893E-017   4.8074348858524877E-010   1.6652813764163412E-011   1.0000000000000001E-030   1.5293599607224327E-026   5.2770748391505199E-026   4.2430719762513395E-023   2.7157740999549137E-022   262.26869592083233       -2.2591738125287352E-026
       10001   1000000.0000000000        1093.1966466157178        24.151272511012497        316.22776601683790        2.3300000000000001       0.84999999999999998       0.14999999999999999        5.7319735448247720E-015   4.7140945936967072E-017   4.8074310503809065E-010   1.6653526167973430E-011   1.0000000000000001E-030   2.0934062713307931E-026   7.2794260292818918E-026   6.0457953180360012E-023   3.8693942500317593E-022   271.87299384043229       -2.8473971096483512E-026
       10001   1000000.0000000000        1093.1993881102148        26.266266820932874        316.22776601683790        2.3300000000000001       0.84999999999999998       0.14999999999999999        5.7319940705003393E-015   4.7140883437983450E-017   4.8074269854637780E-010   1.6654281220120194E-011   1.0000000000000001E-030   2.8992977489897896E-026   1.0191960307438860E-025   8.7242276319929232E-023   5.5832385796197137E-022   283.13662793996025       -3.6189984044532066E-026
       10001   1000000.0000000000        1093.2023696616195        28.566477082888710        316.22776601683790        2.3300000000000001       0.84999999999999998       0.14999999999999999        5.7320156485276239E-015   4.7140817255326545E-017   4.8074227110897098E-010   1.6655075215381660E-011   1.0000000000000001E-030   4.0731335949983815E-026   1.4538412927720826E-025   1.2776522853105625E-022   8.1759651815225951E-022   296.48175445884857       -4.6448429796684298E-026
       10001   1000000.0000000000        1093.2056122881056        31.068123174506820        316.22776601683790        2.3300000000000001       0.84999999999999998       0.14999999999999999        5.7320381848718711E-015   4.7140747592873625E-017   4.8074182457180561E-010   1.6655904733055984E-011   1.0000000000000001E-030   5.8244874193524411E-026   2.1239468192066893E-025   1.9038942380901920E-022   1.2182507659373730E-021   312.48578801714393       -6.0303389269492657E-026
       10001   1000000.0000000000        1093.2091388476842        33.788845393347479        316.22776601683790        2.3300000000000001       0.84999999999999998       0.14999999999999999        5.7320615926851689E-015   4.7140674634879337E-017   4.8074136063955278E-010   1.6656766615312488E-011   1.0000000000000001E-030   8.5179462584834664E-026   3.1735286944713986E-025   2.8962882224649071E-022   1.8531279720063547E-021   331.95165370642468       -7.9367477149483967E-026
       10001   1000000.0000000000        1093.2129741991810        36.747828847040090        316.22776601683790        2.3300000000000001       0.84999999999999998       0.14999999999999999        5.7320857917694927E-015   4.7140598548171987E-017   4.8074088088639157E-010   1.6657657947191244E-011   1.0000000000000001E-030   1.2818688881432003E-025   4.8755727860879982E-025   4.5167578241073055E-022   2.8897722177558824E-021   355.97436559972306       -1.0619393002690798E-025
       10001   1000000.0000000000        1093.2171453772839        39.965938736611179        316.22776601683790        2.3300000000000001       0.84999999999999998       0.14999999999999999        5.7321107080799771E-015   4.7140519484175748E-017   4.8074038676596215E-010   1.6658576038125616E-011   1.0000000000000001E-030   2.0097889179747438E-025   7.7462505050455581E-025   7.2604811456374829E-022   4.6449327670837007E-021   385.75412946460682       -1.4501181627748160E-025
       10001   1000000.0000000000        1093.2216817828903        43.465867486949911        316.22776601683790        2.3300000000000001       0.84999999999999998       0.14999999999999999        5.7321362732653572E-015   4.7140437580776973E-017   4.8073987962055883E-010   1.6659518404871800E-011   1.0000000000000001E-030   3.2785941932143930E-025   1.2806359374152031E-024   1.2105110581260549E-021   7.7439814425989050E-021   420.83302638085507       -2.0298542400722949E-025
       10001   1000000.0000000000        1093.2266153900848        47.272294761899261        316.22776601683790        2.3300000000000001       0.84999999999999998       0.14999999999999999        5.7321624242427850E-015   4.7140352964050927E-017   4.8073936068962242E-010   1.6660482755738177E-011   1.0557492720874049E-030   5.5976955162599453E-025   2.2109933431694696E-024   2.1017867951669726E-021   1.3445279914101764E-020   457.20495908984037       -2.9746463774684266E-025
       10001   1000000.0000000000        1093.2319809712012        51.412061492314940        316.22776601683790        2.3300000000000001       0.84999999999999998       0.14999999999999999        5.7321891028044083E-015   4.7140265749863291E-017   4.8073883111758439E-010   1.6661466976015492E-011   1.2111543616508205E-030   9.9934930589829249E-025   3.9795935509742289E-024   3.7964160035673706E-021   2.4285342900298055E-020   490.03138883051844       -4.5977226489450117E-025
       10001   1000000.0000000000        1093.2378163415428        55.914359144247676        316.22776601683790        2.3300000000000001       0.84999999999999998       0.14999999999999999        5.7322162552533401E-015   4.7140176045358424E-017   4.8073829196111171E-010   1.6662469114516471E-011   1.5040077968631487E-030   1.8540706768415087E-024   7.4222963921117786E-024   7.0953613930638094E-021   4.5387588764327294E-020   516.50988353172477       -7.4623701121097712E-025
       10001   1000000.0000000000        1093.2441626254711        60.810935561867311        316.22776601683790        2.3300000000000001       0.84999999999999998       0.14999999999999999        5.7322438320667741E-015   4.7140083950345140E-017   4.8073774419579776E-010   1.6663487371140406E-011   2.0058636656121678E-030   3.5437867923117112E-024   1.4230635037801083E-023   1.3619684357312840E-020   8.7121223115862071E-020   535.91443276297537       -1.2620782252429637E-024
       10001   1000000.0000000000        1093.2510645457276        66.136318836625861        316.22776601683790        2.3300000000000001       0.84999999999999998       0.14999999999999999        5.7322717875842271E-015   4.7139989558588408E-017   4.8073718872234306E-010   1.6664520085384690E-011   2.8306721082885325E-030   6.9177576721104963E-024   2.7826508448277335E-023   2.6648906185380766E-020   1.7046382941257569E-019   549.02995803043393       -2.2020617568444808E-024
       10001   1000000.0000000000        1093.2585707380063        71.928060781269068        316.22776601683790        2.3300000000000001       0.84999999999999998       0.14999999999999999        5.7323000797190216E-015   4.7139892959013387E-017   4.8073662637226213E-010   1.6665565725731322E-011   4.1593292356090287E-030   1.3692710917639714E-023   5.5127386537799109E-023   5.2812950855012123E-020   3.3782391042823055E-019   557.35083329722556       -3.9259285175117241E-024
       10001   1000000.0000000000        1093.2667340929750        78.227001725545264        316.22776601683790        2.3300000000000001       0.84999999999999998       0.14999999999999999        5.7323286696912391E-015   4.7139794236826557E-017   4.8073605791315242E-010   1.6666622879841716E-011   6.2776655939001805E-030   2.7337683901320838E-023   1.1011162436588212E-022   1.0550961531764607E-019   6.7490081891250687E-019   562.36626602789113       -7.0973576648846765E-024
       10001   1000000.0000000000        1093.2756121281288        85.077558500813126        316.22776601683790        2.3300000000000001       0.84999999999999998       0.14999999999999999        5.7323575217805557E-015   4.7139693474556612E-017   4.8073548405356143E-010   1.6667690245498430E-011   9.6361564968823814E-030   5.4860424028040540E-023   2.2101633405479436E-022   2.1180421454019783E-019   1.3548185772960055E-018   565.24049998150042       -1.2939767531036464E-023
       10001   1000000.0000000000        1093.2852673920704        92.528037644265609        316.22776601683790        2.3300000000000001       0.84999999999999998       0.14999999999999999        5.7323866030974520E-015   4.7139590753015953E-017   4.8073490544747936E-010   1.6668766622237007E-011   1.4943810646242321E-029   1.1041178621437874E-022   4.4486020766671920E-022   4.2635115867162513E-019   2.7271759358355826E-018   566.77549613405085       -2.3706525625514111E-023
       10001   1000000.0000000000        1093.2957679040262        100.63097603132084        316.22776601683790        2.3300000000000001       0.84999999999999998       0.14999999999999999        5.7324158833714583E-015   4.7139486152181482E-017   4.8073432269848739E-010   1.6669850903615458E-011   2.3315674124365733E-029   2.2255369016469233E-022   8.9672702495522803E-022   8.5946605177886091E-019   5.4976114583011974E-018   567.48530300259233       -4.3544080950264267E-023
       10001   1000000.0000000000        1093.3071876316599        109.44351133814270        316.22776601683790        2.3300000000000001       0.84999999999999998       0.14999999999999999        5.7324453347551119E-015   4.7139379751991648E-017   4.8073373636358630E-010   1.6670942070072912E-011   3.6504381342989452E-029   4.4890444652454546E-022   1.8087724248152991E-021   1.7336932953496113E-018   1.1089643265521258E-017   567.68545585652157       -8.0074104177549940E-023
       10001   1000000.0000000000        1093.3196070104950        119.02778494659654        316.22776601683790        2.3300000000000001       0.84999999999999998       0.14999999999999999        5.7324749316424949E-015   4.7139271633055050E-017   4.8073314695673141E-010   1.6672039182332705E-011   5.7263403495328388E-029   9.0562810161015690E-022   3.6490357869237917E-021   3.4977102886008063E-018   2.2373270278061211E-017   567.56403291881827       -1.4728912159923204E-022
       10001   1000000.0000000000        1093.3331135085539        129.45138013271696        316.22776601683790        2.3300000000000001       0.84999999999999998       0.14999999999999999        5.7325046505012579E-015   4.7139161877263751E-017   4.8073255495209348E-010   1.6673141375308545E-011   8.9916570688965153E-029   1.8267647721440992E-021   7.3604763068488181E-021   7.0554970633850422E-018   4.5130888321533416E-017   567.23016652209299       -2.7084308560073433E-022
       10001   1000000.0000000000        1093.3478022401202        140.78779862856183        316.22776601683790        2.3300000000000001       0.84999999999999998       0.14999999999999999        5.7325344697171185E-015   4.7139050568303320E-017   4.8073196078706721E-010   1.6674247852475484E-011   1.4125053032608923E-028   3.6834902778944390E-021   1.4841449321187156E-020   1.4226994917249016E-017   9.1003972413702043E-017   566.74471376004510       -4.9769934793539774E-022
       10001   1000000.0000000000        1093.3637766328668        153.11697891791701        316.22776601683790        2.3300000000000001       0.84999999999999998       0.14999999999999999        5.7325643694499449E-015   4.7138937792050322E-017   4.8073136486504376E-010   1.6675357880670450E-011   2.2191259074773713E-028   7.4235941385113313E-021   2.9910503427636318E-020   2.8673138240876642E-017   1.8341023243580091E-016   566.13869549282902       -9.1368746659691023E-022
       10001   1000000.0000000000        1093.3811491529561        166.52585992060216        316.22776601683790        2.3300000000000001       0.84999999999999998       0.14999999999999999        5.7325943315005716E-015   4.7138823636846848E-017   4.8073076755796314E-010   1.6676470785289674E-011   3.4859929530567394E-028   1.4951800149787233E-020   6.0241435903639057E-020   5.7751211222827285E-017   3.6941184751011170E-016   565.42379802076607       -1.6753756108789769E-021
       10001   1000000.0000000000        1093.4000420931052        181.10899404018389        316.22776601683790        2.3300000000000001       0.84999999999999998       0.14999999999999999        5.7326243391876015E-015   4.7138708193641806E-017   4.8073016920865656E-010   1.6677585945852825E-011   5.4748225264865892E-028   3.0091843593261457E-020   1.2123911584162858E-019   1.1623115150054184E-016   7.4348783216932447E-016   564.59773158268797       -3.0677745326485172E-021
       10001   1000000.0000000000        1093.4205884290304        196.96921389798786        316.22776601683790        2.3300000000000001       0.84999999999999998       0.14999999999999999        5.7326543772335585E-015   4.7138591555989236E-017   4.8072957013298479E-010   1.6678702791906117E-011   8.5957095568617526E-028   6.0510425173094798E-020   2.4379017596817252E-019   2.3372746732693458E-016   1.4950746452906345E-015   563.64606141102490       -5.6084854044091005E-021
       10001   1000000.0000000000        1093.4429327501518        214.21835745486533        316.22776601683790        2.3300000000000001       0.84999999999999998       0.14999999999999999        5.7326844316598863E-015   4.7138473819896587E-017   4.8072897062176780E-010   1.6679820799238701E-011   1.3491120703133007E-027   1.2155727186076414E-019   4.8973248984611966E-019   4.6953292503353529E-016   3.0034551739916364E-015   562.54128436328915       -1.0235001063119223E-020
       10001   1000000.0000000000        1093.4672322709143        232.97805663390125        316.22776601683790        2.3300000000000001       0.84999999999999998       0.14999999999999999        5.7327144896905378E-015   4.7138355083521481E-017   4.8072837094248776E-010   1.6680939486389412E-011   2.1167607998477156E-027   2.4391110499817764E-019   9.8265594994392315E-019   9.4215431578279353E-016   6.0266960928252365E-015   561.23932306988377       -1.8640144031270493E-020
       10001   1000000.0000000000        1093.4936579296341        253.38059500500913        316.22776601683790        2.3300000000000001       0.84999999999999998       0.14999999999999999        5.7327445396643011E-015   4.7138235446726979E-017   4.8072777134071434E-010   1.6682058411423555E-011   3.3202843400723329E-027   4.8875638912683786E-019   1.9690388233607451E-018   1.8879396626075455E-015   1.2076682901133044E-014   559.67317776476386       -3.3869818273851713E-020
       10001   1000000.0000000000        1093.5223955823412        275.56984057935517        316.22776601683790        2.3300000000000001       0.84999999999999998       0.14999999999999999        5.7327745709567552E-015   4.7138115010527812E-017   4.8072717204115963E-010   1.6683177168964067E-011   5.2072348887733771E-027   9.7778462990077748E-019   3.9390993301336980E-018   3.7769733440059159E-015   2.4160500113411175E-014   557.74322253369485       -6.1381785916816762E-020
       10001   1000000.0000000000        1093.5536472997121        299.70226029120391        316.22776601683790        2.3300000000000001       0.84999999999999998       0.14999999999999999        5.7328045739142871E-015   4.7137993876503890E-017   4.8072657324817839E-010   1.6684295387468639E-011   8.1668354183239243E-027   1.9521698598423060E-018   7.8643566349048860E-018   7.5409010481194350E-015   4.8237836897342864E-014   555.30371306782706       -1.1081244581138827E-019
       10001   1000000.0000000000        1093.5876327758585        325.94802332075642        316.22776601683790        2.3300000000000001       0.84999999999999998       0.14999999999999999        5.7328345398054208E-015   4.7137872146343150E-017   4.8072597514535467E-010   1.6685412726768066E-011   1.2813126640817473E-026   3.8876014538045088E-018   1.5660988598159322E-017   1.5017311533197867E-014   9.6063738374592247E-014   552.14594061182322       -1.9943012570703830E-019
       10001   1000000.0000000000        1093.6245908584538        354.49220103805158        316.22776601683790        2.3300000000000001       0.84999999999999998       0.14999999999999999        5.7328644608004822E-015   4.7137749921843296E-017   4.8072537789352941E-010   1.6686528875912890E-011   2.0119818103796879E-026   7.7161906797101192E-018   3.1083663012019918E-017   2.9806990444996355E-014   1.9067258440759065E-013   547.98075276328746       -3.5712048872605082E-019
       10001   1000000.0000000000        1093.6647812104518        385.53607202931107        316.22776601683790        2.3300000000000001       0.84999999999999998       0.14999999999999999        5.7328943300017449E-015   4.7137627306028584E-017   4.8072478162617449E-010   1.6687643551433411E-011   3.1642107384534469E-026   1.5247993059603969E-017   6.1423375472743427E-017   5.8902334751944351E-014   3.7679539201157219E-013   542.42769945818793       -6.3621650100176540E-019
       10001   1000000.0000000000        1093.7084861144888        419.29854140806611        316.22776601683790        2.3300000000000001       0.84999999999999998       0.14999999999999999        5.7329241415678351E-015   4.7137504406670281E-017   4.8072418644001247E-010   1.6688756496289780E-011   4.9885607142986990E-026   2.9953356353597958E-017   1.2065856908334987E-016   1.1570973717231356E-013   7.4019482618220079E-013   535.02152994477990       -1.1263068483659208E-018
       10001   1000000.0000000000        1093.7560124319471        456.01768441933399        316.22776601683790        2.3300000000000001       0.84999999999999998       0.14999999999999999        5.7329538910177705E-015   4.7137381344710422E-017   4.8072359237731154E-010   1.6689867480092287E-011   7.8905973213832687E-026   5.8367463412439603E-017   2.3511215770609311E-016   2.2547572305335965E-013   1.4423780630225821E-012   525.34804451530067       -1.9783783935015567E-018
       10001   1000000.0000000000        1093.8076937296155        495.95242522150778        316.22776601683790        2.3300000000000001       0.84999999999999998       0.14999999999999999        5.7329835758803897E-015   4.7137258272433242E-017   4.8072299939384111E-010   1.6690976301792495E-011   1.2540244812506429E-025   1.1251782516863879E-016   4.5322834322221397E-016   4.3466517093848816E-013   2.7805932722044234E-012   513.34654601375496       -3.4393483508360360E-018
       10001   1000000.0000000000        1093.8638925879086        539.38436268386613        316.22776601683790        2.3300000000000001       0.84999999999999998       0.14999999999999999        5.7330131969950528E-015   4.7137135410317493E-017   4.8072240730200676E-010   1.6692082797226376E-011   2.0011041657570393E-025   2.1400944159576735E-016   8.6202521178024193E-016   8.2674391730182759E-013   5.2887990844745511E-012   499.48795087245827       -5.9046212515103206E-018
       10001   1000000.0000000000        1093.9250031056922        586.61975607426393        316.22776601683790        2.3300000000000001       0.84999999999999998       0.14999999999999999        5.7330427609906469E-015   4.7137013117976065E-017   4.8072181567506622E-010   1.6693186855911403E-011   3.1708936434098524E-025   4.0077398641148335E-016   1.6142755169836922E-015   1.5482539754338567E-012   9.9044836382669853E-012   484.36456293404092       -9.9425798143242159E-018
       10001   1000000.0000000000        1093.9914536179413        637.99168463903061        316.22776601683790        2.3300000000000001       0.84999999999999998       0.14999999999999999        5.7330722848600137E-015   4.7136892026054456E-017   4.8072122369014383E-010   1.6694288455104940E-011   4.9848288070909921E-025   7.3786062949681502E-016   2.9719625966035892E-015   2.8505042260827177E-012   1.8235389644284828E-011   468.35358608490458       -1.6402139293788288E-017
       10001   1000000.0000000000        1094.0637096436785        693.86239630330283        316.22776601683790        2.3300000000000001       0.84999999999999998       0.14999999999999999        5.7331018042293134E-015   4.7136773275941788E-017   4.8072062987550610E-010   1.6695387725509311E-011   7.7599043397716675E-025   1.3340157910689782E-015   5.3730461258777757E-015   5.1536281639275367E-012   3.2969345154529197E-011   451.70049802090051       -2.6372527349963129E-017
       10001   1000000.0000000000        1094.1422770829815        754.62586205360674        316.22776601683790        2.3300000000000001       0.84999999999999998       0.14999999999999999        5.7331313879594068E-015   4.7136658944871161E-017   4.8072003171499977E-010   1.6696485073343373E-011   1.1941127081006498E-024   2.3662966980741389E-015   9.5305747890033931E-015   9.1416833325493012E-012   5.8482706723352074E-011   434.62035469673373       -4.1269975509647330E-017
       10001   1000000.0000000000        1094.2277056832188        820.71055401484307        316.22776601683790        2.3300000000000001       0.84999999999999998       0.14999999999999999        5.7331611632872742E-015   4.7136552780492510E-017   4.8071942504320074E-010   1.6697581399671455E-011   1.8138052874306586E-024   4.1153733832329656E-015   1.6574830995668251E-014   1.5899051215636776E-011   1.0171306237607565E-010   417.30272034077257       -6.2490995370967473E-017
       10001   1000000.0000000000        1094.3205927961687        892.58246681121705        316.22776601683790        2.3300000000000001       0.84999999999999998       0.14999999999999999        5.7331913580919476E-015   4.7136461439519601E-017   4.8071880315908537E-010   1.6698678482846653E-011   2.7165554667165671E-024   7.0142558901331286E-015   2.8249520485334527E-014   2.7098714983100884E-011   1.7336388867421574E-010   399.90231537189891       -9.1098890333375078E-017
       10001   1000000.0000000000        1094.4215874492113        970.74840351619173        316.22776601683790        2.3300000000000001       0.84999999999999998       0.14999999999999999        5.7332223702514164E-015   4.7136396526992195E-017   4.8071815555196141E-010   1.6699779626838356E-011   4.0086841242292140E-024   1.1712824464224004E-014   4.7171570294792837E-014   4.5251607211813647E-011   2.8950000382138990E-010   382.54009619315030       -1.2683133060106289E-016
       10001   1000000.0000000000        1094.5313947554157        1055.7595493622257        316.22776601683790        2.3300000000000001       0.84999999999999998       0.14999999999999999        5.7332548787571825E-015   4.7136377873114876E-017   4.8071746613084983E-010   1.6700890730245980E-011   5.8255282953651319E-024   1.9159534705918851E-014   7.7160044011927793E-014   7.4022335549295442E-011   4.7356782055983466E-010   365.30961035644697       -1.6645750993369030E-016
       10001   1000000.0000000000        1094.6507806890431        1148.2153584102582        316.22776601683790        2.3300000000000001       0.84999999999999998       0.14999999999999999        5.7332900175106206E-015   4.7136438674195928E-017   4.8071671084637802E-010   1.6702022002271505E-011   8.3350508989109460E-024   3.0699827373825062E-014   1.2363226035864017E-013   1.1860947819703089E-010   7.5882888678048202E-010   348.28406574110801       -2.0104008667801620E-016
       10001   1000000.0000000000        1094.7805772547449        1248.7677805856742        316.22776601683790        2.3300000000000001       0.84999999999999998       0.14999999999999999        5.7333296407269752E-015   4.7136633369398565E-017   4.8071585460128893E-010   1.6703190645845740E-011   1.1740343600518410E-023   4.8188043783907849E-014   1.9405420974819411E-013   1.8617809954057651E-010   1.1911277673051820E-009   331.52220250956611       -2.1169436399925872E-016
       10001   1000000.0000000000        1094.9216880805568        1358.1258588876030        316.22776601683790        2.3300000000000001       0.84999999999999998       0.14999999999999999        5.7333767186556839E-015   4.7137049425659108E-017   4.8071484738318278E-010   1.6704424945112695E-011   1.6280451678750255E-023   7.4106171957579106E-014   2.9841836625984847E-013   2.8631870724032317E-010   1.8318294055062980E-009   315.07254613956087       -1.6337557439092554E-016
       10001   1000000.0000000000        1095.0750944666568        1477.0607291886670        316.22776601683790        2.3300000000000001       0.84999999999999998       0.14999999999999999        5.7334359137214327E-015   4.7137824556164339E-017   4.8071361961939433E-010   1.6705770333552779E-011   2.2228980750315441E-023   1.1167890877610704E-013   4.4970653301458544E-013   4.3149203455000180E-010   2.7606661661747428E-009   298.97625038025541        3.7755640117110423E-018
       10001   1000000.0000000000        1095.2418619237469        1606.4110578811351        316.22776601683790        2.3300000000000001       0.84999999999999998       0.14999999999999999        5.7335143997673724E-015   4.7139171292054318E-017   4.8071207685198256E-010   1.6707298175433428E-011   2.9890057009788885E-023   1.6497095592500710E-013   6.6428100164961437E-013   6.3740524432873144E-010   4.0781465287398922E-009   283.26890132236082        3.8593127071327399E-016
       10001   1000000.0000000000        1095.4231472368297        1747.0889557129149        316.22776601683790        2.3300000000000001       0.84999999999999998       0.14999999999999999        5.7336230000950464E-015   4.7141411239516142E-017   4.8071009396259412E-010   1.6709118156943541E-011   3.9591406757741695E-023   2.3894999548659532E-013   9.6213736663354922E-013   9.2325559421450453E-010   5.9071162165204572E-009   267.98162114468545        1.1301708526503506E-015
       10001   1000000.0000000000        1095.6202060920441        1900.0864095146821        316.22776601683790        2.3300000000000001       0.84999999999999998       0.14999999999999999        5.7337777324266555E-015   4.7145021753810383E-017   4.8070750933812870E-010   1.6711395339566460E-011   5.1674584623352952E-023   3.3949827767223694E-013   1.3669502871726123E-012   1.3117756103944153E-009   8.3930497493541171E-009   253.14172633720833        2.4521899749069911E-015
       10001   1000000.0000000000        1095.8344013060751        2066.4822771712666        316.22776601683790        2.3300000000000001       0.84999999999999998       0.14999999999999999        5.7340018595699739E-015   4.7150698112371191E-017   4.8070411954675843E-010   1.6714373058774563E-011   6.6482685641927897E-023   4.7335789578113928E-013   1.9058521397800414E-012   1.8290220857746609E-009   1.1702703244167044E-008   238.77311604144776        4.6568568063263019E-015
       10001   1000000.0000000000        1096.0672116994228        2247.4498951622236        316.22776601683790        2.3300000000000001       0.84999999999999998       0.14999999999999999        5.7343285522430444E-015   4.7159434538820651E-017   4.8069967527265910E-010   1.6718402937305901E-011   8.4346185546828511E-023   6.4799993513952201E-013   2.6089051106970836E-012   2.5038709583793717E-009   1.6020885519566226E-008   224.89650597491772        8.1610726284891162E-015
       10001   1000000.0000000000        1096.3202416564613        2444.2653523159543        316.22776601683790        2.3300000000000001       0.84999999999999998       0.14999999999999999        5.7348042742572149E-015   4.7172627606077626E-017   4.8069387941534909E-010   1.6723983311509320E-011   1.0556782245787079E-022   8.7141552339253945E-013   3.5082588680223070E-012   3.3672104116630156E-009   2.1545298275063012E-008   211.52958157552521        1.3518254737484773E-014
       10001   1000000.0000000000        1096.5952314166823        2658.3164881195166        316.22776601683790        2.3300000000000001       0.84999999999999998       0.14999999999999999        5.7354929996606816E-015   4.7192205663327355E-017   4.8068638837276520E-010   1.6731807346131471E-011   1.3040762041014044E-022   1.1518365272089867E-012   4.6370250937550300E-012   4.4508620806850584E-009   2.8479636280316237E-008   198.68711606271535        2.1443943762175222E-014
       10001   1000000.0000000000        1096.8940681427282        2891.1126790356084        316.22776601683790        2.3300000000000001       0.84999999999999998       0.14999999999999999        5.7364813675831505E-015   4.7220788320829814E-017   4.8067681757522533E-010   1.6742822165065144E-011   1.5906923003462240E-022   1.4974038598781970E-012   6.0279413041048602E-012   5.7862997344975948E-009   3.7025391147563189E-008   186.38108071620900        3.2842785844078183E-014
       10001   1000000.0000000000        1097.2187978117224        3144.2954818345379        316.22776601683790        2.3300000000000001       0.84999999999999998       0.14999999999999999        5.7378848776806164E-015   4.7261881830329922E-017   4.8066475230549096E-010   1.6758300913402213E-011   1.9168870956038738E-022   1.9158104179481863E-012   7.7119328259147699E-012   7.4032697938024057E-009   4.7373026161007211E-008   174.62076254286248        4.8824138769856905E-014
       10001   1000000.0000000000        1097.5716379768667        3419.6502089925411        316.22776601683790        2.3300000000000001       0.84999999999999998       0.14999999999999999        5.7398551788866469E-015   4.7320100832927869E-017   4.8064976472509736E-010   1.6779922982413998E-011   2.2832669446459536E-022   2.4139519204831695E-012   9.7167069547026999E-012   9.3284422259782138E-009   5.9693344462767565E-008   163.41289641565265        7.0578882353393681E-014
       10001   1000000.0000000000        1097.9549914462352        3719.1185177799598        316.22776601683790        2.3300000000000001       0.84999999999999998       0.14999999999999999        5.7425885179852346E-015   4.7401415055613672E-017   4.8063143782887809E-010   1.6809860717947100E-011   2.6896462873428593E-022   2.9976211280027987E-012   1.2065522150930745E-011   1.1584228891861287E-008   7.4129927597414498E-008   152.76181322757216        9.9669249751462041E-014
       10001   1000000.0000000000        1098.3714609249862        4044.8121018110778        316.22776601683790        2.3300000000000001       0.84999999999999998       0.14999999999999999        5.7463355014640211E-015   4.7513452567898005E-017   4.8060939678812434E-010   1.6850884414981054E-011   3.1350539054384093E-022   3.6712784691383712E-012   1.4776265223113622E-011   1.4187896977402013E-008   9.0793461103414070E-008   142.66960172751629        1.3781885707087453E-013
       10001   1000000.0000000000        1098.8238646657280        4399.0275816010808        316.22776601683790        2.3300000000000001       0.84999999999999998       0.14999999999999999        5.7514122054337115E-015   4.7665844020628560E-017   4.8058334785925703E-010   1.6906477163170454E-011   3.6177828292468431E-022   4.4379251904212032E-012   1.7860941566121097E-011   1.7151078454294237E-008   1.0975859325695516E-007   133.13627890730370        1.8696675036465208E-013
       10001   1000000.0000000000        1099.3152531693113        4784.2626991306734        316.22776601683790        2.3300000000000001       0.84999999999999998       0.14999999999999999        5.7582127272916721E-015   4.7870606678667888E-017   4.8055312473908834E-010   1.6980956553315793E-011   4.1354801805905354E-022   5.2990947128478449E-012   2.1325641481616699E-011   2.0479736224016594E-008   1.3106371540063659E-007   124.15996161082873        2.4926562615473308E-013
       10001   1000000.0000000000        1099.8489269747222        5203.2339306138792        316.22776601683790        2.3300000000000001       0.84999999999999998       0.14999999999999999        5.7672233460827337E-015   4.8142580118678578E-017   4.8051874198621221E-010   1.7079605068526284E-011   4.6852703778221447E-022   6.2549654410739665E-012   2.5170995503547821E-011   2.4174599552899566E-008   1.5471374493263065E-007   115.73703029419679        3.2708391224021499E-013
       10001   1000000.0000000000        1100.4284555717907        5658.8956416651308        316.22776601683790        2.3300000000000001       0.84999999999999998       0.14999999999999999        5.7790385095435623E-015   4.8499922259268489E-017   4.8048045493140929E-010   1.7208808867761652E-011   5.2639030706208890E-022   7.3045856179949886E-012   2.9393080698982464E-011   2.8232032518933370E-008   1.8068567926830346E-007   107.86227447315076        4.2301710703809668E-013
       10001   1000000.0000000000        1101.0576974638673        6154.4609199376109        316.22776601683790        2.3300000000000001       0.84999999999999998       0.14999999999999999        5.7943789651641212E-015   4.8964680166747045E-017   4.8043882538287284E-010   1.7376206149302452E-011   5.8679160268551226E-022   8.4461896938568396E-012   3.3984695139874449E-011   3.2645256205444560E-008   2.0893641401883508E-007   100.52900841741140        5.3991462419478462E-013
       10001   1000000.0000000000        1101.7408213992080        6693.4242321340962        316.22776601683790        2.3300000000000001       0.84999999999999998       0.14999999999999999        5.8141124821041441E-015   4.9563456989003317E-017   4.8039479240084320E-010   1.7590847999529582E-011   6.4938029444167936E-022   9.6775774985442088E-012   3.8936884834381886E-011   3.7405813758821316E-008   2.3941211622344263E-007   93.729145365838633        6.8092878769469301E-013
       10001   1000000.0000000000        1102.4823287792549        7279.5860651551784        316.22776601683790        2.3300000000000001       0.84999999999999998       0.14999999999999999        5.8392777759630738E-015   5.0328205493261202E-017   4.8034974743583473E-010   1.7863376916141943E-011   7.1381766872742084E-022   1.0996523149784442E-011   4.4240589911614742E-011   4.2505150565356168E-008   2.7205833554206573E-007   87.453219417724426        8.4959258265487609E-013
       10001   1000000.0000000000        1103.2870772389979        7917.0797251417562        316.22776601683790        2.3300000000000001       0.84999999999999998       0.14999999999999999        5.8711124533402118E-015   5.1297190421077586E-017   4.8030248972102622E-010   1.8206231027662781E-011   7.7979195754120461E-022   1.2401180392909736E-011   4.9888275949217019E-011   4.7936183926035732E-008   3.0683003017480103E-007   81.690347652189885        1.0499344175620403E-012
       10001   1000000.0000000000        1104.1603053788381        8610.4004833844119        316.22776601683790        2.3300000000000001       0.84999999999999998       0.14999999999999999        5.9110860435485735E-015   5.2516176752165321E-017   4.8026375248430732E-010   1.8633885375778076E-011   8.4703138588715305E-022   1.3890454573613442E-011   5.5875430498285824E-011   5.3694727048323886E-008   3.4370077066970239E-007   76.428124527555923        1.5767753149296690E-012
       10001   1000000.0000000000        1105.1076586085028        9364.4372746213958        316.22776601683790        2.3300000000000001       0.84999999999999998       0.14999999999999999        5.9609394893961194E-015   5.4039919725694329E-017   4.8028458249496486E-010   1.9163145450411241E-011   9.1531472095098888E-022   1.5464317927255442E-011   6.2201831001543577E-011   5.9780677753229161E-008   3.8267054479972064E-007   71.652458862044199        2.2318349407268080E-012
       10001   1000000.0000000000        1106.1352160412600        10184.507171244810        316.22776601683790        2.3300000000000001       0.84999999999999998       0.14999999999999999        6.0227328409502384E-015   5.5934056177294709E-017   4.8043843363507807E-010   1.9813512475004469E-011   9.8447899401311440E-022   1.7124053493683964E-011   6.8872525057910896E-011   6.6198974531359935E-008   4.2377179977527311E-007   67.347378998597279        3.0346603826425100E-012
       10001   1000000.0000000000        1107.2495183506157        11076.392876509570        316.22776601683790        2.3300000000000001       0.84999999999999998       0.14999999999999999        6.0989033558731704E-015   5.8277526980777024E-017   4.8081141356621322E-010   2.0607644816185131E-011   1.0544242442707317E-021   1.8872422158225044E-011   7.5898501007908078E-011   7.2960252654230474E-008   4.6707358523694555E-007   63.494820173331753        4.0084783939452534E-012
       10001   1000000.0000000000        1108.4575964715577        12046.383501126886        316.22776601683790        2.3300000000000001       0.84999999999999998       0.14999999999999999        6.1923367870199010E-015   6.1165699419765047E-017   4.8150648531017358E-010   2.1571945548100535E-011   1.1251152989461254E-021   2.0713755855005920E-011   8.3297061177897665E-011   8.0081201128892728E-008   5.1268387152179963E-007   60.074438527881689        5.1805203778474877E-012
       10001   1000000.0000000000        1109.7670009939784        13101.318910778036        316.22776601683790        2.3300000000000001       0.84999999999999998       0.14999999999999999        6.3064553750371565E-015   6.4714409456527680E-017   4.8264588476188960E-010   2.2737313017088347E-011   1.1965807720599104E-021   2.2653987287299936E-011   9.1091939569711257E-011   8.7584675106358300E-008   5.6075029874956562E-007   57.063505066306249        6.5830992998613847E-012
       10001   1000000.0000000000        1111.1858320569968        14248.637957263581        316.22776601683790        2.3300000000000001       0.84999999999999998       0.14999999999999999        6.4453270201657980E-015   6.9065211847053449E-017   4.8437396859287774E-010   2.4140099820175507E-011   1.2689096199950780E-021   2.4700631728182556E-011   9.9313226725632035E-011   9.5499622627902195E-008   6.1145974122931549E-007   54.436929215337784        8.2549679695813175E-012
       10001   1000000.0000000000        1112.7227695094357        15496.430933388809        316.22776601683790        2.3300000000000001       0.84999999999999998       0.14999999999999999        6.6138013651138067E-015   7.4392217632399426E-017   4.8686063288325169E-010   2.5823336782675957E-011   1.3422457350226791E-021   2.6862739237062341E-011   1.0799717562894371E-010   1.0386089607379592E-007   6.6503714044121801E-007   52.167451849150218        1.0243042331530133E-011
       10001   1000000.0000000000        1114.3871030537475        16853.496621469865        316.22776601683790        2.3300000000000001       0.84999999999999998       0.14999999999999999        6.8176801913338675E-015   8.0911023364152594E-017   4.9030547549999081E-010   2.7838293464614452E-011   1.4167811048600617E-021   2.9150836115677798E-011   1.1718596443552541E-010   1.1270902088185738E-007   7.2174407213114908E-007   50.226027631612112        1.2604608310078879E-011
       10001   1000000.0000000000        1116.1887620385178        18329.404337736843        316.22776601683790        2.3300000000000001       0.84999999999999998       0.14999999999999999        7.0639317637021274E-015   8.8890408172664123E-017   4.9494292607099525E-010   3.0246466985518828E-011   1.4927482327187929E-021   3.1576872978785325E-011   1.2692748597850672E-010   1.2208998843055689E-007   7.8187747743989387E-007   48.582385621288118        1.5410175566777906E-011
       10001   1000000.0000000000        1118.1383445087483        19934.561410138173        316.22776601683790        2.3300000000000001       0.84999999999999998       0.14999999999999999        7.3609617586033502E-015   9.8667713117289318E-017   5.0104863643767130E-010   3.3122118621163112E-011   1.5704126150083852E-021   3.4154193882773493E-011   1.3727522217390987E-010   1.3205512858341921E-007   8.4576891564282073E-007   47.205725757111033        1.8747204074046328E-011
       10001   1000000.0000000000        1120.2471450642558        21680.286565364473        316.22776601683790        2.3300000000000001       0.84999999999999998       0.14999999999999999        7.7189574580742035E-015   1.1066915040257760E-016   5.0894751856960961E-010   3.6555515512351468E-011   1.6500655943078140E-021   3.6897537528582722E-011   1.4828824766220338E-010   1.4266110404461475E-007   9.1378461144787494E-007   46.065491430103179        2.2725002422756358E-011
       10001   1000000.0000000000        1122.5271810158119        23578.889742579249        316.22776601683790        2.3300000000000001       0.84999999999999998       0.14999999999999999        8.1503273615695284E-015   1.2543675826345883E-016   5.1902394472499153E-010   4.0657086648000331E-011   1.7320182012126012E-021   3.9823078164483660E-011   1.6003139338756623E-010   1.5397005541887922E-007   9.8632648601683788E-007   45.132138358759505        2.7481203722624978E-011
       10001   1000000.0000000000        1124.9912162675985        25643.758896660285        316.22776601683790        2.3300000000000001       0.84999999999999998       0.14999999999999999        8.6702657942564208E-015   1.4366437996763358E-016   5.3173479777439453E-010   4.5562773423862300E-011   1.8165963820754687E-021   4.2948510703082522E-011   1.7257558832652122E-010   1.6604991363264892E-007   1.0638342839594904E-006   44.377824384044331        3.3190360074280785E-011
       10001   1000000.0000000000        1127.6527822951371        27889.454403043019        316.22776601683790        2.3300000000000001       0.84999999999999998       0.14999999999999999        9.2974822206083121E-015   1.6624598911098063E-016   5.4762629327025971E-010   5.1440952998283387E-011   1.9041377583588168E-021   4.6293182359698653E-011   1.8599838874305433E-010   1.7897488755561286E-007   1.1467888539619136E-006   43.776961703994807        4.0075384575008938E-011
       10001   1000000.0000000000        1130.5261955324652        30331.811729859663        316.22776601683790        2.3300000000000001       0.84999999999999998       0.14999999999999999        1.0055148865420938E-014   1.9434103672739503E-016   5.6735580966958637E-010   5.8501448057675750E-011   1.9949899552923859E-021   4.9878271852374793E-011   2.0038469931766200E-010   1.9282612938143252E-007   1.2357166093575194E-006   43.306596335700959        4.8422829614982397E-011
       10001   1000000.0000000000        1133.6265704338991        32988.053101364101        316.22776601683790        2.3300000000000001       0.84999999999999998       0.14999999999999999        1.0972139429095512E-014   2.2946345112512081E-016   5.9172038775626492E-010   6.7007324921933263E-011   2.0895104065407486E-021   5.3727016817341675E-011   2.1582768903737587E-010   2.0769257832021436E-007   1.3311951853569463E-006   42.946605907055073        5.8603357394600297E-011
       10001   1000000.0000000000        1136.9698274376385        35876.908940033594        316.22776601683790        2.3300000000000001       0.84999999999999998       0.14999999999999999        1.2084658375599017E-014   2.7360376942936939E-016   6.2169413530014069E-010   7.7290445641871337E-011   2.1880674481299144E-021   5.7864990505784516E-011   2.3242990652172194E-010   2.2367198406115839E-007   1.4338603197945439E-006   42.679729691707294        7.1099283508926851E-011
       10001   1000000.0000000000        1140.5726950345397        39018.749943694966        316.22776601683790        2.3300000000000001       0.84999999999999998       0.14999999999999999        1.3438397708951461E-014   3.2939806372020467E-016   6.5847755663638137E-010   8.9772111831882334E-011   2.2910424556365444E-021   6.2320429882974533E-011   2.5030460388569703E-010   2.4087211461572451E-007   1.5444140102759201E-006   42.491460734674781        8.6541833211450756E-011
       10001   1000000.0000000000        1144.4527051397749        42435.730729013565        316.22776601683790        2.3300000000000001       0.84999999999999998       0.14999999999999999        1.5091411105910238E-014   4.0036352661144879E-016   7.0356290385301463E-010   1.0499066715692323E-010   2.3988327440759432E-021   6.7124618819029174E-011   2.6957728480390698E-010   2.5941215795121001E-007   1.6636340392831188E-006   42.369837961012088        1.0576185360270716E-010
       10001   1000000.0000000000        1148.6281809821307        46151.946054241162        316.22776601683790        2.3300000000000001       0.84999999999999998       0.14999999999999999        1.7117970809061875E-014   4.9122986158293472E-016   7.5882114033405584E-010   1.2363868422395394E-010   2.5118549251099757E-021   7.2312332059829879E-011   2.9038750084452896E-010   2.7942433281726624E-007   1.7923850080506926E-006   42.305177276762009        1.2985933931415440E-010
       10001   1000000.0000000000        1153.1182167697198        50193.600722828931        316.22776601683790        2.3300000000000001       0.84999999999999998       0.14999999999999999        1.9613781369250655E-014   6.0840964759208435E-016   8.2661819956643972E-010   1.4661345913770361E-010   2.6305483823789976E-021   7.7922348086946802E-011   3.1289093039859642E-010   3.0105573111493151E-007   1.9316310795637428E-006   42.289776920391354        1.6029949994921716E-010
       10001   1000000.0000000000        1157.9426484658682        54589.194365971067        316.22776601683790        2.3300000000000001       0.84999999999999998       0.14999999999999999        2.2703082070838694E-014   7.6067225778448916E-016   9.0997117758234504E-010   1.7508613838038226E-010   2.7553784616944193E-021   8.3998041895650818E-011   3.3726178703321571E-010   3.2447042207367888E-007   2.0824507027094808E-006   42.317626017886155        1.9904659612541904E-010
       10001   1000000.0000000000        1163.1220151183127        59369.722407071960        316.22776601683790        2.3300000000000001       0.84999999999999998       0.14999999999999999        2.6548400854790361E-014   9.6011894674821842E-016   1.0127593050883957E-009   2.1059716057092615E-010   2.8868388550992780E-021   9.0588072326783083E-011   3.6369561971312298E-010   3.4985185768573600E-007   2.2460536779105735E-006   42.384138425299213        2.4875196164541438E-010
       10001   1000000.0000000000        1168.6775103309481        64568.894625233588        316.22776601683790        2.3300000000000001       0.84999999999999998       0.14999999999999999        3.1364063843166278E-014   1.2236082539054158E-015   1.1400105768617508E-009   2.5518919982223188E-010   3.0254524607601718E-021   9.7747183204096380E-011   3.9241258753828305E-010   3.7740562993055597E-007   2.4238010372385988E-006   42.485927909860635        3.1302038491267752E-010
       10001   1000000.0000000000        1174.6309236511299        70223.372858955801        316.22776601683790        2.3300000000000001       0.84999999999999998       0.14999999999999999        3.7435073537299341E-014   1.5748621811872701E-015   1.2982936148939362E-009   3.1159405492170945E-010   3.1717696969593028E-021   1.0553714365745965E-010   4.2366131873452756E-010   4.0736264435273303E-007   2.6172283611476810E-006   42.620636310771594        3.9679069801814132E-010
       10001   1000000.0000000000        1181.0045718660986        76373.029526213533        316.22776601683790        2.3300000000000001       0.84999999999999998       0.14999999999999999        4.5143735049023420E-014   2.0476134175714179E-015   1.4962569589887168E-009   3.8349789390834721E-010   3.3263628118068515E-021   1.1402786140566124E-010   4.5772350105591438E-010   4.3998279311529391E-007   2.8280733575818560E-006   42.786823803103395        5.0688415039667776E-010
       10001   1000000.0000000000        1187.8212204562610        83061.228783857878        316.22776601683790        2.3300000000000001       0.84999999999999998       0.14999999999999999        5.5007574725930604E-014   2.6903636757916443E-015   1.7453763800854714E-009   4.7592145199899248E-010   3.4898141422609509E-021   1.2329871452282824E-010   4.9491940357011421E-010   4.7555923600190015E-007   3.0583088133377765E-006   42.983929644513012        6.5280128869927505E-010
       10001   1000000.0000000000        1195.1039957353105        90335.132308930857        316.22776601683790        2.3300000000000001       0.84999999999999998       0.14999999999999999        6.7733884420964174E-014   3.5736665426605259E-015   2.0609977961348687E-009   5.9577062048068434E-010   3.6626955393301479E-021   1.3344016387253715E-010   5.3561460530304714E-010   5.1442343307829060E-007   3.3101824289858014E-006   43.212312411591107        8.4788997759069281E-010
       10001   1000000.0000000000        1202.8762885091633        98246.031858102593        316.22776601683790        2.3300000000000001       0.84999999999999998       0.14999999999999999        8.4298999441235717E-014   4.8014174547122459E-015   2.4638031553715656E-009   7.5264228372074382E-010   3.8455353365131219E-021   1.4455573212145936E-010   5.8022831478917721E-010   5.5695112184066322E-007   3.5862656179910658E-006   43.473380107974776        1.1110724196494754E-009
       10001   1000000.0000000000        1211.1616503966668        106849.71095026600        316.22776601683790        2.3300000000000001       0.84999999999999998       0.14999999999999999        1.0606476636984903E-013   6.5285897205380038E-015   2.9818856154702438E-009   9.6001667624798201E-010   4.0387684149527670E-021   1.5676446896632943E-010   6.2924382072456705E-010   6.0356949947745228E-007   3.8895141556253818E-006   43.769821858077073        1.4694213045313695E-009
       10001   1000000.0000000000        1219.9836842618370        116206.83822268601        316.22776601683790        2.3300000000000001       0.84999999999999998       0.14999999999999999        1.3495154075690721E-013   8.9894841661998940E-015   3.6537081584319082E-009   1.2370415143779320E-009   4.2426643421152617E-021   1.7020406979800624E-010   6.8322183772423999E-010   6.5476596255168775E-007   4.2233446915686364E-006   44.105953308913506        1.9620367330298489E-009
       10001   1000000.0000000000        1229.3659304951509        126383.39523444363        316.22776601683790        2.3300000000000001       0.84999999999999998       0.14999999999999999        1.7369806471890182E-013   1.2543372367458743E-014   4.5323511125111480E-009   1.6112322850724014E-009   4.4572286100058068E-021   1.8503488150611943E-010   7.4281783026323242E-010   7.1109887671410543E-007   4.5917327019834327E-006   44.488186536901708        2.6459323636672651E-009
       10001   1000000.0000000000        1239.3317511343253        137451.14173382093        316.22776601683790        2.3300000000000001       0.84999999999999998       0.14999999999999999        2.2625636352605980E-013   1.7749338604308619E-014   5.6916511516590020E-009   2.1226068229637504E-009   4.6820732275715871E-021   2.0144512092023149E-010   8.0880485043863561E-010   7.7321100083907619E-007   4.9993395867605593E-006   44.925631671068317        3.6050500958692777E-009
       10001   1000000.0000000000        1249.9042140172987        149488.12167044831        316.22776601683790        2.3300000000000001       0.84999999999999998       0.14999999999999999        2.9839883114483593E-013   2.5490873897317139E-014   7.2351308340194590E-009   2.8300904950016373E-009   4.9162560713713049E-021   2.1965775634624179E-010   8.8210406363809789E-010   8.4184637092053307E-007   5.4516794670411929E-006   45.430831428026593        4.9641838122082533E-009
       10001   1000000.0000000000        1261.1059792972862        162579.21352035040        316.22776601683790        2.3300000000000001       0.84999999999999998       0.14999999999999999        3.9866252031397976E-013   3.7186535715750453E-014   9.3090639281656402E-009   3.8215557912467260E-009   5.1580944762189024E-021   2.3993967405972545E-010   9.6382604918253292E-010   9.1787166226556287E-007   5.9553400598538991E-006   46.020620945956182        6.9106640465115629E-009
       10001   1000000.0000000000        1272.9591907097326        176816.72880448613        316.22776601683790        2.3300000000000001       0.84999999999999998       0.14999999999999999        5.3983490957741544E-013   5.5151597557461805E-014   1.2121664179717387E-008   5.2297379168618678E-009   5.4049756409588664E-021   2.6261396860385689E-010   1.0553272064407244E-009   1.0023032480185916E-006   6.5182766482687355E-006   46.717055082739755        9.7284345557087472E-009
       10001   1000000.0000000000        1285.4853739553596        192301.06302123182        316.22776601683790        2.3300000000000001       0.84999999999999998       0.14999999999999999        7.4132174962044518E-013   8.3230218013504429E-014   1.5971594301199823E-008   7.2577881244449960E-009   5.6531574832677933E-021   2.8807649962038016E-010   1.1582874507489189E-009   1.0963411744542479E-006   7.1502043763734420E-006   47.548577711468916        1.3856792512586104E-008
       10001   1000000.0000000000        1298.7053444483759        209141.40358283502        316.22776601683790        2.3300000000000001       0.84999999999999998       0.14999999999999999        1.0329693737376111E-012   1.2792128535855532E-013   2.1290938049323551E-008   1.0220823233725716E-008   5.8974784552540353E-021   3.1681857689128737E-010   1.2748193464689262E-009   1.2014121470215392E-006   7.8631295846587493E-006   48.552051975388729        1.9969337554202216E-008
       10001   1000000.0000000000        1312.6391264757208        227456.49974784054        316.22776601683790        2.3300000000000001       0.84999999999999998       0.14999999999999999        1.4612805132909819E-012   2.0040493367378480E-013   2.8708576776694309E-008   1.4613915955149376E-008   6.1312763162799945E-021   3.4945820933743338E-010   1.4076228781586111E-009   1.3192250038765755E-006   8.6720712830227713E-006   49.774300842989469        2.9118154391049114E-008
       10001   1000000.0000000000        1327.3058855286606        247375.49997864486        316.22776601683790        2.3300000000000001       0.84999999999999998       0.14999999999999999        2.0996523009963099E-012   3.2025842753347058E-013   3.9145155588917812E-008   2.1224703580973851E-008   6.3464838971558300E-021   3.8678296658178378E-010   1.5602057096271095E-009   1.4518397486108831E-006   9.5960316339397551E-006   51.273844933959786        4.2960915508960531E-008
       10001   1000000.0000000000        1342.7238752141163        269038.86262878962        316.22776601683790        2.3300000000000001       0.84999999999999998       0.14999999999999999        3.0654224549927554E-012   5.2238284099316380E-013   5.3955971699982149E-008   3.1321707798014459E-008   6.5339073498179952E-021   4.2980900242351603E-010   1.7372002352720122E-009   1.6017521864813121E-006   1.0659298598372464E-005   53.123207337730342        6.4130713020312589E-008
       10001   1000000.0000000000        1358.9103997460932        292599.34638167988        316.22776601683790        2.3300000000000001       0.84999999999999998       0.14999999999999999        4.5485428603177973E-012   8.7012590013238263E-013   7.5146342312278125E-008   4.6972019015761167E-008   6.6837194173473502E-021   4.7986285661414994E-010   1.9448265759649272E-009   1.7719968045754062E-006   1.1893191802265943E-005   55.411961881868152        9.6845076537213497E-008
       10001   1000000.0000000000        1375.8817925771068        318223.08742478525        316.22776601683790        2.3300000000000001       0.84999999999999998       0.14999999999999999        6.8602670034370890E-012   1.4804914880988797E-012   1.0569427410166452E-007   7.1581008022961475E-008   6.7865437871254495E-021   5.3869490704355711E-010   2.1915766767977763E-009   1.9662704856948509E-006   1.3338376935828167E-005   58.248627158546419        1.4787172711180264E-007
       10001   1000000.0000000000        1393.6534112770398        346090.77095499361        316.22776601683790        2.3300000000000001       0.84999999999999998       0.14999999999999999        1.0516719398259077E-011   2.5734459089934624E-012   1.5003689872659636E-007   1.1081693908800137E-007   6.8353811758380178E-021   6.0863202385712831E-010   2.4892195743628216E-009   2.1890580086095716E-006   1.5047763817848665E-005   61.761224145999897        2.2847872268550717E-007
       10001   1000000.0000000000        1412.2396483240107        376398.90527594875        316.22776601683790        2.3300000000000001       0.84999999999999998       0.14999999999999999        1.6384121117119618E-011   4.5707435115391570E-012   2.1484547063774733E-007   1.7421208141437437E-007   6.8194553108693315E-021   6.9280814394613635E-010   2.8544094318251926E-009   2.4457942234738822E-006   1.7090624165523229E-005   66.132769233405412        3.5662514654103431E-007
       10001   1000000.0000000000        1431.6539570590496        409361.20747165574        316.22776601683790        2.3300000000000001       0.84999999999999998       0.14999999999999999        2.5930646568930547E-011   8.2935935408379759E-012   3.1013232594744706E-007   2.7791011968783891E-007   6.7351058927034361E-021   7.9550123900281137E-010   3.3112335127870909E-009   2.7431321272916362E-006   1.9558084601708548E-005   71.588766924103027        5.6200446997589185E-007
       10001   1000000.0000000000        1451.9088916911542        445210.11042738560        316.22776601683790        2.3300000000000001       0.84999999999999998       0.14999999999999999        4.1669799543013877E-011   1.5367747444019776E-011   4.5096044287539518E-007   4.4943461032029854E-007   6.5771311331410804E-021   9.2261523532100257E-010   3.8952699550682443E-009   3.0892355880610358E-006   2.2569879457179150E-005   78.421094869115919        8.9327123217176687E-007
       10001   1000000.0000000000        1473.0161599355504        484198.40182460181        316.22776601683790        2.3300000000000001       0.84999999999999998       0.14999999999999999        6.7942923896131287E-011   2.9063207298350726E-011   6.6003878259783099E-007   7.3592940066714956E-007   6.3469252874604207E-021   1.0824020889591172E-009   4.6602977023272758E-009   3.4941905688652624E-006   2.6282774553462435E-005   87.001026825569781        1.4299341446797969E-006
       10001   1000000.0000000000        1494.9866866349957        526601.00666724879        316.22776601683790        2.3300000000000001       0.84999999999999998       0.14999999999999999        1.1230811129251908E-010   5.6055248755859027E-011   9.7162617481212949E-007   1.2183500129060972E-006   6.0493153929005598E-021   1.2865435680846463E-009   5.6895767642463629E-009   3.9705836316183859E-006   3.0899979386846501E-005   97.801386482912392        2.3012820680828225E-006
       10001   1000000.0000000000        1517.8306865563115        572716.92590884247        316.22776601683790        2.3300000000000001       0.84999999999999998       0.14999999999999999        1.8801479549469365E-010   1.1016085814919640E-010   1.4374229287029287E-006   2.0357201574325963E-006   5.6923902878198924E-021   1.5518385242913592E-009   7.1154600910122523E-009   4.5344351819539359E-006   3.6680678804682204E-005   111.42906628571133        3.7148007478382563E-006
       10001   1000000.0000000000        1541.5577444719950        622871.34485053364        316.22776601683790        2.3300000000000001       0.84999999999999998       0.14999999999999999        3.1841988372240944E-010   2.2034176733468253E-010   2.1354213370007214E-006   3.4260191470365058E-006   5.2862976462854057E-021   1.9029795287902179E-009   9.1548212273003045E-009   5.2069537512015760E-006   4.3948061198612726E-005   128.66561898291772        5.9971959403232863E-006
       10001   1000000.0000000000        1566.1769006256895        677417.92617748480        316.22776601683790        2.3300000000000001       0.84999999999999998       0.14999999999999999        5.4487630778651533E-010   4.4798724020253650E-010   3.1831654348209863E-006   5.7937025183939755E-006   4.8457210734227416E-021   2.3772390751691841E-009   1.2175037588440280E-008   6.0176096740910831E-006   5.3088704312665227E-005   150.44118362185046        9.6455312002074086E-006
       10001   1000000.0000000000        1591.6967397329738        736741.30380282935        316.22776601683790        2.3300000000000001       0.84999999999999998       0.14999999999999999        9.4078575544154015E-010   9.2444101688364839E-010   4.7574913969564064E-006   9.8174124372445955E-006   4.3862113182177593E-021   3.0329388725716779E-009   1.6822939437641461E-008   7.0100086889028168E-006   6.4531737675068974E-005   177.85382108664666        1.5376114276406246E-005
       10001   1000000.0000000000        1618.1254817756310        801259.79510451166        316.22776601683790        2.3300000000000001       0.84999999999999998       0.14999999999999999        1.6365301563951707E-009   1.9327434789920828E-009   7.1236869538861833E-006   1.6612740100771425E-005   3.9223967118520240E-021   3.9665048847640017E-009   2.4294623087565633E-008   8.2549891825943923E-006   7.8694504334747524E-005   212.14371187428500        2.4123120532003834E-005
       10001   1000000.0000000000        1645.4710729969390        871428.35068025719        316.22776601683790        2.3300000000000001       0.84999999999999998       0.14999999999999999        2.8633283828884821E-009   4.0855977852310212E-009   1.0678024912403297E-005   2.7955151459427952E-005   3.4699753272344789E-021   5.3501923832033235E-009   3.6943088683886239E-008   9.8811351555292896E-006   9.5869407497956941E-005   254.47991128387488        3.6859417979188669E-005
       10001   1000000.0000000000        1673.7412756858625        947741.76242084394        316.22776601683790        2.3300000000000001       0.84999999999999998       0.14999999999999999        5.0293155076151599E-009   8.7107052160040288E-009   1.6008453366611166E-005   4.6525934196412799E-005   3.0457078548222610E-021   7.5264475386759539E-009   5.9784130028382734E-008   1.2154781363887723E-005   1.1606080396788868E-004   305.60166135957479        5.3995579813051359E-005
       10001   1000000.0000000000        1702.9437555377012        1030738.1525232699        316.22776601683790        2.3300000000000001       0.84999999999999998       0.14999999999999999        8.8507900732981816E-009   1.8680896106319268E-008   2.3980276161257044E-005   7.6033089361431742E-005   2.6819439175349599E-021   1.1262558747676281E-008   1.0456753840104227E-007   1.5695425511339723E-005   1.3871732456004175E-004   363.66927845373323        7.3976514769034485E-005
       10001   1000000.0000000000        1733.0861655873023        1121002.7680465493        316.22776601683790        2.3300000000000001       0.84999999999999998       0.14999999999999999        1.5588745806182622E-008   4.0243115605051495E-008   3.5872882201738410E-005   1.2082544224258103E-004   2.4347699702957794E-021   1.8381356648460279E-008   2.0067702271817239E-007   2.1948804621694519E-005   1.6207956412186779E-004   416.39259636231742        9.0056300608598757E-005
       10001   1000000.0000000000        1764.1762259190084        1219172.1077673580        316.22776601683790        2.3300000000000001       0.84999999999999998       0.14999999999999999        2.7535726489888005E-008   8.7389698903565997E-008   5.3661966935031609E-005   1.8398836689963383E-004   2.4473141339585992E-021   3.2411962927805937E-008   4.1308544518716267E-007   3.3311217870824694E-005   1.6270682858849023E-004   427.61414010613777        7.9231432843744097E-005
       10001   1000000.0000000000        1796.2217985575269        1325938.4104359150        316.22776601683790        2.3300000000000001       0.84999999999999998       0.14999999999999999        4.9001637203334121E-008   1.9255257939863972E-007   8.0576313257631649E-005   2.6015075669521827E-004   2.6178457757716631E-021   5.6450772996650320E-008   8.2752253079980123E-007   5.0583305873901518E-005   1.2061557394588243E-004   376.77877314522669       -1.6394116026981398E-005
       10001   1000000.0000000000        1829.2309571300586        1442054.5360809742        316.22776601683790        2.3300000000000001       0.84999999999999998       0.14999999999999999        8.6865601426941002E-008   4.2174264606136000E-007   1.2109738076334153E-004   3.1922231513901040E-004   2.6095820951754241E-021   8.4822939460257979E-008   1.4131454322965637E-006   6.6472702826784845E-005   3.4865912700451877E-005   303.20350011511277       -1.1530662112715363E-004
       10001   1000000.0000000000        1863.2120510580673        1568339.2747843021        316.22776601683790        2.3300000000000001       0.84999999999999998       0.14999999999999999        1.4664926889728865E-007   8.5730557182941669E-007   1.7765396844342523E-004   3.3195209357735739E-004   2.1907796270990890E-021   1.1332008430936031E-007   2.1291805852146310E-006   7.5272914953363921E-005   2.5644727853422865E-006   325.98313554540306        5.2794504473761558E-006
       10001   1000000.0000000000        1898.1737641845048        1705683.1203593500        316.22776601683790        2.3300000000000001       0.84999999999999998       0.14999999999999999        2.3505149147269877E-007   1.6219084175965109E-006   2.5183042453033757E-004   3.3321397345254851E-004   1.7554023643288970E-021   1.5527396461594107E-007   3.2482615307069230E-006   8.0767503456856548E-005   1.7184083952392866E-007   376.73996717747838        3.6937766078846473E-005
       10001   1000000.0000000000        1934.1251678678982        1855054.5496470677        316.22776601683790        2.3300000000000001       0.84999999999999998       0.14999999999999999        3.6305442379134383E-007   2.9312196095554828E-006   3.4434862135406598E-004   3.3341305612030471E-004   1.4859939308464830E-021   2.3770977824734971E-007   5.3433720165692812E-006   8.2986945004826990E-005   1.1096132843221467E-008   412.26799600716623        3.3229497643591384E-005
       10001   1000000.0000000000        1971.0757686784182        2017506.8517071931        316.22776601683790        2.3300000000000001       0.84999999999999998       0.14999999999999999        5.4471254557099828E-007   5.1139789709103938E-006   4.5035394843949373E-004   3.3357826057400710E-004   1.4628886998811785E-021   4.1042198187559265E-007   9.3064695005214484E-006   7.7120261295679789E-005   6.8361300948650700E-010   390.95055396290695        5.6801228335455995E-006
       10001   1000000.0000000000        2009.0355509136507        2194185.5550608300        316.22776601683790        2.3300000000000001       0.84999999999999998       0.14999999999999999        7.9985610904296965E-007   8.6847728616769529E-006   5.5150108167153133E-004   3.3376937032765150E-004   1.5813376824136812E-021   7.1050175362603138E-007   1.4966510979325584E-005   5.1484722401292327E-005   3.9733366424899415E-011   299.34906229034920       -4.4188469978603856E-005
       10001   1000000.0000000000        2048.0150142148982        2386336.5053574229        316.22776601683790        2.3300000000000001       0.84999999999999998       0.14999999999999999        1.1464945842580446E-006   1.4173115376661776E-005   6.1516014230453893E-004   3.3399000072739920E-004   1.7216999287644543E-021   1.0163528640244706E-006   1.7667168884661544E-005   1.5509469755154924E-005   2.1868064748508555E-012   173.33501796434822       -6.2624073966670817E-005
       10001   1000000.0000000000        2088.0252066101689        2595314.6504255468        316.22776601683790        2.3300000000000001       0.84999999999999998       0.14999999999999999        1.5783641362242352E-006   2.1279663020791262E-005   6.3046563003583251E-004   3.3424036927143155E-004   1.6882580216008885E-021   1.0498926283899454E-006   1.2087513058686804E-005   1.4092799351336031E-006   1.1671510182113274E-013   97.974262751281117       -2.0464739205193309E-005
       10001   1000000.0000000000        2129.0777533399082        2822593.5946550933        316.22776601683790        2.3300000000000001       0.84999999999999998       0.14999999999999999        2.0434772069231174E-006   2.7369092929713819E-005   6.3214406321461438E-004   3.3452050672832005E-004   1.4804966038187709E-021   8.2926440721755618E-007   2.5787436562138952E-006   8.3418221880320992E-008   6.1023220127919473E-015   41.555428942217183       -1.6397272605492280E-005
       10001   1000000.0000000000        2171.1848818381118        3069775.9900833662        316.22776601683790        2.3300000000000001       0.84999999999999998       0.14999999999999999        2.4770405870031579E-006   2.8653144789132369E-005   6.3249569479864815E-004   3.3483045460008332E-004   1.1451176411055573E-021   4.6560825668962651E-007   1.9672800609164381E-007   4.2540316503197117E-009   3.1119517196051039E-016   17.388367897937322       -3.5443002368238091E-006
       10001   1000000.0000000000        2214.3594432469990        3338604.8374575973        316.22776601683790        2.3300000000000001       0.84999999999999998       0.14999999999999999        2.7933329291754454E-006   2.8764746360873890E-005   6.3283156873736486E-004   3.3517027186677831E-004   7.7310680389419204E-022   1.6375560904412018E-007   9.7766932247445508E-009   2.1139132835360797E-010   1.5463909577023603E-017   9.3043608616267814       -5.1834098104778841E-007
       10001   1000000.0000000000        2258.6149308400109        3630975.7769629848        316.22776601683790        2.3300000000000001       0.84999999999999998       0.14999999999999999        2.9374229536548130E-006   2.8781409199794049E-005   6.3322589596371680E-004   3.3554003052130933E-004   3.9845001473058353E-022   2.1582854526562368E-008   4.7048324407243026E-010   1.0172772699962098E-011   7.4416882861195298E-019   3.6979064563624884       -1.8044805081061048E-007
       10001   1000000.0000000000        2303.9654957174898        3948950.4552841196        316.22776601683790        2.3300000000000001       0.84999999999999998       0.14999999999999999        2.9589509354639534E-006   2.8796184473374080E-005   6.3368232018336213E-004   3.3593981043903727E-004   3.7299537241389010E-023   1.3865974926703710E-009   2.1870659670770365E-011   4.7288665947628005E-013   3.4593077298661210E-020   2.8498426260878733       -2.4214871878436519E-008
       10001   1000000.0000000000        2350.4259601236431        4294771.0632572537        316.22776601683790        2.3300000000000001       0.84999999999999998       0.14999999999999999        2.9618631741699275E-006   2.8813568285980489E-005   6.3420096384069933E-004   3.3636969412000083E-004   1.6683200697758939E-024   6.2225193322682600E-011   9.8147157578324427E-013   2.1221345027070817E-014   1.5524051246615061E-021   2.8076326503562199       -1.7965793684725156E-009
       10001   1000000.0000000000        2398.0118287138989        4670876.1466253446        316.22776601683790        2.3300000000000001       0.84999999999999998       0.14999999999999999        2.9638067046830119E-006   2.8833776275798701E-005   6.3478177511254658E-004   3.3682976129939014E-004   7.2150465826439384E-026   2.6926175305622485E-012   4.2470379432942392E-014   9.1829309947964685E-016   6.7175988587501911E-023   2.7660997922439821       -1.0855111557599633E-010
       10001   1000000.0000000000        2446.7392980796967        5079917.8013849705        316.22776601683790        2.3300000000000001       0.84999999999999998       0.14999999999999999        2.9659917182782218E-006   2.8856816328192082E-005   6.3542468904811066E-004   3.3732008339710395E-004   3.0500136081411017E-027   1.1230494471012448E-013   1.7713743448141574E-015   3.8300595830792627E-017   2.8019010598322785E-024   2.7247103994579138       -5.8166455059464242E-012
       10001   1000000.0000000000        2496.6252648142699        5524780.3749778615        316.22776601683790        2.3300000000000001       0.84999999999999998       0.14999999999999999        2.9684721805436985E-006   2.8882685596386662E-005   6.3612962905149723E-004   3.3784071777931087E-004   1.2356436009719761E-028   4.5136901510900221E-015   7.1193970619263506E-017   1.5393536111705216E-018   1.1260196735720140E-025   2.6707525403901515       -2.8575312283750038E-013
       10001   1000000.0000000000        2547.6873323788332        6008600.8051978257        316.22776601683790        2.3300000000000001       0.84999999999999998       0.14999999999999999        2.9712497529268265E-006   2.8911379751400571E-005   6.3689649755406693E-004   3.3839170180789560E-004   5.7433853088781519E-030   1.7476493806787353E-016   2.7565493974970873E-018   5.9602017397012026E-020   4.5314172439810296E-027   2.3314734505712353       -1.3082944749136915E-014
       10001   1000000.0000000000        2599.9438170045723        6534790.7402325803        316.22776601683790        2.3300000000000001       0.84999999999999998       0.14999999999999999        2.9743236770530207E-006   2.8942893097528445E-005   6.3772516427040057E-004   3.3897304665590007E-004   1.1763084818154626E-030   6.5159842387236966E-018   1.0277594946741225E-019   2.2222181661253419E-021   2.5321949296937978E-028  0.75034892745143178       -5.6340411276129281E-016
       10001   1000000.0000000000        2653.4137528423535        7107060.5958192665        316.22776601683790        2.3300000000000001       0.84999999999999998       0.14999999999999999        2.9776929058801776E-006   2.8977218084995477E-005   6.3861545346478215E-004   3.3958473086881450E-004   1.0063585182110801E-030   2.3393902657695876E-019   3.6898963010912389E-021   7.9782885847216437E-023   1.0380986947880647E-028   9.4505327470954748E-002  -2.2951007490262322E-017
       10001   1000000.0000000000        2708.1168965496317        7729445.7191523332        316.22776601683790        2.3300000000000001       0.84999999999999998       0.14999999999999999        2.9813561362293063E-006   2.9014344719886043E-005   6.3956713068502439E-004   3.4022669365338848E-004   1.0002257060186415E-030   8.0883909504347548E-021   1.2757744222180102E-022   2.7585470548385691E-024   9.9197740515636059E-029   1.1167771361428073E-002  -8.8775231756178000E-019
       10001   1000000.0000000000        2764.0737314827461        8406334.8440376241        316.22776601683790        2.3300000000000001       0.84999999999999998       0.14999999999999999        2.9853117499065537E-006   2.9054259940945982E-005   6.4057988900578680E-004   3.4089882787804944E-004   1.0000082136296538E-030   2.6922405833900894E-022   4.2465369941741060E-024   9.1903699172619758E-026   9.5377396025508436E-029   1.5032776757941209E-003  -3.2690641617319001E-020
       10001   1000000.0000000000        2821.3054716430474        9142501.0379438680        316.22776601683790        2.3300000000000001       0.84999999999999998       0.14999999999999999        2.9895577503405487E-006   2.9096946977279264E-005   6.4165333469802554E-004   3.4160097277220465E-004   1.0000003566828119E-030   8.6247023374965701E-024   1.3612138660757466E-025   3.0380114518770650E-027   8.9884627126246027E-029   3.2356293736596203E-004  -1.1481329012156974E-021
       10001   1000000.0000000000        2879.8340655069551        9943135.3591737300        316.22776601683790        2.3300000000000001       0.84999999999999998       0.14999999999999999        2.9940916976156580E-006   2.9142384684642210E-005   6.4278697225018358E-004   3.4233290631581454E-004   1.0000000327252698E-030   2.6596099938685348E-025   4.2874806187479369E-027   1.8105971417386615E-028   8.4567739307174369E-029   9.3317863031252163E-005  -3.8510137083677323E-023
       10001   1000000.0000000000        2939.6821998533442        10813883.461487234        316.22776601683790        2.3300000000000001       0.84999999999999998       0.14999999999999999        2.9989106405644647E-006   2.9190546854071439E-005   6.4398018871722246E-004   3.4309433731551900E-004   1.0000000060451312E-030   7.9844824376498151E-027   2.1919475432413477E-028   1.0082658190537988E-028   7.9485952352010083E-029   2.7506501559731499E-005  -1.2347963165478492E-024
       10001   1000000.0000000000        3000.8733036864660        11760885.404294103        316.22776601683790        2.3300000000000001       0.84999999999999998       0.14999999999999999        3.0040110447020186E-006   2.9241401487780657E-005   6.4523223742486626E-004   3.4388489716924805E-004   1.0000000001937431E-030   3.2346189466566142E-028   9.7053370173591776E-029   9.9442293654449604E-029   7.4628215979383851E-029   2.2975394467065914E-005  -3.7879130516760541E-026
       10001   1000000.0000000000        3063.4315523389778        12790818.949135916        316.22776601683790        2.3300000000000001       0.84999999999999998       0.14999999999999999        3.0093887155220956E-006   2.9294910040619750E-005   6.4654222109203417E-004   3.4470413132754664E-004   1.0000000000000001E-030   1.0533039186920312E-028   9.9322552857845228E-029   9.2839962920302519E-029   6.9983951150556901E-029   2.2341679391453125E-005  -1.1039510860534087E-027
       10001   1000000.0000000000        3127.3818718273797        13910946.647761630        316.22776601683790        2.3300000000000001       0.84999999999999998       0.14999999999999999        3.0150387174501706E-006   2.9351026629082437E-005   6.4790907445016804E-004   3.4555149046682550E-004   1.0000000000368264E-030   9.5964502342640528E-029   9.3670190843579862E-029   8.7037849482689715E-029   6.5542786020225764E-029   2.0771345737295545E-005  -4.7015560323054197E-029
       10001   1000000.0000000000        3192.7499435214118        15129167.053837782        316.22776601683790        2.3300000000000001       0.84999999999999998       0.14999999999999999        3.0209552892802416E-006   2.9409697212675430E-005   6.4933154643791484E-004   3.4642632139741519E-004   1.0000000000350553E-030   9.2432499798598151E-029   8.7645414479931164E-029   8.1487739836929270E-029   6.1294926817335317E-029   1.9275679797572134E-005  -0.0000000000000000     
       10001   1000000.0000000000        3259.5622091792525        16454070.419410402        316.22776601683790        2.3300000000000001       0.84999999999999998       0.14999999999999999        3.0271317571323232E-006   2.9470858753940229E-005   6.5080818204227200E-004   3.4732785773777179E-004   1.0000000000304049E-030   8.6453834926827199E-029   8.1859524966918056E-029   7.6147701106737407E-029   5.7231403259255760E-029   1.7906130015818184E-005  -0.0000000000000000     
       10001   1000000.0000000000        3327.8458763920971        17894999.268861804        316.22776601683790        2.3300000000000001       0.84999999999999998       0.14999999999999999        3.0335604459199142E-006   2.9534438363729836E-005   6.5233730385261550E-004   3.4825521039558432E-004   1.0000000000277533E-030   8.0646420885753483E-029   7.6314670610682430E-029   7.1016347308945029E-029   5.3343955395157092E-029   1.6633900669780244E-005  -0.0000000000000000     
       10001   1000000.0000000000        3397.6289244743011        19462114.277498070        316.22776601683790        2.3300000000000001       0.84999999999999998       0.14999999999999999        3.0402325901481355E-006   2.9600352438053816E-005   6.5391699339896329E-004   3.4920735790696549E-004   1.0000000000253585E-030   7.5077500647392846E-029   7.1003996057852099E-029   6.6091061150323384E-029   4.9624786324271196E-029   1.5451655160858563E-005  -0.0000000000000000     
       10001   1000000.0000000000        3468.9401108288730        21166465.919307370        316.22776601683790        2.3300000000000001       0.84999999999999998       0.14999999999999999        3.0471382447043488E-006   2.9668505792538679E-005   6.5554507236334860E-004   3.5018313669654753E-004   1.0000000000231592E-030   6.9740700466582654E-029   6.5916754602573911E-029   6.1366852436903276E-029   4.6066381780468546E-029   1.4353093774080226E-005  -0.0000000000000000     
       10001   1000000.0000000000        3541.8089778127742        23020072.389113221        316.22776601683790        2.3300000000000001       0.84999999999999998       0.14999999999999999        3.0542661962341986E-006   2.9738790800717450E-005   6.5721908378195870E-004   3.5118123133415674E-004   1.0000000000211404E-030   6.4623572794334531E-029   6.1042135580106216E-029   5.6837210665199387E-029   4.2661441213193746E-029   1.3332366027488210E-005  -0.0000000000000000     
       10001   1000000.0000000000        3616.2658601216513        25036004.348587755        316.22776601683790        2.3300000000000001       0.84999999999999998       0.14999999999999999        3.0616038757391390E-006   2.9811086543119404E-005   6.5893627339248958E-004   3.5220016487800203E-004   1.0000000000192918E-030   5.9714051191693964E-029   5.6370189593544011E-029   5.2494913005337376E-029   3.9402882498666157E-029   1.2384006640259970E-005  -0.0000000000000000     
       10001   1000000.0000000000        3692.3418927097218        27228477.093709577        316.22776601683790        2.3300000000000001       0.84999999999999998       0.14999999999999999        3.0691372731650761E-006   2.9885257975398509E-005   6.6069357132183702E-004   3.5323828940989001E-004   1.0000000000176025E-030   5.5002076257621170E-029   5.1891896332946948E-029   4.8332443026581891E-029   3.6283875147849821E-029   1.1502906299294389E-005  -0.0000000000000000     
       10001   1000000.0000000000        3770.0690192571769        29612950.793583296        316.22776601683790        2.3300000000000001       0.84999999999999998       0.14999999999999999        3.0768508549400685E-006   2.9961155125367030E-005   6.6248757435100243E-004   3.5429377688501096E-004   1.0000000000160607E-030   5.0479068046540549E-029   4.7598982372577850E-029   4.4342272638094427E-029   3.3297875406119949E-029   1.0684298730588609E-005  -0.0000000000000000     
       10001   1000000.0000000000        3849.4800011946299        32206239.507452108        316.22776601683790        2.3300000000000001       0.84999999999999998       0.14999999999999999        3.0847274856303966E-006   3.0038612330633870E-005   6.6431452903535626E-004   3.5536461043722800E-004   1.0000000000146549E-030   4.6137391996687502E-029   4.3483718425939494E-029   4.0517080234419834E-029   3.0438652671268553E-029   9.9237476317087320E-006  -0.0000000000000000     
       10001   1000000.0000000000        3930.6084272918347        35026629.748634435        316.22776601683790        2.3300000000000001       0.84999999999999998       0.14999999999999999        3.0927483551012817E-006   3.0117447530495975E-005   6.6617031599902502E-004   3.5644857630052909E-004   1.0000000000133727E-030   4.1970025997009515E-029   3.9538788798241202E-029   3.6849889067206726E-029   2.7700304615680306E-029   9.2171304904066170E-006  -0.0000000000000000     
       10001   1000000.0000000000        4013.4887238159522        38094009.431434512        316.22776601683790        2.3300000000000001       0.84999999999999998       0.14999999999999999        3.1008929127862197E-006   3.0197461627757063E-005   6.6805043576271129E-004   3.5754325652827745E-004   1.0000000000122036E-030   3.7970339788834506E-029   3.5757222252639172E-029   3.3334115430247433E-029   2.5077261246657674E-029   8.5606197178821044E-006  -0.0000000000000000     
       10001   1000000.0000000000        4098.1561652632099        41430008.110294931        316.22776601683790        2.3300000000000001       0.84999999999999998       0.14999999999999999        3.1091388108881763E-006   3.0278437938236711E-005   6.6994999650545430E-004   3.5864602271398115E-004   1.0000000000111373E-030   3.4131957211112051E-029   3.2132350760876873E-029   2.9963546696022931E-029   2.2564279050343164E-029   7.9506621792365027E-006  -0.0000000000000000     
       10001   1000000.0000000000        4184.6468856664351        45058149.500081860        316.22776601683790        2.3300000000000001       0.84999999999999998       0.14999999999999999        3.1174618585580026E-006   3.0360141747865270E-005   6.7186370420308492E-004   3.5975403094027166E-004   1.0000000000101644E-030   3.0448690217773473E-029   2.8657777906876659E-029   2.6732285328602043E-029   2.0156426811668773E-029   7.3839583429205264E-006  -0.0000000000000000     
       10001   1000000.0000000000        4272.9978904801410        49004017.352997556        316.22776601683790        2.3300000000000001       0.84999999999999998       0.14999999999999999        3.1258359893201494E-006   3.0442319999417315E-005   6.7378585562966205E-004   3.6086421820640381E-004   1.0000000000092776E-030   2.6914524871724229E-029   2.5327352973134870E-029   2.3634690418371796E-029   1.7849065037113558E-029   6.8574419571023015E-006  -0.0000000000000000     
       10001   1000000.0000000000        4363.2470690440723        53295435.861797445        316.22776601683790        2.3300000000000001       0.84999999999999998       0.14999999999999999        3.1342332442390139E-006   3.0524701133070074E-005   6.7571033475237127E-004   3.6197330060847520E-004   1.0000000000084697E-030   2.3523634365692392E-029   2.2135151275767466E-029   2.0665333795323846E-029   1.5637821108579969E-029   6.3682605392719388E-006  -0.0000000000000000     
       10001   1000000.0000000000        4455.4332076255960        57962665.861418702        316.22776601683790        2.3300000000000001       0.84999999999999998       0.14999999999999999        3.1426237735367863E-006   3.0606995107050572E-005   6.7763061309467326E-004   3.6307777357030461E-004   1.0000000000077360E-030   2.0270397899243799E-029   1.9075460618247610E-029   1.7818974319442576E-029   1.3518562320213524E-029   5.9137561815854338E-006  -0.0000000000000000     
       10001   1000000.0000000000        4549.5960030411134        63038618.212534659        316.22776601683790        2.3300000000000001       0.84999999999999998       0.14999999999999999        3.1509758595795071E-006   3.0688893626601816E-005   6.7953975468562091E-004   3.6417391444591398E-004   1.0000000000070716E-030   1.7149412855018241E-029   1.6142772382690952E-029   1.5090546294177361E-029   1.1487368800199822E-029   5.4914450651960093E-006  -0.0000000000000000     
       10001   1000000.0000000000        4645.7760768563257        68559085.871700674        316.22776601683790        2.3300000000000001       0.84999999999999998       0.14999999999999999        3.1592559643358434E-006   3.0770070611304115E-005   6.8143042625373653E-004   3.6525778783612914E-004   1.0000000000064757E-030   1.4155496287114108E-029   1.3331775389248235E-029   1.2475155844650433E-029   9.5405080364081052E-030   5.0989917711972974E-006  -0.0000000000000000     
       10001   1000000.0000000000        4744.0149901653140        74562996.284531817        316.22776601683790        2.3300000000000001       0.84999999999999998       0.14999999999999999        3.1674288045767170E-006   3.0850182932376371E-005   6.8329491336011517E-004   3.6632525398119114E-004   1.0000000000059544E-030   1.1283677518365232E-029   1.0637351054975452E-029   9.9680802397321384E-030   7.6744123596943920E-030   4.7341678741536785E-006  -0.0000000000000000     
       10001   1000000.0000000000        4844.3552589482715        81092685.881652892        316.22776601683790        2.3300000000000001       0.84999999999999998       0.14999999999999999        3.1754574582143671E-006   3.0928871452868532E-005   6.8512514319520675E-004   3.6737198060740270E-004   1.0000000000055329E-030   8.5291861737839452E-030   8.0545690101310386E-030   7.5647672807313041E-030   5.8856603384230555E-030   4.3947605992662408E-006  -0.0000000000000000     
       10001   1000000.0000000000        4946.8403700080617        88194198.613027439        316.22776601683790        2.3300000000000001       0.84999999999999998       0.14999999999999999        3.1833035052669560E-006   3.1005762404549173E-005   6.8691271478485969E-004   3.6839345861760668E-004   1.0000000000053299E-030   5.8874400833520188E-030   5.5786828355302863E-030   5.2608337033206360E-030   4.1709626345958573E-030   4.0782867038079739E-006  -0.0000000000000000     
       10001   1000000.0000000000        5051.5147974858000        95917610.625768691        316.22776601683790        2.3300000000000001       0.84999999999999998       0.14999999999999999        3.1909272069672850E-006   3.1080469135673194E-005   6.8864893736084263E-004   3.6938502202139476E-004   1.0000000003980342E-030   3.3540363117069268E-030   3.2051258870747837E-030   3.0520626125967028E-030   2.5271524798553731E-030   3.7805734762547284E-006  -0.0000000000000000     
