  0.59999999999999998        2.0000000000000000        1.0000000000000000E-003   10.000000000000000              101          12
  0.26000000000000001        6.5309314293262771E-008  0.95186745314115884       0.76717799943324327     
  0.41999999999999998        6.7596411014277575E-008  0.98732036386809541       0.74063615992340148     
  0.60999999999999999        7.0218879193655832E-008  0.99476317148009807       0.71759639078256887     
  0.84999999999999998        7.3877888650238380E-008  0.99645105143815971       0.69725429162240427     
   1.3200000000000001        7.9620617762901290E-008  0.99797692217803324       0.68850067763882805     
   2.0200000000000000        8.2992155731278880E-008  0.99669125585850726       0.68113596061410242     
   2.5000000000000000        8.0730636624891741E-008  0.99512040166712235       0.69215627328997831     
   3.5000000000000000        7.1583339663617768E-008  0.98855627622802189       0.69440139858091376     
   4.4000000000000004        6.0363730626057335E-008  0.97710060856518188       0.69902821314504593     
   8.6999999999999993        3.1138870266112642E-008  0.23647125370500488       0.58388649460643705     
   20.000000000000000        2.5826122927238254E-008  0.20664211774689792       0.27031018260701867     
   324.68000000000001        4.1368121935398658E-011   9.5878112557277011E-003   9.2485639492742263E-004
