     2000001   1000000000.0000000        173.32350303863288        308.80279052050048        17.782794100389228        2.3300000000000001       0.84999999999999998       0.14999999999999999        1.2064356737127347E-023   2.2844155384907135E-023   9.8366452255234470E-009   29.236349362888831        38.791965489744570     
     2000001   1000000000.0000000        174.10607767662665        327.10050620398187        17.782794100389228        2.3300000000000001       0.84999999999999998       0.14999999999999999        1.2064356737127347E-023   2.2844155384907135E-023   9.8366452255234470E-009   27.652049774145606        36.694890663658953     
     2000001   1000000000.0000000        174.93502277715083        346.48242970394421        17.782794100389228        2.3300000000000001       0.84999999999999998       0.14999999999999999        1.2079524443598249E-023   2.2918111499934101E-023   9.8791069826239178E-009   26.166755786293844        34.731848698829239     
     2000001   1000000000.0000000        175.81308596284856        367.01280437238137        17.782794100389228        2.3300000000000001       0.84999999999999998       0.14999999999999999        1.2107613405804379E-023   2.3052365490343102E-023   9.9567095447247982E-009   24.772744484394760        32.892689627908489     
     2000001   1000000000.0000000        176.74317766323995        388.75968021920926        17.782794100389228        2.3300000000000001       0.84999999999999998       0.14999999999999999        1.2148806033087497E-023   2.3243111141610421E-023   1.0067926780483361E-008   23.464149113191894        31.169724727285978     
     2000001   1000000000.0000000        177.72838076163592        411.79513947092835        17.782794100389228        2.3300000000000001       0.84999999999999998       0.14999999999999999        1.2203850947943755E-023   2.3487974043564703E-023   1.0211965448119369E-008   22.235529019243099        29.555821656670290     
     2000001   1000000000.0000000        178.77196081366813        436.19553549448273        17.782794100389228        2.3300000000000001       0.84999999999999998       0.14999999999999999        1.2273622933220889E-023   2.3784269088779287E-023   1.0387781087394452E-008   21.081692643402228        28.044161176488419     
     2000001   1000000000.0000000        179.87737687130391        462.04174587823252        17.782794100389228        2.3300000000000001       0.84999999999999998       0.14999999999999999        1.2359175176175701E-023   2.4129360223161432E-023   1.0594330023967128E-008   19.997789031716078        26.628352610844431     
     2000001   1000000000.0000000        181.04829294822545        489.41944050893699        17.782794100389228        2.3300000000000001       0.84999999999999998       0.14999999999999999        1.2461784886145330E-023   2.4520777093722812E-023   1.0830630323133978E-008   18.979312496893552        25.302433747597533     
     2000001   1000000000.0000000        182.24948175866459        518.41936553327446        17.782794100389228        2.3300000000000001       0.84999999999999998       0.14999999999999999        1.2582957439398329E-023   2.4956208293205337E-023   1.1095763428815696E-008   18.020185312423703        24.058485172264032     
     2000001   1000000000.0000000        183.30810510507121        549.13764414516834        17.782794100389228        2.3300000000000001       0.84999999999999998       0.14999999999999999        1.2724314736746379E-023   2.5433063818915557E-023   1.1388607033610137E-008   17.108814487488573        22.881944556208243     
     2000001   1000000000.0000000        184.42945582831209        581.67609519585039        17.782794100389228        2.3300000000000001       0.84999999999999998       0.14999999999999999        1.2887758092065515E-023   2.5948865603326869E-023   1.1708072407426062E-008   16.252133368627373        21.781173625102888     
     2000001   1000000000.0000000        185.61725075913512        616.14257068278266        17.782794100389228        2.3300000000000001       0.84999999999999998       0.14999999999999999        1.3075689387202921E-023   2.6501589841135108E-023   1.2053326606506841E-008   15.446876212587316        20.751702198695387     
     2000001   1000000000.0000000        186.87542696435622        652.65131323604942        17.782794100389228        2.3300000000000001       0.84999999999999998       0.14999999999999999        1.3290935134574292E-023   2.7089182400385749E-023   1.2423500097918392E-008   14.690028114055679        19.789337349758860     
     2000001   1000000000.0000000        188.20815479666604        691.32333478713360        17.782794100389228        2.3300000000000001       0.84999999999999998       0.14999999999999999        1.3536817254252771E-023   2.7709678818262604E-023   1.2817760886686071E-008   13.978808308179822        18.890141212036465     
     2000001   1000000000.0000000        189.61985171768774        732.28681767525836        17.782794100389228        2.3300000000000001       0.84999999999999998       0.14999999999999999        1.3817239828296611E-023   2.8361254705628412E-023   1.3235348115107824E-008   13.310646306790851        18.050401173795784     
     2000001   1000000000.0000000        191.11519694010119        775.67753952073815        17.782794100389228        2.3300000000000001       0.84999999999999998       0.14999999999999999        1.4136794590688761E-023   2.9042225187516493E-023   1.3675575427931619E-008   12.683155469608957        17.266598538679162     
     2000001   1000000000.0000000        192.69914693736885        821.63932327369855        17.782794100389228        2.3300000000000001       0.84999999999999998       0.14999999999999999        1.4500889983205485E-023   2.9751048802549765E-023   1.4137836832514595E-008   12.094108504573216        16.535381795533805     
     2000001   1000000000.0000000        194.37695187246905        870.32451392981056        17.782794100389228        2.3300000000000001       0.84999999999999998       0.14999999999999999        1.4915909915958601E-023   3.0486329204889697E-023   1.4621611268582314E-008   11.541415069426519        15.853544527243095     
     2000001   1000000000.0000000        196.15417300009480        921.89448349326608        17.782794100389228        2.3300000000000001       0.84999999999999998       0.14999999999999999        1.5389409951136229E-023   3.1246822851259742E-023   1.5126471291157422E-008   11.023102195165029        15.218008705522902     
     2000001   1000000000.0000000        198.03670109999609        976.52016586063280        17.782794100389228        2.3300000000000001       0.84999999999999998       0.14999999999999999        1.5930364008338989E-023   3.2031488992591264E-023   1.5652121220094244E-008   10.537299353132369        14.625815789103029     
     2000001   1000000000.0000000        199.81612173397170        1034.3826233986197        17.782794100389228        2.3300000000000001       0.84999999999999998       0.14999999999999999        1.6548809397294393E-023   3.2838698643195244E-023   1.6197867627765344E-008   10.078220655523737        14.070615009510625     
     2000001   1000000000.0000000        201.69839004868282        1095.6736470936448        17.782794100389228        2.3300000000000001       0.84999999999999998       0.14999999999999999        1.7256596432961791E-023   3.3666958676127639E-023   1.6763095174587264E-008   9.6486564814660642        13.553971360641231     
     2000001   1000000000.0000000        203.69218977282378        1160.5963922625303        17.782794100389228        2.3300000000000001       0.84999999999999998       0.14999999999999999        1.8068592453376177E-023   3.4515587295202926E-023   1.7347732636522706E-008   9.2470113847366679        13.073256690268721     
     2000001   1000000000.0000000        205.80412955787756        1229.3660519314089        17.782794100389228        2.3300000000000001       0.84999999999999998       0.14999999999999999        1.9002705832715899E-023   3.5383926473583451E-023   1.7951726607933102E-008   8.8716869162881089        12.625882942867285     
     2000001   1000000000.0000000        208.04120964254579        1302.2105701148403        17.782794100389228        2.3300000000000001       0.84999999999999998       0.14999999999999999        2.0080604770709175E-023   3.6271432672044365E-023   1.8575104987235630E-008   8.5211307709134019        12.209358323942817     
     2000001   1000000000.0000000        210.41084505575057        1379.3713973593844        17.782794100389228        2.3300000000000001       0.84999999999999998       0.14999999999999999        2.1328650091421539E-023   3.7177701319827507E-023   1.9217996088111152E-008   8.1938343744004349        11.821293266681725     
     2000001   1000000000.0000000        212.92089019449978        1461.1042910559304        17.782794100389228        2.3300000000000001       0.84999999999999998       0.14999999999999999        2.2779098472878177E-023   3.8102467032340367E-023   1.9880631358759137E-008   7.8883312175860532        11.459405301662493     
     2000001   1000000000.0000000        215.57966485808296        1547.6801631735148        17.782794100389228        2.3300000000000001       0.84999999999999998       0.14999999999999999        2.4471665377985473E-023   3.9045603822868763E-023   2.0563348317040609E-008   7.6031967083691843        11.121523873628927     
     2000001   1000000000.0000000        218.39598182489061        1639.3859782245424        17.782794100389228        2.3300000000000001       0.84999999999999998       0.14999999999999999        2.6455570261746875E-023   4.0007130244014070E-023   2.1266597924289514E-008   7.3370494666050190        10.805594995030656     
     2000001   1000000000.0000000        221.37917606326144        1736.5257044377579        17.782794100389228        2.3300000000000001       0.84999999999999998       0.14999999999999999        2.8792239605287537E-023   4.0987256011095437E-023   2.1990986680828431E-008   7.0885551422632780        10.509687669364986     
     2000001   1000000000.0000000        224.30347948250554        1839.4213212918128        17.782794100389228        2.3300000000000001       0.84999999999999998       0.14999999999999999        3.1555999871976011E-023   4.1985472929035673E-023   2.2736614156239273E-008   6.8555564898742638        10.232502008804795     
     2000001   1000000000.0000000        227.11787285463967        1948.4138867488846        17.782794100389228        2.3300000000000001       0.84999999999999998       0.14999999999999999        3.4836046866370238E-023   4.3000379670880061E-023   2.3502920980319795E-008   6.6373209884571782        9.9732034697468599     
     2000001   1000000000.0000000        230.09902951818694        2063.8646677259139        17.782794100389228        2.3300000000000001       0.84999999999999998       0.14999999999999999        3.8747623405376484E-023   4.4031606281107814E-023   2.4290103858961409E-008   6.4338506069878667        9.7297844353564908     
     2000001   1000000000.0000000        233.25683081938666        2186.1563375504652        17.782794100389228        2.3300000000000001       0.84999999999999998       0.14999999999999999        4.3442195650119698E-023   4.5079763617150434E-023   2.5099091392016818E-008   6.2439647028837513        9.5007038993261563     
     2000001   1000000000.0000000        236.60174361105192        2315.6942443702628        17.782794100389228        2.3300000000000001       0.84999999999999998       0.14999999999999999        4.9114842338276937E-023   4.6145435069386334E-023   2.5930801405178493E-008   6.0665309430579599        9.2845312400011970     
     2000001   1000000000.0000000        240.14485494601664        2452.9077547208094        17.782794100389228        2.3300000000000001       0.84999999999999998       0.14999999999999999        5.6018956576094467E-023   4.7229309537125342E-023   2.6786251860896832E-008   5.9004734332357538        9.0799515983123094     
     2000001   1000000000.0000000        243.89790882629586        2598.2516767042748        17.782794100389228        2.3300000000000001       0.84999999999999998       0.14999999999999999        6.4486624972452257E-023   4.8332201068132731E-023   2.7666581278805230E-008   5.7447759880257898        8.8857630832575030     
     2000001   1000000000.0000000        247.87334512977290        2752.2077674971461        17.782794100389228        2.3300000000000001       0.84999999999999998       0.14999999999999999        7.4957149233309369E-023   4.9455055710477583E-023   2.8573059879412204E-008   5.5984842797524843        8.7008723510227988     
     2000001   1000000000.0000000        252.08434084343588        2915.2863301832235        17.782794100389228        2.3300000000000001       0.84999999999999998       0.14999999999999999        8.8017392427874061E-023   5.0599004267175081E-023   2.9507145017839295E-008   5.4607087635446350        8.5242920212744995     
     2000001   1000000000.0000000        256.35176955113928        3088.0279052049968        17.782794100389228        2.3300000000000001       0.84999999999999998       0.14999999999999999        1.0444705682024761E-022   5.1764789913556149E-023   3.0470053917641436E-008   5.3311356940261749        8.3566385395182916     
     2000001   1000000000.0000000        259.33264855037766        3271.0050620398224        17.782794100389228        2.3300000000000001       0.84999999999999998       0.14999999999999999        1.2517989679555032E-022   5.2947319522424024E-023   3.1458276878347290E-008   5.2133053277902155        8.2081042880453001     
     2000001   1000000000.0000000        262.49015573462339        3464.8242970394440        17.782794100389228        2.3300000000000001       0.84999999999999998       0.14999999999999999        1.5145248093260748E-022   5.4143174852028423E-023   3.2469645756352890E-008   5.1030284800758130        8.0666974727344893     
     2000001   1000000000.0000000        265.83475698180985        3670.1280437238115        17.782794100389228        2.3300000000000001       0.84999999999999998       0.14999999999999999        1.8507572741917271E-022   5.5354024503466188E-023   3.3506078191963852E-008   4.9995190256250170        7.9316267905588580     
     2000001   1000000000.0000000        269.37753831212478        3887.5968021920867        17.782794100389228        2.3300000000000001       0.84999999999999998       0.14999999999999999        2.2854062863929644E-022   5.6580991480091063E-023   3.4569010966776215E-008   4.9020338440046523        7.8021520765946830     
     2000001   1000000000.0000000        273.13024263374933        4117.9513947092819        17.782794100389228        2.3300000000000001       0.84999999999999998       0.14999999999999999        2.8531007410045866E-022   5.7825233529653694E-023   3.5659938041376153E-008   4.8098896893152059        7.6776072164371199     
     2000001   1000000000.0000000        277.10530866591904        4361.9553549448192        17.782794100389228        2.3300000000000001       0.84999999999999998       0.14999999999999999        3.6025095583359450E-022   5.9088010508581789E-023   3.6780478336958252E-008   4.7224634757290573        7.5573967923438374     
     2000001   1000000000.0000000        281.31591216832055        4620.4174587823190        17.782794100389228        2.3300000000000001       0.84999999999999998       0.14999999999999999        4.6028144821610008E-022   6.0370690763376392E-023   3.7932387797586207E-008   4.6391901583881250        7.4409900054845775     
     2000001   1000000000.0000000        285.77600961348412        4894.1944050893680        17.782794100389228        2.3300000000000001       0.84999999999999998       0.14999999999999999        5.9535246520661606E-022   6.1674760601629885E-023   3.9117575685973490E-008   4.5595601958358714        7.3279150466572229     
     2000001   1000000000.0000000        290.50038444692700        5184.1936553327541        17.782794100389228        2.3300000000000001       0.84999999999999998       0.14999999999999999        7.7995449899258260E-022   6.3001911526232260E-023   4.0338203842469731E-008   4.4831186436922845        7.2177571356341828     
     2000001   1000000000.0000000        294.85462603116417        5491.3764414516872        17.782794100389228        2.3300000000000001       0.84999999999999998       0.14999999999999999        1.0348874691102332E-021   6.4351448520583920E-023   4.1594335102959872E-008   4.4126621575725853        7.1159435542193048     
     2000001   1000000000.0000000        299.12145805338099        5816.7609519584885        17.782794100389228        2.3300000000000001       0.84999999999999998       0.14999999999999999        1.3903391290109331E-021   6.5721974420139673E-023   4.2885436630872882E-008   4.3465283508916785        7.0195818464138489     
     2000001   1000000000.0000000        303.64111576762031        6161.4257068278348        17.782794100389228        2.3300000000000001       0.84999999999999998       0.14999999999999999        1.8918736460070022E-021   6.7114479690185363E-023   4.4213146922398942E-008   4.2827351226470185        6.9253763162059698     
     2000001   1000000000.0000000        308.42858003795448        6526.5131323604974        17.782794100389228        2.3300000000000001       0.84999999999999998       0.14999999999999999        2.6090038521419446E-021   6.8530861946342695E-023   4.5579948103148223E-008   4.2209558946608956        6.8330342206631789     
     2000001   1000000000.0000000        313.49971940045890        6913.2333478713435        17.782794100389228        2.3300000000000001       0.84999999999999998       0.14999999999999999        3.6486200221838942E-021   6.9972979035805094E-023   4.6988349203160626E-008   4.1608992819994892        6.7422909771162161     
     2000001   1000000000.0000000        318.87134266108524        7322.8681767525914        17.782794100389228        2.3300000000000001       0.84999999999999998       0.14999999999999999        5.1775039314986967E-021   7.1442782398863424E-023   4.8441041256996010E-008   4.1023091595157677        6.6529125092906067     
     2000001   1000000000.0000000        324.56125461015222        7756.7753952073854        17.782794100389228        2.3300000000000001       0.84999999999999998       0.14999999999999999        7.4598895167048346E-021   7.2942319942319973E-023   4.9940931179692281E-008   4.0449622514670711        6.5646936618229077     
     2000001   1000000000.0000000        330.58831503813275        8216.3932327369839        17.782794100389228        2.3300000000000001       0.84999999999999998       0.14999999999999999        1.0921139628940653E-020   7.4473788644663472E-023   5.1491263002432701E-008   3.9886678740671981        6.4774601852180966     
     2000001   1000000000.0000000        336.16876316550179        8703.2451392981129        17.782794100389228        2.3300000000000001       0.84999999999999998       0.14999999999999999        1.6244234038754324E-020   7.6036305529234511E-023   5.3092421605821755E-008   3.9371801658710286        6.3976548983863966     
     2000001   1000000000.0000000        341.52830316045413        9218.9448349326649        17.782794100389228        2.3300000000000001       0.84999999999999998       0.14999999999999999        2.4534407474923077E-020   7.7627967883568632E-023   5.4743683534865690E-008   3.8891584368335832        6.3230646380577751     
     2000001   1000000000.0000000        347.20541586534370        9765.2016586063237        17.782794100389228        2.3300000000000001       0.84999999999999998       0.14999999999999999        3.7640300516922455E-020   7.9249925834140024E-023   5.6447346788768271E-008   3.8418426911062378        6.2491377790065012     
     2000001   1000000000.0000000        353.21891864624990        10343.826233986212        17.782794100389228        2.3300000000000001       0.84999999999999998       0.14999999999999999        5.8712769260852246E-020   8.0904486153813574E-023   5.8207148959625504E-008   3.7951043593005203        6.1757506328756397     
     2000001   1000000000.0000000        359.58874386828842        10956.736470936465        17.782794100389228        2.3300000000000001       0.84999999999999998       0.14999999999999999        9.3194798428337275E-020   8.2593508354458372E-023   6.0026876883775753E-008   3.7488376087989574        6.1028020283417748     
     2000001   1000000000.0000000        366.33600496346077        11605.963922625277        17.782794100389228        2.3300000000000001       0.84999999999999998       0.14999999999999999        1.5066540699956949E-019   8.4318231192569719E-023   6.1910603847582731E-008   3.7029689597703572        6.0302310653289037     
     2000001   1000000000.0000000        373.48306641326633        12293.660519314064        17.782794100389228        2.3300000000000001       0.84999999999999998       0.14999999999999999        2.4831264891625078E-019   8.6078513738887691E-023   6.3862809840004205E-008   3.6574741565871141        5.9580465470044919     
     2000001   1000000000.0000000        380.43653085299195        13022.105701148388        17.782794100389228        2.3300000000000001       0.84999999999999998       0.14999999999999999        4.1731954257752282E-019   8.7868602940406967E-023   6.5885805941961391E-008   3.6151105415366294        5.8908561124731831     
     2000001   1000000000.0000000        386.25748068766757        13793.713973593844        17.782794100389228        2.3300000000000001       0.84999999999999998       0.14999999999999999        7.1419322724319516E-019   8.9669011454747139E-023   6.7976258546648352E-008   3.5800290449309138        5.8355533559169324     
     2000001   1000000000.0000000        392.42334348411782        14611.042910559312        17.782794100389228        2.3300000000000001       0.84999999999999998       0.14999999999999999        1.2438922347504048E-018   9.1440498469500262E-023   7.0135158228137554E-008   3.5463038054477387        5.7823306835056885     
     2000001   1000000000.0000000        398.95455662018986        15476.801631735168        17.782794100389228        2.3300000000000001       0.84999999999999998       0.14999999999999999        2.2071799899029516E-018   9.3099314930589298E-023   7.2367900966541207E-008   3.5155850906018005        5.7339162027864523     
     2000001   1000000000.0000000        405.87276846450101        16393.859782245421        17.782794100389228        2.3300000000000001       0.84999999999999998       0.14999999999999999        3.9924217749837096E-018   9.4476206261689505E-023   7.4679893729622415E-008   3.4914393751781190        5.6961695353037207     
     2000001   1000000000.0000000        413.20091013215313        17365.257044377595        17.782794100389228        2.3300000000000001       0.84999999999999998       0.14999999999999999        7.3620858261641328E-018   9.5308859409516441E-023   7.7077334748799681E-008   3.4800886968950877        5.6792974370153839     
     2000001   1000000000.0000000        420.96327149224055        18394.213212918123        17.782794100389228        2.3300000000000001       0.84999999999999998       0.14999999999999999        1.3829996352673007E-017   9.5374022568941930E-023   7.9567701152469916E-008   3.4878876513145571        5.6937319529676547     
     2000001   1000000000.0000000        428.03001404765365        19484.138867488829        17.782794100389228        2.3300000000000001       0.84999999999999998       0.14999999999999999        2.6394859930361559E-017   9.4743785490174321E-023   8.2154234262584671E-008   3.5155247869484647        5.7407219334815522     
     2000001   1000000000.0000000        434.80862373527054        20638.646677259141        17.782794100389228        2.3300000000000001       0.84999999999999998       0.14999999999999999        5.1016365578028143E-017   9.3430168484835809E-023   8.4840344992925824E-008   3.5618132076350069        5.8183363121953082     
     2000001   1000000000.0000000        441.98889129840160        21861.563375504604        17.782794100389228        2.3300000000000001       0.84999999999999998       0.14999999999999999        9.9693161352809527E-017   9.1358116778625033E-023   8.7635722209826144E-008   3.6294730865868252        5.9310263088425801     
     2000001   1000000000.0000000        449.59461646241795        23156.942443702636        17.782794100389228        2.3300000000000001       0.84999999999999998       0.14999999999999999        1.9666050180911602E-016   8.8709609150779623E-023   9.0553495915503014E-008   3.7159302246944734        6.0746176973888826     
     2000001   1000000000.0000000        457.65100917507715        24529.077547208130        17.782794100389228        2.3300000000000001       0.84999999999999998       0.14999999999999999        3.9087208430458785E-016   8.5841611559996495E-023   9.3608516879859755E-008   3.8124669066184262        6.2348509814095143     
     2000001   1000000000.0000000        466.18477316745197        25982.516767042762        17.782794100389228        2.3300000000000001       0.84999999999999998       0.14999999999999999        7.8133877978181746E-016   8.2982550024861347E-023   9.6817678360904470E-008   3.9137929262073476        6.4030635579664299     
     2000001   1000000000.0000000        474.23624856402523        27522.077674971442        17.782794100389228        2.3300000000000001       0.84999999999999998       0.14999999999999999        1.5661445977440905E-015   8.0190525338853371E-023   1.0019455469734946E-007   4.0237588030779987        6.5856595000309994     
     2000001   1000000000.0000000        482.10717018126041        29152.863301832149        17.782794100389228        2.3300000000000001       0.84999999999999998       0.14999999999999999        3.1435446745111845E-015   7.7475957373444814E-023   1.0375412720940490E-007   4.1414658280087533        6.7811540561165771     
     2000001   1000000000.0000000        490.44447322489560        30880.279052050009        17.782794100389228        2.3300000000000001       0.84999999999999998       0.14999999999999999        6.3199189178412985E-015   7.4837639201149164E-023   1.0751822969267057E-007   4.2645809870285918        6.9856696654810886     
     2000001   1000000000.0000000        499.27579253179800        32710.050620398204        17.782794100389228        2.3300000000000001       0.84999999999999998       0.14999999999999999        1.2712392228804911E-014   7.2268920851270439E-023   1.1151271839297328E-007   4.3937970107125102        7.2003422093699339     
     2000001   1000000000.0000000        508.63040040586435        34648.242970394473        17.782794100389228        2.3300000000000001       0.84999999999999998       0.14999999999999999        2.5515165526553242E-014   6.9763080315074052E-023   1.1576670397712356E-007   4.5299221220903041        7.4264975313739816     
     2000001   1000000000.0000000        518.53930364404198        36701.280437238122        17.782794100389228        2.3300000000000001       0.84999999999999998       0.14999999999999999        5.0873408142593728E-014   6.7313491896366843E-023   1.2031379068879516E-007   4.6739112921800716        7.6657033721644980     
     2000001   1000000000.0000000        527.39041558743997        38875.968021920889        17.782794100389228        2.3300000000000001       0.84999999999999998       0.14999999999999999        1.0007145180649091E-013   6.4922269255797114E-023   1.2518168068143498E-007   4.8345686246233965        7.9325838695345317     
     2000001   1000000000.0000000        535.57100464675796        41179.513947092892        17.782794100389228        2.3300000000000001       0.84999999999999998       0.14999999999999999        1.9492465808613137E-013   6.2600487102311871E-023   1.3040274442723006E-007   5.0106866309689480        8.2251313194318545     
     2000001   1000000000.0000000        544.23632408198500        43619.553549448232        17.782794100389228        2.3300000000000001       0.84999999999999998       0.14999999999999999        3.7894576300370533E-013   6.0350237070564960E-023   1.3602457574919230E-007   5.1974878472627051        8.5353869900913590     
     2000001   1000000000.0000000        553.41509597360039        46204.174587823225        17.782794100389228        2.3300000000000001       0.84999999999999998       0.14999999999999999        7.3548788160880223E-013   5.8165558269351319E-023   1.4210377644688865E-007   5.3963931248769343        8.8656847665445664     
     2000001   1000000000.0000000        563.13774429234650        48941.944050893537        17.782794100389228        2.3300000000000001       0.84999999999999998       0.14999999999999999        1.4207209906382507E-012   5.6040342660601111E-023   1.4870605254942079E-007   5.6090820885467867        9.2187859115174433     
     2000001   1000000000.0000000        572.84743552462464        51841.936553327454        17.782794100389228        2.3300000000000001       0.84999999999999998       0.14999999999999999        2.7172259544691993E-012   5.3971070822439929E-023   1.5590398692625916E-007   5.8406966881397535        9.6032065154103297     
     2000001   1000000000.0000000        581.83034671209748        54913.764414516860        17.782794100389228        2.3300000000000001       0.84999999999999998       0.14999999999999999        5.1436402650463820E-012   5.1960758420388134E-023   1.6377618157760830E-007   6.0973996330506113        10.029159455290232     
     2000001   1000000000.0000000        591.34552885036453        58167.609519584992        17.782794100389228        2.3300000000000001       0.84999999999999998       0.14999999999999999        9.7390635808780197E-012   5.0011420122946958E-023   1.7242845234242272E-007   6.3742801255740771        10.488445665049044     
     2000001   1000000000.0000000        601.42452097606440        61614.257068278283        17.782794100389228        2.3300000000000001       0.84999999999999998       0.14999999999999999        1.8459642808234997E-011   4.8117452664423284E-023   1.8198835395644312E-007   6.6743971472859309        10.986099136849257     
     2000001   1000000000.0000000        612.10073093124458        65265.131323604903        17.782794100389228        2.3300000000000001       0.84999999999999998       0.14999999999999999        3.4916764399538931E-011   4.6272957434052976E-023   1.9260851650330594E-007   7.0014375601632199        11.528188829732587     
     2000001   1000000000.0000000        623.40954609704431        69132.333478713568        17.782794100389228        2.3300000000000001       0.84999999999999998       0.14999999999999999        6.5538844529050159E-011   4.4471505938876238E-023   2.0447451028416794E-007   7.3599336081193911        12.122176643168421     
     2000001   1000000000.0000000        633.97366409378094        73228.681767525879        17.782794100389228        2.3300000000000001       0.84999999999999998       0.14999999999999999        1.2107143489536753E-010   4.2712402109527521E-023   2.1779350636353069E-007   7.7644680691514019        12.792192670282450     
     2000001   1000000000.0000000        644.87242644104015        77567.753952073908        17.782794100389228        2.3300000000000001       0.84999999999999998       0.14999999999999999        2.2236382475816059E-010   4.0997941668885935E-023   2.3283318410690552E-007   8.2137490030096210        13.536005531399256     
     2000001   1000000000.0000000        656.41698105719661        82163.932327369650        17.782794100389228        2.3300000000000001       0.84999999999999998       0.14999999999999999        4.0699342435056728E-010   3.9323784587409899E-023   2.4992321255344551E-007   8.7132909575109281        14.362659409940312     
     2000001   1000000000.0000000        668.64559353987283        87032.451392980889        17.782794100389228        2.3300000000000001       0.84999999999999998       0.14999999999999999        7.3818839823502727E-010   3.7683334378836974E-023   2.6946570907516945E-007   9.2723596342466514        15.287393266708859     
     2000001   1000000000.0000000        680.79993888257366        92189.448349326631        17.782794100389228        2.3300000000000001       0.84999999999999998       0.14999999999999999        1.3117698740589384E-009   3.6071902565352997E-023   2.9194647027922359E-007   9.9086622095738939        16.339388366041931     
     2000001   1000000000.0000000        691.89266640181836        97652.016586063502        17.782794100389228        2.3300000000000001       0.84999999999999998       0.14999999999999999        2.2773862242012204E-009   3.4491549522997931E-023   3.1794822250053736E-007   10.644361326168593        17.555130570050185     
     2000001   1000000000.0000000        703.64267934895463        103438.26233986193        17.782794100389228        2.3300000000000001       0.84999999999999998       0.14999999999999999        3.9430515437837948E-009   3.2944276544284427E-023   3.4816971303020476E-007   11.479568099996756        18.934580308377342     
     2000001   1000000000.0000000        716.08892433409085        109567.36470936458        17.782794100389228        2.3300000000000001       0.84999999999999998       0.14999999999999999        6.8116807284838370E-009   3.1422117964930486E-023   3.8341871027945042E-007   12.432218484264542        20.507132166073852     
     2000001   1000000000.0000000        729.27265569906501        116059.63922625296        17.782794100389228        2.3300000000000001       0.84999999999999998       0.14999999999999999        1.1642764596561284E-008   2.9915527850673948E-023   4.2466438222134978E-007   13.524111403649137        22.308477860522196     
     2000001   1000000000.0000000        741.15639012705935        122936.60519314058        17.782794100389228        2.3300000000000001       0.84999999999999998       0.14999999999999999        1.9369890332073227E-008   2.8418919586004095E-023   4.7318977414757870E-007   14.809402589147730        24.427497643638663     
     2000001   1000000000.0000000        753.52066009186854        130221.05701148394        17.782794100389228        2.3300000000000001       0.84999999999999998       0.14999999999999999        3.2083812390325307E-008   2.6931688884318901E-023   5.2999674631857339E-007   16.292829142718926        26.871447174917201     
     2000001   1000000000.0000000        766.61755911119008        137937.13973593831        17.782794100389228        2.3300000000000001       0.84999999999999998       0.14999999999999999        5.3159548013542756E-008   2.5440196530464507E-023   5.9572528656053295E-007   17.994727633263619        29.673187684836574     
     2000001   1000000000.0000000        780.49049818567744        146110.42910559292        17.782794100389228        2.3300000000000001       0.84999999999999998       0.14999999999999999        8.7499644033574469E-008   2.3924535418542077E-023   6.7056754942647612E-007   19.937949529780354        32.869549640097958     
     2000001   1000000000.0000000        793.27943621460724        154768.01631735137        17.782794100389228        2.3300000000000001       0.84999999999999998       0.14999999999999999        1.4074357820042394E-007   2.2362743845689153E-023   7.5508802233122402E-007   22.207926242318628        36.599773619275616     
     2000001   1000000000.0000000        806.66713536409441        163938.59782245383        17.782794100389228        2.3300000000000001       0.84999999999999998       0.14999999999999999        2.2597433397480220E-007   2.0730581312037640E-023   8.4393177633726009E-007   24.740112776327877        40.756589533243918     
     2000001   1000000000.0000000        820.84810555974252        173652.57044377620        17.782794100389228        2.3300000000000001       0.84999999999999998       0.14999999999999999        3.6293896982341318E-007   1.8978257922859486E-023   9.2384297928250158E-007   27.400993890151263        45.119884330627499     
     2000001   1000000000.0000000        835.86935106610940        183942.13212918109        17.782794100389228        2.3300000000000001       0.84999999999999998       0.14999999999999999        5.7685442915700836E-007   1.7030901978267106E-023   9.6966207401828434E-007   29.893938103637641        49.203178192770295     
     2000001   1000000000.0000000        849.70035922379395        194841.38867488838        17.782794100389228        2.3300000000000001       0.84999999999999998       0.14999999999999999        8.8426589332097339E-007   1.4786897293219363E-023   9.4358704460966114E-007   31.792017065636301        52.307983491377023     
     2000001   1000000000.0000000        863.93192971732117        206386.46677259143        17.782794100389228        2.3300000000000001       0.84999999999999998       0.14999999999999999        1.3129176113958424E-006   1.2122099318694923E-023   7.9215343740080761E-007   31.886578656975928        52.459342587531765     
     2000001   1000000000.0000000        879.00677377771297        218615.63375504629        17.782794100389228        2.3300000000000001       0.84999999999999998       0.14999999999999999        1.8371730548036530E-006   8.9140266734363954E-024   4.7033982502808376E-007   27.255211903073729        44.873593990805567     
     2000001   1000000000.0000000        894.53949621095842        231569.42443702623        17.782794100389228        2.3300000000000001       0.84999999999999998       0.14999999999999999        2.2824181421040897E-006   5.1569658519538272E-024   1.1923095587774966E-007   14.686248729100575        24.236982275384392     
     2000001   1000000000.0000000        908.91805644598981        245290.77547208132        17.782794100389228        2.3300000000000001       0.84999999999999998       0.14999999999999999        2.4404064861248916E-006   6.8787675341739286E-025   9.3790176982561939E-009   8.8291996756178364        14.587930571147314     
     2000001   1000000000.0000000        924.14859993763150        259825.16767042750        17.782794100389228        2.3300000000000001       0.84999999999999998       0.14999999999999999        2.4932638669343361E-006   4.7295785239332902E-026   3.2015147102186451E-010   1.9401403110687321        3.2059043470017037     
     2000001   1000000000.0000000        940.28160986762873        275220.77674971428        17.782794100389228        2.3300000000000001       0.84999999999999998       0.14999999999999999        2.5361862932674139E-006   1.4281454511885377E-027   6.4437921122770477E-012   1.3179319228880913E-005   1.7571665078412829E-005
     2000001   1000000000.0000000        956.14025296175498        291528.63301832200        17.782794100389228        2.3300000000000001       0.84999999999999998       0.14999999999999999        2.5777894002100724E-006   2.6392478999699262E-029   8.8102022432199560E-014   1.2546542818639341E-005   1.6727970964027023E-005
     2000001   1000000000.0000000        971.76302563334661        308802.79052050057        17.782794100389228        2.3300000000000001       0.84999999999999998       0.14999999999999999        2.6183856402971212E-006   1.3081038441849916E-030   8.6585941964575377E-016   1.1941055570327260E-005   1.5920663489192986E-005
     2000001   1000000000.0000000        988.31150578332733        327100.50620398164        17.782794100389228        2.3300000000000001       0.84999999999999998       0.14999999999999999        2.6580119798562361E-006   1.0026614365910640E-030   6.2578425342172655E-018   1.1368646213756410E-005   1.5157461599856335E-005
     2000001   1000000000.0000000        1005.4280222280375        346482.42970394494        17.782794100389228        2.3300000000000001       0.84999999999999998       0.14999999999999999        2.6967265014101023E-006   1.0000166554166981E-030   3.3462470581953447E-020   1.0825217703453208E-005   1.4432902421063433E-005
     2000001   1000000000.0000000        1021.6497107783869        367012.80437238095        17.782794100389228        2.3300000000000001       0.84999999999999998       0.14999999999999999        2.7345142933186406E-006   1.0000000756687893E-030   1.3023704040920749E-022   1.0301761332261942E-005   1.3734974003199342E-005
     2000001   1000000000.0000000        1038.8325948040110        388759.68021920888        17.782794100389228        2.3300000000000001       0.84999999999999998       0.14999999999999999        2.7713789504814179E-006   1.0000000002392422E-030   3.5529651906087257E-025   9.8069203180854634E-006   1.3075201338920733E-005
     2000001   1000000000.0000000        1057.0336287174421        411795.13947092788        17.782794100389228        2.3300000000000001       0.84999999999999998       0.14999999999999999        2.8073910096253101E-006   1.0000000000004961E-030   6.2928681636118247E-028   9.3390719056473298E-006   1.2451420730883446E-005
     2000001   1000000000.0000000        1074.1975440043311        436195.53549448232        17.782794100389228        2.3300000000000001       0.84999999999999998       0.14999999999999999        2.8425482538420951E-006   1.0000000000000006E-030   1.5518654878323438E-030   8.8879356141930200E-006   1.1849924746555811E-005
     2000001   1000000000.0000000        1091.9787425112279        462041.74587823276        17.782794100389228        2.3300000000000001       0.84999999999999998       0.14999999999999999        2.8768384138865102E-006   1.0000000000000001E-030   1.0000000014307034E-030   8.4599055411234938E-006   1.1279239220550959E-005
     2000001   1000000000.0000000        1110.8135432677750        489419.44050893636        17.782794100389228        2.3300000000000001       0.84999999999999998       0.14999999999999999        2.9103156995663214E-006   1.0000000000000001E-030   1.0000000000000001E-030   8.0552443467403035E-006   1.0739714374277991E-005
     2000001   1000000000.0000000        1128.9680375980781        518419.36553327565        17.782794100389228        2.3300000000000001       0.84999999999999998       0.14999999999999999        2.9429913475287003E-006   1.0000000000000001E-030   1.0000000000000001E-030   7.6665292482066824E-006   1.0221453484643104E-005
     2000001   1000000000.0000000        1148.0762598030299        549137.64414516836        17.782794100389228        2.3300000000000001       0.84999999999999998       0.14999999999999999        2.9748746109598032E-006   1.0000000000000001E-030   1.0000000000000001E-030   7.2986634456305537E-006   9.7309940745726510E-006
     2000001   1000000000.0000000        1168.3167153551408        581676.09519584989        17.782794100389228        2.3300000000000001       0.84999999999999998       0.14999999999999999        3.0060237393020553E-006   1.0000000000000001E-030   1.0000000000000001E-030   6.9508583525790050E-006   9.2672846161016739E-006
     2000001   1000000000.0000000        1186.1715679184338        616142.57068278408        17.782794100389228        2.3300000000000001       0.84999999999999998       0.14999999999999999        3.0364048747062171E-006   1.0000000000000001E-030   1.0000000000000001E-030   6.6119919165343375E-006   8.8154973695354695E-006
     2000001   1000000000.0000000        1204.7770111225141        652651.31323604856        17.782794100389228        2.3300000000000001       0.84999999999999998       0.14999999999999999        3.0659813101668135E-006   1.0000000000000001E-030   1.0000000000000001E-030   6.2908970889751134E-006   8.3874087468931570E-006
     2000001   1000000000.0000000        1224.1635894686165        691323.33478713466        17.782794100389228        2.3300000000000001       0.84999999999999998       0.14999999999999999        3.0947972355549991E-006   1.0000000000000001E-030   1.0000000000000001E-030   5.9865686854354827E-006   7.9816410486425378E-006
     2000001   1000000000.0000000        1242.3557923282392        732286.81767525827        17.782794100389228        2.3300000000000001       0.84999999999999998       0.14999999999999999        3.1228487843885056E-006   1.0000000000000001E-030   1.0000000000000001E-030   5.6935022010181464E-006   7.5908771083673192E-006
     2000001   1000000000.0000000        1261.6259509764759        775677.53952074063        17.782794100389228        2.3300000000000001       0.84999999999999998       0.14999999999999999        3.1501414275465198E-006   1.0000000000000001E-030   1.0000000000000001E-030   5.4165152919212773E-006   7.2215529029608497E-006
     2000001   1000000000.0000000        1282.0388973412043        821639.32327369694        17.782794100389228        2.3300000000000001       0.84999999999999998       0.14999999999999999        3.1767303062440650E-006   1.0000000000000001E-030   1.0000000000000001E-030   5.1546994308806676E-006   6.8724570974094104E-006
     2000001   1000000000.0000000        1304.6474681458305        870324.51392981003        17.782794100389228        2.3300000000000001       0.84999999999999998       0.14999999999999999        3.2026881280211229E-006   1.0000000000000001E-030   1.0000000000000001E-030   4.9090490448752031E-006   6.5449161674034372E-006
     2000001   1000000000.0000000        1328.5956809915660        921894.48349326500        17.782794100389228        2.3300000000000001       0.84999999999999998       0.14999999999999999        3.2280839657931538E-006   1.0000000000000001E-030   1.0000000000000001E-030   4.6767607954257171E-006   6.2351918490815706E-006
     2000001   1000000000.0000000        1350.6477681833053        976520.16586063348        17.782794100389228        2.3300000000000001       0.84999999999999998       0.14999999999999999        3.2529038752944752E-006   1.0000000000000001E-030   1.0000000000000001E-030   4.4516139385252293E-006   5.9349880534141158E-006
     2000001   1000000000.0000000        1372.0078844318357        1034382.6233986198        17.782794100389228        2.3300000000000001       0.84999999999999998       0.14999999999999999        3.2771007714822238E-006   1.0000000000000001E-030   1.0000000000000001E-030   4.2356711188448811E-006   5.6470556303163760E-006
     2000001   1000000000.0000000        1394.5307917899142        1095673.6470936439        17.782794100389228        2.3300000000000001       0.84999999999999998       0.14999999999999999        3.3006865704676365E-006   1.0000000000000001E-030   1.0000000000000001E-030   4.0313949170186730E-006   5.3746790253431356E-006
     2000001   1000000000.0000000        1416.1632578913259        1160596.3922625296        17.782794100389228        2.3300000000000001       0.84999999999999998       0.14999999999999999        3.3236693981381674E-006   1.0000000000000001E-030   1.0000000000000001E-030   3.8352621631094388E-006   5.1131595612943573E-006
     2000001   1000000000.0000000        1439.0775281940175        1229366.0519314078        17.782794100389228        2.3300000000000001       0.84999999999999998       0.14999999999999999        3.3460599946872351E-006   1.0000000000000001E-030   1.0000000000000001E-030   3.6498704941415819E-006   4.8659619310254573E-006
     2000001   1000000000.0000000        1462.4961653623689        1302210.5701148405        17.782794100389228        2.3300000000000001       0.84999999999999998       0.14999999999999999        3.3678897983449970E-006   1.0000000000000001E-030   1.0000000000000001E-030   3.4735975008606328E-006   4.6309224975148806E-006
     2000001   1000000000.0000000        1486.2708850002102        1379371.3973593852        17.782794100389228        2.3300000000000001       0.84999999999999998       0.14999999999999999        3.3891744118530326E-006   1.0000000000000001E-030   1.0000000000000001E-030   3.3058082229938743E-006   4.4071945642904680E-006
     2000001   1000000000.0000000        1500.8872896207452        1461104.2910559282        17.782794100389228        2.3300000000000001       0.84999999999999998       0.14999999999999999        3.4097940856927620E-006   1.0000000000000001E-030   1.0000000000000001E-030   3.1361606000850327E-006   4.1809835323613521E-006
     2000001   1000000000.0000000        1500.8872896207452        1547680.1631735172        17.782794100389228        2.3300000000000001       0.84999999999999998       0.14999999999999999        3.4294490855322787E-006   1.0000000000000001E-030   1.0000000000000001E-030   2.9606855843742913E-006   3.9469940276053441E-006
     2000001   1000000000.0000000        1500.8872896207452        1639385.9782245392        17.782794100389228        2.3300000000000001       0.84999999999999998       0.14999999999999999        3.4480046996084776E-006   1.0000000000000001E-030   1.0000000000000001E-030   2.7950248381914820E-006   3.7260894017352680E-006
     2000001   1000000000.0000000        1500.8872896207452        1736525.7044377567        17.782794100389228        2.3300000000000001       0.84999999999999998       0.14999999999999999        3.4655224203521270E-006   1.0000000000000001E-030   1.0000000000000001E-030   2.6386293018251265E-006   3.5175375588491212E-006
     2000001   1000000000.0000000        1500.8872896207452        1839421.3212918125        17.782794100389228        2.3300000000000001       0.84999999999999998       0.14999999999999999        3.4820603003903222E-006   1.0000000000000001E-030   1.0000000000000001E-030   2.4909806284041440E-006   3.3206473548635277E-006
     2000001   1000000000.0000000        1500.8872896207452        1948413.8867488836        17.782794100389228        2.3300000000000001       0.84999999999999998       0.14999999999999999        3.4976731450141055E-006   1.0000000000000001E-030   1.0000000000000001E-030   2.3515894659567486E-006   3.1347663072111131E-006
     2000001   1000000000.0000000        1500.8872896207452        2063864.6677259144        17.782794100389228        2.3300000000000001       0.84999999999999998       0.14999999999999999        3.5124126938567851E-006   1.0000000000000001E-030   1.0000000000000001E-030   2.2199938355908839E-006   2.9592784327368296E-006
     2000001   1000000000.0000000        1500.8872896207452        2186156.3375504618        17.782794100389228        2.3300000000000001       0.84999999999999998       0.14999999999999999        3.5263277924085295E-006   1.0000000000000001E-030   1.0000000000000001E-030   2.0957576004220306E-006   2.7936022066318163E-006
     2000001   1000000000.0000000        1500.8872896207452        2315694.2443702682        17.782794100389228        2.3300000000000001       0.84999999999999998       0.14999999999999999        3.5394645539408535E-006   1.0000000000000001E-030   1.0000000000000001E-030   1.9784690201750420E-006   2.6371886356449087E-006
     2000001   1000000000.0000000        1500.8872896207452        2452907.7547208150        17.782794100389228        2.3300000000000001       0.84999999999999998       0.14999999999999999        3.5518665123755205E-006   1.0000000000000001E-030   1.0000000000000001E-030   1.8677393866708705E-006   2.4895194391912905E-006
     2000001   1000000000.0000000        1500.8872896207452        2598251.6767042740        17.782794100389228        2.3300000000000001       0.84999999999999998       0.14999999999999999        3.5635747666010607E-006   1.0000000000000001E-030   1.0000000000000001E-030   1.7632017356772845E-006   2.3501053323359028E-006
     2000001   1000000000.0000000        1500.8872896207452        2752207.7674971470        17.782794100389228        2.3300000000000001       0.84999999999999998       0.14999999999999999        3.5746281167125715E-006   1.0000000000000001E-030   1.0000000000000001E-030   1.6645096308559936E-006   2.2184844049674935E-006
     2000001   1000000000.0000000        1500.8872896207452        2915286.3301832201        17.782794100389228        2.3300000000000001       0.84999999999999998       0.14999999999999999        3.5850631926249651E-006   1.0000000000000001E-030   1.0000000000000001E-030   1.5713360157778727E-006   2.0942205917987449E-006
     2000001   1000000000.0000000        1500.8872896207452        3088027.9052050021        17.782794100389228        2.3300000000000001       0.84999999999999998       0.14999999999999999        3.5949145754855948E-006   1.0000000000000001E-030   1.0000000000000001E-030   1.4833721302035250E-006   1.9769022281291976E-006
     2000001   1000000000.0000000        1500.8872896207452        3271005.0620398247        17.782794100389228        2.3300000000000001       0.84999999999999998       0.14999999999999999        3.6042149122893855E-006   1.0000000000000001E-030   1.0000000000000001E-030   1.4003264870400717E-006   1.8661406865931255E-006
     2000001   1000000000.0000000        1500.8872896207452        3464824.2970394436        17.782794100389228        2.3300000000000001       0.84999999999999998       0.14999999999999999        3.6129950240773076E-006   1.0000000000000001E-030   1.0000000000000001E-030   1.3219239065861109E-006   1.7615690903831493E-006
     2000001   1000000000.0000000        1500.8872896207452        3670128.0437238198        17.782794100389228        2.3300000000000001       0.84999999999999998       0.14999999999999999        3.6212840080779541E-006   1.0000000000000001E-030   1.0000000000000001E-030   1.2479046048670495E-006   1.6628410986946106E-006
     2000001   1000000000.0000000        1500.8872896207452        3887596.8021920808        17.782794100389228        2.3300000000000001       0.84999999999999998       0.14999999999999999        3.6291093341319685E-006   1.0000000000000001E-030   1.0000000000000001E-030   1.1780233330427028E-006   1.5696297603758769E-006
     2000001   1000000000.0000000        1500.8872896207452        4117951.3947092807        17.782794100389228        2.3300000000000001       0.84999999999999998       0.14999999999999999        3.6364969357198080E-006   1.0000000000000001E-030   1.0000000000000001E-030   1.1120485650383579E-006   1.4816264319959237E-006
     2000001   1000000000.0000000        1500.8872896207452        4361955.3549448149        17.782794100389228        2.3300000000000001       0.84999999999999998       0.14999999999999999        3.6434712958954740E-006   1.0000000000000001E-030   1.0000000000000001E-030   1.0497617307110071E-006   1.3985397567549876E-006
     2000001   1000000000.0000000        1500.8872896207452        4620417.4587823180        17.782794100389228        2.3300000000000001       0.84999999999999998       0.14999999999999999        3.6500555284116500E-006   1.0000000000000001E-030   1.0000000000000001E-030   9.9095649201335290E-007   1.3200947008655448E-006
     2000001   1000000000.0000000        1500.8872896207452        4894194.4050893541        17.782794100389228        2.3300000000000001       0.84999999999999998       0.14999999999999999        3.6562714543056307E-006   1.0000000000000001E-030   1.0000000000000001E-030   9.3543805976130534E-007   1.2460316442218007E-006
     2000001   1000000000.0000000        1500.8872896207452        5184193.6553327413        17.782794100389228        2.3300000000000001       0.84999999999999998       0.14999999999999999        3.6621396742003476E-006   1.0000000000000001E-030   1.0000000000000001E-030   8.8302254874539768E-007   1.1761055223553904E-006
     2000001   1000000000.0000000        1500.8872896207452        5491376.4414516753        17.782794100389228        2.3300000000000001       0.84999999999999998       0.14999999999999999        3.6676796365603583E-006   1.0000000000000001E-030   1.0000000000000001E-030   8.3353636905404456E-007   1.1100850168445438E-006
     2000001   1000000000.0000000        1500.8872896207452        5816760.9519584905        17.782794100389228        2.3300000000000001       0.84999999999999998       0.14999999999999999        3.6729097021292948E-006   1.0000000000000001E-030   1.0000000000000001E-030   7.8681565159682042E-007   1.0477517915034962E-006
     2000001   1000000000.0000000        1500.8872896207452        6161425.7068278287        17.782794100389228        2.3300000000000001       0.84999999999999998       0.14999999999999999        3.6778472047624562E-006   1.0000000000000001E-030   1.0000000000000001E-030   7.4270570592950563E-007   9.8889977182903655E-007
     2000001   1000000000.0000000        1500.8872896207452        6526513.1323604891        17.782794100389228        2.3300000000000001       0.84999999999999998       0.14999999999999999        3.6825085088564476E-006   1.0000000000000001E-030   1.0000000000000001E-030   7.0106050858990556E-007   9.3333446532210747E-007
     2000001   1000000000.0000000        1500.8872896207452        6913233.3478713343        17.782794100389228        2.3300000000000001       0.84999999999999998       0.14999999999999999        3.6869090635663311E-006   1.0000000000000001E-030   1.0000000000000001E-030   6.6174222025459756E-007   8.8087232043447165E-007
     2000001   1000000000.0000000        1500.8872896207452        7322868.1767525990        17.782794100389228        2.3300000000000001       0.84999999999999998       0.14999999999999999        3.6910634539899511E-006   1.0000000000000001E-030   1.0000000000000001E-030   6.2462073012224088E-007   8.3134012201399441E-007
     2000001   1000000000.0000000        1500.8872896207452        7756775.3952074023        17.782794100389228        2.3300000000000001       0.84999999999999998       0.14999999999999999        3.6949854494893845E-006   1.0000000000000001E-030   1.0000000000000001E-030   5.8957322601911415E-007   7.8457442123714248E-007
     2000001   1000000000.0000000        1500.8872896207452        8216393.2327369750        17.782794100389228        2.3300000000000001       0.84999999999999998       0.14999999999999999        3.6986880493096786E-006   1.0000000000000001E-030   1.0000000000000001E-030   5.5648378880725823E-007   7.4042099812379638E-007
     2000001   1000000000.0000000        1500.8872896207452        8703245.1392981168        17.782794100389228        2.3300000000000001       0.84999999999999998       0.14999999999999999        3.7021835256460800E-006   1.0000000000000001E-030   1.0000000000000001E-030   5.2524300975553509E-007   6.9873435482784456E-007
     2000001   1000000000.0000000        1500.8872896207452        9218944.8349326625        17.782794100389228        2.3300000000000001       0.84999999999999998       0.14999999999999999        3.7054834643027098E-006   1.0000000000000001E-030   1.0000000000000001E-030   4.9574762960880276E-007   6.5937723798660026E-007
     2000001   1000000000.0000000        1500.8872896207452        9765201.6586063262        17.782794100389228        2.3300000000000001       0.84999999999999998       0.14999999999999999        3.7085988030773590E-006   1.0000000000000001E-030   1.0000000000000001E-030   4.6790019816082708E-007   6.2222018849328924E-007
     2000001   1000000000.0000000        1500.8872896207452        10343826.233986206        17.782794100389228        2.3300000000000001       0.84999999999999998       0.14999999999999999        3.7115398679997172E-006   1.0000000000000001E-030   1.0000000000000001E-030   4.4160875320237986E-007   5.8714111712917806E-007
     2000001   1000000000.0000000        1500.8872896207452        10956736.470936455        17.782794100389228        2.3300000000000001       0.84999999999999998       0.14999999999999999        3.7143164075431227E-006   1.0000000000000001E-030   1.0000000000000001E-030   4.1678651777739237E-007   5.5402490455523987E-007
     2000001   1000000000.0000000        1500.8872896207452        11605963.922625303        17.782794100389228        2.3300000000000001       0.84999999999999998       0.14999999999999999        3.7169376249232660E-006   1.0000000000000001E-030   1.0000000000000001E-030   3.9335161473702946E-007   5.2276302421724618E-007
     2000001   1000000000.0000000        1500.8872896207452        12293660.519314045        17.782794100389228        2.3300000000000001       0.84999999999999998       0.14999999999999999        3.7194122085908001E-006   1.0000000000000001E-030   1.0000000000000001E-030   3.7122679763428993E-007   4.9325318676279342E-007
     2000001   1000000000.0000000        1500.8872896207452        13022105.701148389        17.782794100389228        2.3300000000000001       0.84999999999999998       0.14999999999999999        3.7217483610189823E-006   1.0000000000000001E-030   1.0000000000000001E-030   3.5033919704998505E-007   4.6539900460356223E-007
     2000001   1000000000.0000000        1500.8872896207452        13793713.973593859        17.782794100389228        2.3300000000000001       0.84999999999999998       0.14999999999999999        3.7239538258816189E-006   1.0000000000000001E-030   1.0000000000000001E-030   3.3062008148487280E-007   4.3910967528132739E-007
     2000001   1000000000.0000000        1500.8872896207452        14611042.910559298        17.782794100389228        2.3300000000000001       0.84999999999999998       0.14999999999999999        3.7260359137115205E-006   1.0000000000000001E-030   1.0000000000000001E-030   3.1200463199202768E-007   4.1429968231178220E-007
     2000001   1000000000.0000000        1500.8872896207452        15476801.631735150        17.782794100389228        2.3300000000000001       0.84999999999999998       0.14999999999999999        3.7280015261241458E-006   1.0000000000000001E-030   1.0000000000000001E-030   2.9443172975830211E-007   3.9088851218691601E-007
     2000001   1000000000.0000000        1500.8872896207452        16393859.782245392        17.782794100389228        2.3300000000000001       0.84999999999999998       0.14999999999999999        3.7298571786869454E-006   1.0000000000000001E-030   1.0000000000000001E-030   2.7784375587366453E-007   3.6880038621519856E-007
     2000001   1000000000.0000000        1500.8872896207452        17365257.044377591        17.782794100389228        2.3300000000000001       0.84999999999999998       0.14999999999999999        3.7316090225099984E-006   1.0000000000000001E-030   1.0000000000000001E-030   2.6218640255225825E-007   3.4796400587095064E-007
     2000001   1000000000.0000000        1500.8872896207452        18394213.212918147        17.782794100389228        2.3300000000000001       0.84999999999999998       0.14999999999999999        3.7332628646294800E-006   1.0000000000000001E-030   1.0000000000000001E-030   2.4740849508906002E-007   3.2831231031237466E-007
     2000001   1000000000.0000000        1500.8872896207452        19484138.867488828        17.782794100389228        2.3300000000000001       0.84999999999999998       0.14999999999999999        3.7348241872513291E-006   1.0000000000000001E-030   1.0000000000000001E-030   2.3346182385094054E-007   3.0978224471514865E-007
     2000001   1000000000.0000000        1500.8872896207452        20638646.677259117        17.782794100389228        2.3300000000000001       0.84999999999999998       0.14999999999999999        3.7362981659190046E-006   1.0000000000000001E-030   1.0000000000000001E-030   2.2030098561076894E-007   2.9231453805984891E-007
     2000001   1000000000.0000000        1500.8872896207452        21861563.375504632        17.782794100389228        2.3300000000000001       0.84999999999999998       0.14999999999999999        3.7376896866653129E-006   1.0000000000000001E-030   1.0000000000000001E-030   2.0788323353809402E-007   2.7585348901260441E-007
     2000001   1000000000.0000000        1500.8872896207452        23156942.443702683        17.782794100389228        2.3300000000000001       0.84999999999999998       0.14999999999999999        3.7390033622052499E-006   1.0000000000000001E-030   1.0000000000000001E-030   1.9616833516021235E-007   2.6034675855651220E-007
     2000001   1000000000.0000000        1500.8872896207452        24529077.547208119        17.782794100389228        2.3300000000000001       0.84999999999999998       0.14999999999999999        3.7402435472232930E-006   1.0000000000000001E-030   1.0000000000000001E-030   1.8511843760371977E-007   2.4574516807501730E-007
     2000001   1000000000.0000000        1500.8872896207452        25982516.767042771        17.782794100389228        2.3300000000000001       0.84999999999999998       0.14999999999999999        3.7414143528058488E-006   1.0000000000000001E-030   1.0000000000000001E-030   1.7469793941993073E-007   2.3200250166728856E-007
     2000001   1000000000.0000000        1500.8872896207452        27522077.674971454        17.782794100389228        2.3300000000000001       0.84999999999999998       0.14999999999999999        3.7425196600667715E-006   1.0000000000000001E-030   1.0000000000000001E-030   1.6487336828924180E-007   2.1907531159974225E-007
     2000001   1000000000.0000000        1500.8872896207452        29152863.301832128        17.782794100389228        2.3300000000000001       0.84999999999999998       0.14999999999999999        3.7435631330472103E-006   1.0000000000000001E-030   1.0000000000000001E-030   1.5561326389164438E-007   2.0692272597727301E-007
