     1000001   1000000000.0000000        173.32350303863288        308.80279052050048        17.782794100389228        2.3300000000000001       0.84999999999999998       0.14999999999999999        1.9684694746775842E-023   8.0756917829012151E-024   1.1193300690260932E-008   47.430564055073688     
     1000001   1000000000.0000000        174.10607767662665        327.10050620398187        17.782794100389228        2.3300000000000001       0.84999999999999998       0.14999999999999999        1.9684694746775842E-023   8.0756917829012151E-024   1.1193300690260932E-008   44.827393770111136     
     1000001   1000000000.0000000        174.93502277715083        346.48242970394421        17.782794100389228        2.3300000000000001       0.84999999999999998       0.14999999999999999        1.9705036314445924E-023   8.1177840537383016E-024   1.1251669075412993E-008   42.376932847134810     
     1000001   1000000000.0000000        175.81308596284856        367.01280437238137        17.782794100389228        2.3300000000000001       0.84999999999999998       0.14999999999999999        1.9742712651814427E-023   8.1952244117059775E-024   1.1359053836908005E-008   40.071282271229698     
     1000001   1000000000.0000000        176.74317766323995        388.75968021920926        17.782794100389228        2.3300000000000001       0.84999999999999998       0.14999999999999999        1.9797633990123418E-023   8.3065866529466130E-024   1.1513477107472958E-008   37.902967042517439     
     1000001   1000000000.0000000        177.72838076163592        411.79513947092835        17.782794100389228        2.3300000000000001       0.84999999999999998       0.14999999999999999        1.9870848344451109E-023   8.4518921955104364E-024   1.1714968115086472E-008   35.864898273952456     
     1000001   1000000000.0000000        178.77196081366813        436.19553549448273        17.782794100389228        2.3300000000000001       0.84999999999999998       0.14999999999999999        1.9963581408911748E-023   8.6306554406198893E-024   1.1962852823272052E-008   33.950339341318532     
     1000001   1000000000.0000000        179.87737687130391        462.04174587823252        17.782794100389228        2.3300000000000001       0.84999999999999998       0.14999999999999999        2.0077315652902045E-023   8.8421968026953632E-024   1.2256188159206817E-008   32.152875596729480     
     1000001   1000000000.0000000        181.04829294822545        489.41944050893699        17.782794100389228        2.3300000000000001       0.84999999999999998       0.14999999999999999        2.0213859158650768E-023   9.0858550876157290E-024   1.2594056591031506E-008   30.466385830997577     
     1000001   1000000000.0000000        182.24948175866459        518.41936553327446        17.782794100389228        2.3300000000000001       0.84999999999999998       0.14999999999999999        2.0375353241611593E-023   9.3609763520685372E-024   1.2975550687486986E-008   28.882065512328847     
     1000001   1000000000.0000000        183.30810510507121        549.13764414516834        17.782794100389228        2.3300000000000001       0.84999999999999998       0.14999999999999999        2.0564124311616794E-023   9.6665982726049749E-024   1.3399335459299126E-008   27.382754121630597     
     1000001   1000000000.0000000        184.42945582831209        581.67609519585039        17.782794100389228        2.3300000000000001       0.84999999999999998       0.14999999999999999        2.0782901251391075E-023   1.0001734065551795E-023   1.3864042079421327E-008   25.979577079387511     
     1000001   1000000000.0000000        185.61725075913512        616.14257068278266        17.782794100389228        2.3300000000000001       0.84999999999999998       0.14999999999999999        2.1035115376687575E-023   1.0365685661437679E-023   1.4368702147180631E-008   24.667349497422855     
     1000001   1000000000.0000000        186.87542696435622        652.65131323604942        17.782794100389228        2.3300000000000001       0.84999999999999998       0.14999999999999999        2.1324804683742981E-023   1.0757728801403518E-023   1.4912311021673510E-008   23.441069146052552     
     1000001   1000000000.0000000        188.20815479666604        691.32333478713360        17.782794100389228        2.3300000000000001       0.84999999999999998       0.14999999999999999        2.1656711815509735E-023   1.1177139438557117E-023   1.5493864410371183E-008   22.295902216899226     
     1000001   1000000000.0000000        189.61985171768774        732.28681767525836        17.782794100389228        2.3300000000000001       0.84999999999999998       0.14999999999999999        2.2036402754249614E-023   1.1623227829807446E-023   1.6112405624030297E-008   21.227172326366905     
     1000001   1000000000.0000000        191.11519694010119        775.67753952073815        17.782794100389228        2.3300000000000001       0.84999999999999998       0.14999999999999999        2.2470410898520158E-023   1.2095359582136021E-023   1.6767054748848681E-008   20.230352655220418     
     1000001   1000000000.0000000        192.69914693736885        821.63932327369855        17.782794100389228        2.3300000000000001       0.84999999999999998       0.14999999999999999        2.2966412483691401E-023   1.2592966854913517E-023   1.7457024171532860E-008   19.301061017266065     
     1000001   1000000000.0000000        194.37695187246905        870.32451392981056        17.782794100389228        2.3300000000000001       0.84999999999999998       0.14999999999999999        2.3533441548635786E-023   1.3115560087964790E-023   1.8181634832258594E-008   18.435057553833836     
     1000001   1000000000.0000000        196.15417300009480        921.89448349326608        17.782794100389228        2.3300000000000001       0.84999999999999998       0.14999999999999999        2.4182156110922743E-023   1.3662749582821278E-023   1.8940346136387075E-008   17.628244668555663     
     1000001   1000000000.0000000        198.03670109999609        976.52016586063280        17.782794100389228        2.3300000000000001       0.84999999999999998       0.14999999999999999        2.4925171610676046E-023   1.4234277981561116E-023   1.9732800975042914E-008   16.876668756812386     
     1000001   1000000000.0000000        199.81612173397170        1034.3826233986197        17.782794100389228        2.3300000000000001       0.84999999999999998       0.14999999999999999        2.5776552097403057E-023   1.4829389800356253E-023   2.0557951547849977E-008   16.172500184876668     
     1000001   1000000000.0000000        201.69839004868282        1095.6736470936448        17.782794100389228        2.3300000000000001       0.84999999999999998       0.14999999999999999        2.6752804819199591E-023   1.5447359260765066E-023   2.1414791245091140E-008   15.517205012222044     
     1000001   1000000000.0000000        203.69218977282378        1160.5963922625303        17.782794100389228        2.3300000000000001       0.84999999999999998       0.14999999999999999        2.7874518004875845E-023   1.6088102352831209E-023   2.2303203302370857E-008   14.907283013484559     
     1000001   1000000000.0000000        205.80412955787756        1229.3660519314089        17.782794100389228        2.3300000000000001       0.84999999999999998       0.14999999999999999        2.9166366283563949E-023   1.6751583502195704E-023   2.3223138109019423E-008   14.339333647355188     
     1000001   1000000000.0000000        208.04120964254579        1302.2105701148403        17.782794100389228        2.3300000000000001       0.84999999999999998       0.14999999999999999        3.0658049650234737E-023   1.7437833274318372E-023   2.4174637746297840E-008   13.810114608765407     
     1000001   1000000000.0000000        210.41084505575057        1379.3713973593844        17.782794100389228        2.3300000000000001       0.84999999999999998       0.14999999999999999        3.2385507767507653E-023   1.8146976405364301E-023   2.5157874845487746E-008   13.316545653831133     
     1000001   1000000000.0000000        212.92089019449978        1461.1042910559304        17.782794100389228        2.3300000000000001       0.84999999999999998       0.14999999999999999        3.4392481246587586E-023   1.8879244782321504E-023   2.6173170574573613E-008   12.855711605364315     
     1000001   1000000000.0000000        215.57966485808296        1547.6801631735148        17.782794100389228        2.3300000000000001       0.84999999999999998       0.14999999999999999        3.6732531974050981E-023   1.9634985935018017E-023   2.7221006395541061E-008   12.424863974064165     
     1000001   1000000000.0000000        218.39598182489061        1639.3859782245424        17.782794100389228        2.3300000000000001       0.84999999999999998       0.14999999999999999        3.9471678579223182E-023   2.0414685389819192E-023   2.8302055040775787E-008   12.021421581562031     
     1000001   1000000000.0000000        221.37917606326144        1736.5257044377579        17.782794100389228        2.3300000000000001       0.84999999999999998       0.14999999999999999        4.2691868370464535E-023   2.1219025254381899E-023   2.9417261723777979E-008   11.642969785549573     
     1000001   1000000000.0000000        224.30347948250554        1839.4213212918128        17.782794100389228        2.3300000000000001       0.84999999999999998       0.14999999999999999        4.6491545482239557E-023   2.2048084124029181E-023   3.0566734809207572E-008   11.287937777494136     
     1000001   1000000000.0000000        227.11787285463967        1948.4138867488846        17.782794100389228        2.3300000000000001       0.84999999999999998       0.14999999999999999        5.0987784392459432E-023   2.2901066026457288E-023   3.1749370022839801E-008   10.955305101036016     
     1000001   1000000000.0000000        230.09902951818694        2063.8646677259139        17.782794100389228        2.3300000000000001       0.84999999999999998       0.14999999999999999        5.6330917720099440E-023   2.3778015933687318E-023   3.2965228987833028E-008   10.642591326256492     
     1000001   1000000000.0000000        233.25683081938666        2186.1563375504652        17.782794100389228        2.3300000000000001       0.84999999999999998       0.14999999999999999        6.2717546378615891E-023   2.4679936414736549E-023   3.4215700930792267E-008   10.347888068448105     
     1000001   1000000000.0000000        236.60174361105192        2315.6942443702628        17.782794100389228        2.3300000000000001       0.84999999999999998       0.14999999999999999        7.0399269781416615E-023   2.5607819241142085E-023   3.5502160002250024E-008   10.069436429717669     
     1000001   1000000000.0000000        240.14485494601664        2452.9077547208094        17.782794100389228        2.3300000000000001       0.84999999999999998       0.14999999999999999        7.9700787784695605E-023   2.6562730692225649E-023   3.6826083524873023E-008   9.8056212619596348     
     1000001   1000000000.0000000        243.89790882629586        2598.2516767042748        17.782794100389228        2.3300000000000001       0.84999999999999998       0.14999999999999999        9.1044851128500472E-023   2.7545860293137869E-023   3.8189119542939954E-008   9.5549648080067513     
     1000001   1000000000.0000000        247.87334512977290        2752.2077674971461        17.782794100389228        2.3300000000000001       0.84999999999999998       0.14999999999999999        1.0498697863188940E-022   2.8558558237952687E-023   3.9593138680055377E-008   9.3161198835586134     
     1000001   1000000000.0000000        252.08434084343588        2915.2863301832235        17.782794100389228        2.3300000000000001       0.84999999999999998       0.14999999999999999        1.2226423789733384E-022   2.9602461172941935E-023   4.1040408489570062E-008   9.0878627509163614     
     1000001   1000000000.0000000        256.35176955113928        3088.0279052049968        17.782794100389228        2.3300000000000001       0.84999999999999998       0.14999999999999999        1.4384792407263220E-022   3.0679023907931441E-023   4.2532944175701325E-008   8.8708454349552728     
     1000001   1000000000.0000000        259.33264855037766        3271.0050620398224        17.782794100389228        2.3300000000000001       0.84999999999999998       0.14999999999999999        1.7088249052342721E-022   3.1784047162014403E-023   4.4064921986969893E-008   8.6769862703946092     
     1000001   1000000000.0000000        262.49015573462339        3464.8242970394440        17.782794100389228        2.3300000000000001       0.84999999999999998       0.14999999999999999        2.0486732676177572E-022   3.2914218010083275E-023   4.5631746990968210E-008   8.4924068678352569     
     1000001   1000000000.0000000        265.83475698180985        3670.1280437238115        17.782794100389228        2.3300000000000001       0.84999999999999998       0.14999999999999999        2.4799122406638505E-022   3.4071714194523844E-023   4.7236436172087912E-008   8.3160540474335356     
     1000001   1000000000.0000000        269.37753831212478        3887.5968021920867        17.782794100389228        2.3300000000000001       0.84999999999999998       0.14999999999999999        3.0323904589440682E-022   3.5258160310739064E-023   4.8881239319519614E-008   8.1469758342074137     
     1000001   1000000000.0000000        273.13024263374933        4117.9513947092819        17.782794100389228        2.3300000000000001       0.84999999999999998       0.14999999999999999        3.7472447067201308E-022   3.6475097159775344E-023   5.0568289710413663E-008   7.9843145426103748     
     1000001   1000000000.0000000        277.10530866591904        4361.9553549448192        17.782794100389228        2.3300000000000001       0.84999999999999998       0.14999999999999999        4.6817884497013979E-022   3.7724170274956724E-023   5.2299865459511011E-008   7.8273000077006136     
     1000001   1000000000.0000000        281.31591216832055        4620.4174587823190        17.782794100389228        2.3300000000000001       0.84999999999999998       0.14999999999999999        5.9167814305448747E-022   3.9007168299041210E-023   5.4078442717834050E-008   7.6752430301156487     
     1000001   1000000000.0000000        285.77600961348412        4894.1944050893680        17.782794100389228        2.3300000000000001       0.84999999999999998       0.14999999999999999        7.5673712237213603E-022   4.0326060906802551E-023   5.5906748279931715E-008   7.5275290863565827     
     1000001   1000000000.0000000        290.50038444692700        5184.1936553327541        17.782794100389228        2.3300000000000001       0.84999999999999998       0.14999999999999999        9.7997494567938596E-022   4.1683157328963585E-023   5.7787979470582903E-008   7.3836123423309354     
     1000001   1000000000.0000000        294.85462603116417        5491.3764414516872        17.782794100389228        2.3300000000000001       0.84999999999999998       0.14999999999999999        1.2849945491233821E-021   4.3078358242799937E-023   5.9721995090223030E-008   7.2495980231492441     
     1000001   1000000000.0000000        299.12145805338099        5816.7609519584885        17.782794100389228        2.3300000000000001       0.84999999999999998       0.14999999999999999        1.7057058844056970E-021   4.4510457476579329E-023   6.1707120847262768E-008   7.1221784624652669     
     1000001   1000000000.0000000        303.64111576762031        6161.4257068278348        17.782794100389228        2.3300000000000001       0.84999999999999998       0.14999999999999999        2.2928779859292184E-021   4.5980920807294591E-023   6.3745388920210000E-008   6.9975769839465842     
     1000001   1000000000.0000000        308.42858003795448        6526.5131323604974        17.782794100389228        2.3300000000000001       0.84999999999999998       0.14999999999999999        3.1233311529080572E-021   4.7492340805463985E-023   6.5840399350525094E-008   6.8753996478237820     
     1000001   1000000000.0000000        313.49971940045890        6913.2333478713435        17.782794100389228        2.3300000000000001       0.84999999999999998       0.14999999999999999        4.3142144490673472E-021   4.9047225900276017E-023   6.7995649284926749E-008   6.7553006489253375     
     1000001   1000000000.0000000        318.87134266108524        7322.8681767525914        17.782794100389228        2.3300000000000001       0.84999999999999998       0.14999999999999999        6.0468653085247429E-021   5.0648202515905494E-023   7.0214830772810351E-008   6.6369785477758043     
     1000001   1000000000.0000000        324.56125461015222        7756.7753952073854        17.782794100389228        2.3300000000000001       0.84999999999999998       0.14999999999999999        8.6064011790571572E-021   5.2298069111702082E-023   7.2501944382903843E-008   6.5201733506179398     
     1000001   1000000000.0000000        330.58831503813275        8216.3932327369839        17.782794100389228        2.3300000000000001       0.84999999999999998       0.14999999999999999        1.2448426913212763E-020   5.3999951860612663E-023   7.4861581001964654E-008   6.4046638501485891     
     1000001   1000000000.0000000        336.16876316550179        8703.2451392981129        17.782794100389228        2.3300000000000001       0.84999999999999998       0.14999999999999999        1.8298664755930170E-020   5.5753663719067860E-023   7.7293884693966000E-008   6.2974487817825686     
     1000001   1000000000.0000000        341.52830316045413        9218.9448349326649        17.782794100389228        2.3300000000000001       0.84999999999999998       0.14999999999999999        2.7323528619770926E-020   5.7557256208710013E-023   7.9796443032402492E-008   6.1961142851283970     
     1000001   1000000000.0000000        347.20541586534370        9765.2016586063237        17.782794100389228        2.3300000000000001       0.84999999999999998       0.14999999999999999        4.1463123559405960E-020   5.9412529954582189E-023   8.2371811941989279E-008   6.0956806624877800     
     1000001   1000000000.0000000        353.21891864624990        10343.826233986212        17.782794100389228        2.3300000000000001       0.84999999999999998       0.14999999999999999        6.4008570436066665E-020   6.1322924136063308E-023   8.5025177268213395E-008   5.9959969087072409     
     1000001   1000000000.0000000        359.58874386828842        10956.736470936465        17.782794100389228        2.3300000000000001       0.84999999999999998       0.14999999999999999        1.0062340055085624E-019   6.3291259962262048E-023   8.7761549424034746E-008   5.8969464559756162     
     1000001   1000000000.0000000        366.33600496346077        11605.963922625277        17.782794100389228        2.3300000000000001       0.84999999999999998       0.14999999999999999        1.6124553791674681E-019   6.5319692299876776E-023   9.0586251015376333E-008   5.7984653828047508     
     1000001   1000000000.0000000        373.48306641326633        12293.660519314064        17.782794100389228        2.3300000000000001       0.84999999999999998       0.14999999999999999        2.6367033401215247E-019   6.7409009852395120E-023   9.3505233997173257E-008   5.7005735879191217     
     1000001   1000000000.0000000        380.43653085299195        13022.105701148388        17.782794100389228        2.3300000000000001       0.84999999999999998       0.14999999999999999        4.4013763424503342E-019   6.9553701852660777E-023   9.6521238655795391E-008   5.6080656398762772     
     1000001   1000000000.0000000        386.25748068766757        13793.713973593844        17.782794100389228        2.3300000000000001       0.84999999999999998       0.14999999999999999        7.4904635438148157E-019   7.1731747481951394E-023   9.9627717422353156E-008   5.5279739995892072     
     1000001   1000000000.0000000        392.42334348411782        14611.042910559312        17.782794100389228        2.3300000000000001       0.84999999999999998       0.14999999999999999        1.2990151493623886E-018   7.3900420258192141E-023   1.0282372569708926E-007   5.4502709171894539     
     1000001   1000000000.0000000        398.95455662018986        15476.801631735168        17.782794100389228        2.3300000000000001       0.84999999999999998       0.14999999999999999        2.2981913068239786E-018   7.5973605206703179E-023   1.0611661837714322E-007   5.3778591112435503     
     1000001   1000000000.0000000        405.87276846450101        16393.859782245421        17.782794100389228        2.3300000000000001       0.84999999999999998       0.14999999999999999        4.1501200434952183E-018   7.7784494588188631E-023   1.0951327143406604E-007   5.3171198069289645     
     1000001   1000000000.0000000        413.20091013215313        17365.257044377595        17.782794100389228        2.3300000000000001       0.84999999999999998       0.14999999999999999        7.6487214059557818E-018   7.9090205299058406E-023   1.1302157111538482E-007   5.2796380825922657     
     1000001   1000000000.0000000        420.96327149224055        18394.213212918123        17.782794100389228        2.3300000000000001       0.84999999999999998       0.14999999999999999        1.4373334811764412E-017   7.9694388019178910E-023   1.1665135657343872E-007   5.2780070203065730     
     1000001   1000000000.0000000        428.03001404765365        19484.138867488829        17.782794100389228        2.3300000000000001       0.84999999999999998       0.14999999999999999        2.7460626266860964E-017   7.9620153479463271E-023   1.2040619969971352E-007   5.3091385440478369     
     1000001   1000000000.0000000        434.80862373527054        20638.646677259141        17.782794100389228        2.3300000000000001       0.84999999999999998       0.14999999999999999        5.3158186096801533E-017   7.8861355876457695E-023   1.2428853301026242E-007   5.3708618878745567     
     1000001   1000000000.0000000        441.98889129840160        21861.563375504604        17.782794100389228        2.3300000000000001       0.84999999999999998       0.14999999999999999        1.0406023941895088E-016   7.7347177374839710E-023   1.2831063689673599E-007   5.4718355247835930     
     1000001   1000000000.0000000        449.59461646241795        23156.942443702636        17.782794100389228        2.3300000000000001       0.84999999999999998       0.14999999999999999        2.0560667698603366E-016   7.5218784500356061E-023   1.3249038846410348E-007   5.6086774197531177     
     1000001   1000000000.0000000        457.65100917507715        24529.077547208130        17.782794100389228        2.3300000000000001       0.84999999999999998       0.14999999999999999        4.0913582796390222E-016   7.2804820831190977E-023   1.3684780668303921E-007   5.7636958516769434     
     1000001   1000000000.0000000        466.18477316745197        25982.516767042762        17.782794100389228        2.3300000000000001       0.84999999999999998       0.14999999999999999        8.1833719660164512E-016   7.0353437309580872E-023   1.4140577045298835E-007   5.9256891247432568     
     1000001   1000000000.0000000        474.23624856402523        27522.077674971442        17.782794100389228        2.3300000000000001       0.84999999999999998       0.14999999999999999        1.6409609790248383E-015   6.7953097733068679E-023   1.4618222711252863E-007   6.1003321631407932     
     1000001   1000000000.0000000        482.10717018126041        29152.863301832149        17.782794100389228        2.3300000000000001       0.84999999999999998       0.14999999999999999        3.2941244789285987E-015   6.5622255314078970E-023   1.5119549981984172E-007   6.2863502603094101     
     1000001   1000000000.0000000        490.44447322489560        30880.279052050009        17.782794100389228        2.3300000000000001       0.84999999999999998       0.14999999999999999        6.6197256048381991E-015   6.3360888041182096E-023   1.5647392113210904E-007   6.4798309248553574     
     1000001   1000000000.0000000        499.27579253179800        32710.050620398204        17.782794100389228        2.3300000000000001       0.84999999999999998       0.14999999999999999        1.3300955928639468E-014   6.1162957827229142E-023   1.6205173078909531E-007   6.6817555458039832     
     1000001   1000000000.0000000        508.63040040586435        34648.242970394473        17.782794100389228        2.3300000000000001       0.84999999999999998       0.14999999999999999        2.6647197736899365E-014   5.9022056580866591E-023   1.6796687640904437E-007   6.8932863282706016     
     1000001   1000000000.0000000        518.53930364404198        36701.280437238122        17.782794100389228        2.3300000000000001       0.84999999999999998       0.14999999999999999        5.2998093284781814E-014   5.6931881653417399E-023   1.7426320693182381E-007   7.1158087381858826     
     1000001   1000000000.0000000        527.39041558743997        38875.968021920889        17.782794100389228        2.3300000000000001       0.84999999999999998       0.14999999999999999        1.0409792290512020E-013   5.4894154782306308E-023   1.8097590037136841E-007   7.3631509278217910     
     1000001   1000000000.0000000        535.57100464675796        41179.513947092892        17.782794100389228        2.3300000000000001       0.84999999999999998       0.14999999999999999        2.0263680437345324E-013   5.2919264506550739E-023   1.8814317076877711E-007   7.6329923839314988     
     1000001   1000000000.0000000        544.23632408198500        43619.553549448232        17.782794100389228        2.3300000000000001       0.84999999999999998       0.14999999999999999        3.9352118153685552E-013   5.1009748172873280E-023   1.9582435781532262E-007   7.9173316009454551     
     1000001   1000000000.0000000        553.41509597360039        46204.174587823225        17.782794100389228        2.3300000000000001       0.84999999999999998       0.14999999999999999        7.6259234823871844E-013   4.9160347920539517E-023   2.0409138288779972E-007   8.2180652805145460     
     1000001   1000000000.0000000        563.13774429234650        48941.944050893537        17.782794100389228        2.3300000000000001       0.84999999999999998       0.14999999999999999        1.4701011092861618E-012   4.7365351272188910E-023   2.1302636252192318E-007   8.5374546906370714     
     1000001   1000000000.0000000        572.84743552462464        51841.936553327454        17.782794100389228        2.3300000000000001       0.84999999999999998       0.14999999999999999        2.8069549776171141E-012   4.5621420583601176E-023   2.2271901512781939E-007   8.8831152286241313     
     1000001   1000000000.0000000        581.83034671209748        54913.764414516860        17.782794100389228        2.3300000000000001       0.84999999999999998       0.14999999999999999        5.3110232585579807E-012   4.3931415735387668E-023   2.3326359405387021E-007   9.2640097111128252     
     1000001   1000000000.0000000        591.34552885036453        58167.609519584992        17.782794100389228        2.3300000000000001       0.84999999999999998       0.14999999999999999        1.0047451272142307E-011   4.2297705128113610E-023   2.4478648594239040E-007   9.6715272248180071     
     1000001   1000000000.0000000        601.42452097606440        61614.257068278283        17.782794100389228        2.3300000000000001       0.84999999999999998       0.14999999999999999        1.9019496135219812E-011   4.0715392524269903E-023   2.5744201829515104E-007   10.109551786830496     
     1000001   1000000000.0000000        612.10073093124458        65265.131323604903        17.782794100389228        2.3300000000000001       0.84999999999999998       0.14999999999999999        3.5910384045071873E-011   3.9178944197733571E-023   2.7141179458551128E-007   10.582781780865062     
     1000001   1000000000.0000000        623.40954609704431        69132.333478713568        17.782794100389228        2.3300000000000001       0.84999999999999998       0.14999999999999999        6.7250469354095321E-011   3.7682199937021681E-023   2.8691490108778693E-007   11.097029149730217     
     1000001   1000000000.0000000        633.97366409378094        73228.681767525879        17.782794100389228        2.3300000000000001       0.84999999999999998       0.14999999999999999        1.2411288003234489E-010   3.6224320040140059E-023   3.0419052356233916E-007   11.673137419036012     
     1000001   1000000000.0000000        644.87242644104015        77567.753952073908        17.782794100389228        2.3300000000000001       0.84999999999999998       0.14999999999999999        2.2769688544231183E-010   3.4808200117907255E-023   3.2354276402381186E-007   12.306790244069312     
     1000001   1000000000.0000000        656.41698105719661        82163.932327369650        17.782794100389228        2.3300000000000001       0.84999999999999998       0.14999999999999999        4.1603991844343106E-010   3.3429779725388009E-023   3.4534729824938296E-007   13.004047441721871     
     1000001   1000000000.0000000        668.64559353987283        87032.451392980889        17.782794100389228        2.3300000000000001       0.84999999999999998       0.14999999999999999        7.5280097816628373E-010   3.2083236692162612E-023   3.7005639199961598E-007   13.776055873765349     
     1000001   1000000000.0000000        680.79993888257366        92189.448349326631        17.782794100389228        2.3300000000000001       0.84999999999999998       0.14999999999999999        1.3351144349925655E-009   3.0764187222654243E-023   3.9820494557561744E-007   14.645814779199528     
     1000001   1000000000.0000000        691.89266640181836        97652.016586063502        17.782794100389228        2.3300000000000001       0.84999999999999998       0.14999999999999999        2.3175049053584597E-009   2.9474852852352691E-023   4.3041205425799177E-007   15.641296730766362     
     1000001   1000000000.0000000        703.64267934895463        103438.26233986193        17.782794100389228        2.3300000000000001       0.84999999999999998       0.14999999999999999        4.0095389647270768E-009   2.8218170950487787E-023   4.6741564542981810E-007   16.756390579347805     
     1000001   1000000000.0000000        716.08892433409085        109567.36470936458        17.782794100389228        2.3300000000000001       0.84999999999999998       0.14999999999999999        6.9168831610589060E-009   2.6987359950749785E-023   5.1005354380984823E-007   18.010733609335787     
     1000001   1000000000.0000000        729.27265569906501        116059.63922625296        17.782794100389228        2.3300000000000001       0.84999999999999998       0.14999999999999999        1.1797933623627302E-008   2.5773862855597097E-023   5.5929629747407767E-007   19.427465988146313     
     1000001   1000000000.0000000        741.15639012705935        122936.60519314058        17.782794100389228        2.3300000000000001       0.84999999999999998       0.14999999999999999        1.9627141400725566E-008   2.4572772915988786E-023   6.1630780834420389E-007   21.071537884777285     
     1000001   1000000000.0000000        753.52066009186854        130221.05701148394        17.782794100389228        2.3300000000000001       0.84999999999999998       0.14999999999999999        3.2498922470228217E-008   2.3384968148074054E-023   6.8188353244985239E-007   22.934533576585064     
     1000001   1000000000.0000000        766.61755911119008        137937.13973593831        17.782794100389228        2.3300000000000001       0.84999999999999998       0.14999999999999999        5.3796500914708386E-008   2.2198901492013967E-023   7.5627175895831932E-007   25.028528233287570     
     1000001   1000000000.0000000        780.49049818567744        146110.42910559292        17.782794100389228        2.3300000000000001       0.84999999999999998       0.14999999999999999        8.8405167302389280E-008   2.0996623013884476E-023   8.3898101858426077E-007   27.362900434084882     
     1000001   1000000000.0000000        793.27943621460724        154768.01631735137        17.782794100389228        2.3300000000000001       0.84999999999999998       0.14999999999999999        1.4220915466175217E-007   1.9757712527906955E-023   9.2908341882408557E-007   30.017156086190930     
     1000001   1000000000.0000000        806.66713536409441        163938.59782245383        17.782794100389228        2.3300000000000001       0.84999999999999998       0.14999999999999999        2.2825153538008886E-007   1.8459716557895498E-023   1.0191173953876885E-006   32.869589869076329     
     1000001   1000000000.0000000        820.84810555974252        173652.57044377620        17.782794100389228        2.3300000000000001       0.84999999999999998       0.14999999999999999        3.6623518468598501E-007   1.7054191479070726E-023   1.0928578636039399E-006   35.716988223710146     
     1000001   1000000000.0000000        835.86935106610940        183942.13212918109        17.782794100389228        2.3300000000000001       0.84999999999999998       0.14999999999999999        5.8104649352524949E-007   1.5464975491889807E-023   1.1219402343620245E-006   38.159582326563054     
     1000001   1000000000.0000000        849.70035922379395        194841.38867488838        17.782794100389228        2.3300000000000001       0.84999999999999998       0.14999999999999999        8.9020077142331764E-007   1.3583964247929473E-023   1.0656148912755448E-006   39.694033562649537     
     1000001   1000000000.0000000        863.93192971732117        206386.46677259143        17.782794100389228        2.3300000000000001       0.84999999999999998       0.14999999999999999        1.3205997044743161E-006   1.1273828899856250E-023   8.7584093900642761E-007   38.990220526489487     
     1000001   1000000000.0000000        879.00677377771297        218615.63375504629        17.782794100389228        2.3300000000000001       0.84999999999999998       0.14999999999999999        1.8473688645333983E-006   8.3894305217560635E-024   5.2284373325988361E-007   33.021629257172243     
     1000001   1000000000.0000000        894.53949621095842        231569.42443702623        17.782794100389228        2.3300000000000001       0.84999999999999998       0.14999999999999999        2.3045224861233955E-006   4.8852532092929690E-024   1.5128358625677319E-007   18.409639938362311     
     1000001   1000000000.0000000        908.91805644598981        245290.77547208132        17.782794100389228        2.3300000000000001       0.84999999999999998       0.14999999999999999        2.4854525860274959E-006   7.6374793950306531E-025   1.6635571086915867E-008   12.419841540536389     
     1000001   1000000000.0000000        924.14859993763150        259825.16767042750        17.782794100389228        2.3300000000000001       0.84999999999999998       0.14999999999999999        2.5430948782672356E-006   6.3115024674158553E-026   9.5111092006280203E-010   3.6447265788311278     
     1000001   1000000000.0000000        940.28160986762873        275220.77674971428        17.782794100389228        2.3300000000000001       0.84999999999999998       0.14999999999999999        2.5849018447769261E-006   3.0290538200938959E-027   3.4423244525088179E-011   1.4758382656780743E-005
     1000001   1000000000.0000000        956.14025296175498        291528.63301832200        17.782794100389228        2.3300000000000001       0.84999999999999998       0.14999999999999999        2.6248772993382706E-006   9.6539624576865792E-029   8.7916711460023533E-013   1.4049774667546231E-005
     1000001   1000000000.0000000        971.76302563334661        308802.79052050057        17.782794100389228        2.3300000000000001       0.84999999999999998       0.14999999999999999        2.6638636441892673E-006   3.1657853541542497E-030   1.6888544817553261E-014   1.3371726976487560E-005
     1000001   1000000000.0000000        988.31150578332733        327100.50620398164        17.782794100389228        2.3300000000000001       0.84999999999999998       0.14999999999999999        2.7019172873775904E-006   1.0372267582443803E-030   2.5345423731797225E-016   1.2730722433684633E-005
     1000001   1000000000.0000000        1005.4280222280375        346482.42970394494        17.782794100389228        2.3300000000000001       0.84999999999999998       0.14999999999999999        2.7390930799692087E-006   1.0005012766374335E-030   3.0414163278745659E-018   1.2122172893993000E-005
     1000001   1000000000.0000000        1021.6497107783869        367012.80437238095        17.782794100389228        2.3300000000000001       0.84999999999999998       0.14999999999999999        2.7753760180489782E-006   1.0000054073546693E-030   2.9661406316009385E-020   1.1535989799061380E-005
     1000001   1000000000.0000000        1038.8325948040110        388759.68021920888        17.782794100389228        2.3300000000000001       0.84999999999999998       0.14999999999999999        2.8107690840087049E-006   1.0000000473763790E-030   2.3739578234044988E-022   1.0981852620807196E-005
     1000001   1000000000.0000000        1057.0336287174421        411795.13947092788        17.782794100389228        2.3300000000000001       0.84999999999999998       0.14999999999999999        2.8453397819149767E-006   1.0000000003391690E-030   1.5642853983045202E-024   1.0457944108707904E-005
     1000001   1000000000.0000000        1074.1975440043311        436195.53549448232        17.782794100389228        2.3300000000000001       0.84999999999999998       0.14999999999999999        2.8790860879322459E-006   1.0000000000019905E-030   8.4970019290731642E-027   9.9527516382049277E-006
     1000001   1000000000.0000000        1091.9787425112279        462041.74587823276        17.782794100389228        2.3300000000000001       0.84999999999999998       0.14999999999999999        2.9119966070917052E-006   1.0000000000000095E-030   3.8942375227304647E-029   9.4734358232966384E-006
     1000001   1000000000.0000000        1110.8135432677750        489419.44050893636        17.782794100389228        2.3300000000000001       0.84999999999999998       0.14999999999999999        2.9441239192693225E-006   1.0000000000000001E-030   1.1381529949013560E-030   9.0202908060725363E-006
     1000001   1000000000.0000000        1128.9680375980781        518419.36553327565        17.782794100389228        2.3300000000000001       0.84999999999999998       0.14999999999999999        2.9754794359013860E-006   1.0000000000000001E-030   1.0004051390829948E-030   8.5850043983816528E-006
     1000001   1000000000.0000000        1148.0762598030299        549137.64414516836        17.782794100389228        2.3300000000000001       0.84999999999999998       0.14999999999999999        3.0060726755519076E-006   1.0000000000000001E-030   1.0000009393117501E-030   8.1730673819227508E-006
     1000001   1000000000.0000000        1168.3167153551408        581676.09519584989        17.782794100389228        2.3300000000000001       0.84999999999999998       0.14999999999999999        3.0359601238654810E-006   1.0000000000000001E-030   1.0000000016733531E-030   7.7835966149947497E-006
     1000001   1000000000.0000000        1186.1715679184338        616142.57068278408        17.782794100389228        2.3300000000000001       0.84999999999999998       0.14999999999999999        3.0651098018937383E-006   1.0000000000000001E-030   1.0000000000022066E-030   7.4041380685737729E-006
     1000001   1000000000.0000000        1204.7770111225141        652651.31323604856        17.782794100389228        2.3300000000000001       0.84999999999999998       0.14999999999999999        3.0934868877192649E-006   1.0000000000000001E-030   1.0000000000000022E-030   7.0445827922820447E-006
     1000001   1000000000.0000000        1224.1635894686165        691323.33478713466        17.782794100389228        2.3300000000000001       0.84999999999999998       0.14999999999999999        3.1211340564808944E-006   1.0000000000000001E-030   1.0000000000000001E-030   6.7037835216631031E-006
     1000001   1000000000.0000000        1242.3557923282392        732286.81767525827        17.782794100389228        2.3300000000000001       0.84999999999999998       0.14999999999999999        3.1480477675873118E-006   1.0000000000000001E-030   1.0000000000000001E-030   6.3755888477047402E-006
     1000001   1000000000.0000000        1261.6259509764759        775677.53952074063        17.782794100389228        2.3300000000000001       0.84999999999999998       0.14999999999999999        3.1742333548276411E-006   1.0000000000000001E-030   1.0000000000000001E-030   6.0654009813152907E-006
     1000001   1000000000.0000000        1282.0388973412043        821639.32327369694        17.782794100389228        2.3300000000000001       0.84999999999999998       0.14999999999999999        3.1997437505266632E-006   1.0000000000000001E-030   1.0000000000000001E-030   5.7722025316512476E-006
     1000001   1000000000.0000000        1304.6474681458305        870324.51392981003        17.782794100389228        2.3300000000000001       0.84999999999999998       0.14999999999999999        3.2246487084886898E-006   1.0000000000000001E-030   1.0000000000000001E-030   5.4971074388130537E-006
     1000001   1000000000.0000000        1328.5956809915660        921894.48349326500        17.782794100389228        2.3300000000000001       0.84999999999999998       0.14999999999999999        3.2490144812274140E-006   1.0000000000000001E-030   1.0000000000000001E-030   5.2369761163835274E-006
     1000001   1000000000.0000000        1350.6477681833053        976520.16586063348        17.782794100389228        2.3300000000000001       0.84999999999999998       0.14999999999999999        3.2728276685304584E-006   1.0000000000000001E-030   1.0000000000000001E-030   4.9848412529161977E-006
     1000001   1000000000.0000000        1372.0078844318357        1034382.6233986198        17.782794100389228        2.3300000000000001       0.84999999999999998       0.14999999999999999        3.2960430769336949E-006   1.0000000000000001E-030   1.0000000000000001E-030   4.7430130728153100E-006
     1000001   1000000000.0000000        1394.5307917899142        1095673.6470936439        17.782794100389228        2.3300000000000001       0.84999999999999998       0.14999999999999999        3.3186721263374291E-006   1.0000000000000001E-030   1.0000000000000001E-030   4.5142498759077810E-006
     1000001   1000000000.0000000        1416.1632578913259        1160596.3922625296        17.782794100389228        2.3300000000000001       0.84999999999999998       0.14999999999999999        3.3407226051172164E-006   1.0000000000000001E-030   1.0000000000000001E-030   4.2946055923564241E-006
     1000001   1000000000.0000000        1439.0775281940175        1229366.0519314078        17.782794100389228        2.3300000000000001       0.84999999999999998       0.14999999999999999        3.3622048135713713E-006   1.0000000000000001E-030   1.0000000000000001E-030   4.0869898688546936E-006
     1000001   1000000000.0000000        1462.4961653623689        1302210.5701148405        17.782794100389228        2.3300000000000001       0.84999999999999998       0.14999999999999999        3.3831489125618808E-006   1.0000000000000001E-030   1.0000000000000001E-030   3.8895856038335630E-006
     1000001   1000000000.0000000        1486.2708850002102        1379371.3973593852        17.782794100389228        2.3300000000000001       0.84999999999999998       0.14999999999999999        3.4035698711160363E-006   1.0000000000000001E-030   1.0000000000000001E-030   3.7016816878176174E-006
     1000001   1000000000.0000000        1500.8872896207452        1461104.2910559282        17.782794100389228        2.3300000000000001       0.84999999999999998       0.14999999999999999        3.4233527992728608E-006   1.0000000000000001E-030   1.0000000000000001E-030   3.5116934922337700E-006
     1000001   1000000000.0000000        1500.8872896207452        1547680.1631735172        17.782794100389228        2.3300000000000001       0.84999999999999998       0.14999999999999999        3.4422101286189517E-006   1.0000000000000001E-030   1.0000000000000001E-030   3.3151742566241001E-006
     1000001   1000000000.0000000        1500.8872896207452        1639385.9782245392        17.782794100389228        2.3300000000000001       0.84999999999999998       0.14999999999999999        3.4600126195107516E-006   1.0000000000000001E-030   1.0000000000000001E-030   3.1296448800634824E-006
     1000001   1000000000.0000000        1500.8872896207452        1736525.7044377567        17.782794100389228        2.3300000000000001       0.84999999999999998       0.14999999999999999        3.4768192746685980E-006   1.0000000000000001E-030   1.0000000000000001E-030   2.9544904733562255E-006
     1000001   1000000000.0000000        1500.8872896207452        1839421.3212918125        17.782794100389228        2.3300000000000001       0.84999999999999998       0.14999999999999999        3.4926857967299253E-006   1.0000000000000001E-030   1.0000000000000001E-030   2.7891305399089841E-006
     1000001   1000000000.0000000        1500.8872896207452        1948413.8867488836        17.782794100389228        2.3300000000000001       0.84999999999999998       0.14999999999999999        3.5076647728817681E-006   1.0000000000000001E-030   1.0000000000000001E-030   2.6330170518744693E-006
     1000001   1000000000.0000000        1500.8872896207452        2063864.6677259144        17.782794100389228        2.3300000000000001       0.84999999999999998       0.14999999999999999        3.5218058491092035E-006   1.0000000000000001E-030   1.0000000000000001E-030   2.4856326339391758E-006
     1000001   1000000000.0000000        1500.8872896207452        2186156.3375504618        17.782794100389228        2.3300000000000001       0.84999999999999998       0.14999999999999999        3.5351558946720935E-006   1.0000000000000001E-030   1.0000000000000001E-030   2.3464888487376332E-006
     1000001   1000000000.0000000        1500.8872896207452        2315694.2443702682        17.782794100389228        2.3300000000000001       0.84999999999999998       0.14999999999999999        3.5477591573737657E-006   1.0000000000000001E-030   1.0000000000000001E-030   2.2151245782126847E-006
     1000001   1000000000.0000000        1500.8872896207452        2452907.7547208150        17.782794100389228        2.3300000000000001       0.84999999999999998       0.14999999999999999        3.5596574101452686E-006   1.0000000000000001E-030   1.0000000000000001E-030   2.0911044955597220E-006
     1000001   1000000000.0000000        1500.8872896207452        2598251.6767042740        17.782794100389228        2.3300000000000001       0.84999999999999998       0.14999999999999999        3.5708900894346811E-006   1.0000000000000001E-030   1.0000000000000001E-030   1.9740176226933505E-006
     1000001   1000000000.0000000        1500.8872896207452        2752207.7674971470        17.782794100389228        2.3300000000000001       0.84999999999999998       0.14999999999999999        3.5814944258612859E-006   1.0000000000000001E-030   1.0000000000000001E-030   1.8634759684588323E-006
     1000001   1000000000.0000000        1500.8872896207452        2915286.3301832201        17.782794100389228        2.3300000000000001       0.84999999999999998       0.14999999999999999        3.5915055675674420E-006   1.0000000000000001E-030   1.0000000000000001E-030   1.7591132430788201E-006
     1000001   1000000000.0000000        1500.8872896207452        3088027.9052050021        17.782794100389228        2.3300000000000001       0.84999999999999998       0.14999999999999999        3.6009566966763752E-006   1.0000000000000001E-030   1.0000000000000001E-030   1.6605836445787310E-006
     1000001   1000000000.0000000        1500.8872896207452        3271005.0620398247        17.782794100389228        2.3300000000000001       0.84999999999999998       0.14999999999999999        3.6098791392410175E-006   1.0000000000000001E-030   1.0000000000000001E-030   1.5675607131736391E-006
     1000001   1000000000.0000000        1500.8872896207452        3464824.2970394436        17.782794100389228        2.3300000000000001       0.84999999999999998       0.14999999999999999        3.6183024690474810E-006   1.0000000000000001E-030   1.0000000000000001E-030   1.4797362498250290E-006
     1000001   1000000000.0000000        1500.8872896207452        3670128.0437238198        17.782794100389228        2.3300000000000001       0.84999999999999998       0.14999999999999999        3.6262546056163049E-006   1.0000000000000001E-030   1.0000000000000001E-030   1.3968192953891690E-006
     1000001   1000000000.0000000        1500.8872896207452        3887596.8021920808        17.782794100389228        2.3300000000000001       0.84999999999999998       0.14999999999999999        3.6337619067255379E-006   1.0000000000000001E-030   1.0000000000000001E-030   1.3185351669804909E-006
     1000001   1000000000.0000000        1500.8872896207452        4117951.3947092807        17.782794100389228        2.3300000000000001       0.84999999999999998       0.14999999999999999        3.6408492557614813E-006   1.0000000000000001E-030   1.0000000000000001E-030   1.2446245483633797E-006
     1000001   1000000000.0000000        1500.8872896207452        4361955.3549448149        17.782794100389228        2.3300000000000001       0.84999999999999998       0.14999999999999999        3.6475401441858697E-006   1.0000000000000001E-030   1.0000000000000001E-030   1.1748426313660045E-006
     1000001   1000000000.0000000        1500.8872896207452        4620417.4587823180        17.782794100389228        2.3300000000000001       0.84999999999999998       0.14999999999999999        3.6538567493922474E-006   1.0000000000000001E-030   1.0000000000000001E-030   1.1089583054793251E-006
     1000001   1000000000.0000000        1500.8872896207452        4894194.4050893541        17.782794100389228        2.3300000000000001       0.84999999999999998       0.14999999999999999        3.6598200082089739E-006   1.0000000000000001E-030   1.0000000000000001E-030   1.0467533929652349E-006
     1000001   1000000000.0000000        1500.8872896207452        5184193.6553327413        17.782794100389228        2.3300000000000001       0.84999999999999998       0.14999999999999999        3.6654496862919423E-006   1.0000000000000001E-030   1.0000000000000001E-030   9.8802192694926244E-007
     1000001   1000000000.0000000        1500.8872896207452        5491376.4414516753        17.782794100389228        2.3300000000000001       0.84999999999999998       0.14999999999999999        3.6707644436366528E-006   1.0000000000000001E-030   1.0000000000000001E-030   9.3256947011664816E-007
     1000001   1000000000.0000000        1500.8872896207452        5816760.9519584905        17.782794100389228        2.3300000000000001       0.84999999999999998       0.14999999999999999        3.6757818964263566E-006   1.0000000000000001E-030   1.0000000000000001E-030   8.8021247176593535E-007
     1000001   1000000000.0000000        1500.8872896207452        6161425.7068278287        17.782794100389228        2.3300000000000001       0.84999999999999998       0.14999999999999999        3.6805186754210997E-006   1.0000000000000001E-030   1.0000000000000001E-030   8.3077766110205446E-007
     1000001   1000000000.0000000        1500.8872896207452        6526513.1323604891        17.782794100389228        2.3300000000000001       0.84999999999999998       0.14999999999999999        3.6849904810808624E-006   1.0000000000000001E-030   1.0000000000000001E-030   7.8410147477161979E-007
     1000001   1000000000.0000000        1500.8872896207452        6913233.3478713343        17.782794100389228        2.3300000000000001       0.84999999999999998       0.14999999999999999        3.6892121356054230E-006   1.0000000000000001E-030   1.0000000000000001E-030   7.4002951675702557E-007
     1000001   1000000000.0000000        1500.8872896207452        7322868.1767525990        17.782794100389228        2.3300000000000001       0.84999999999999998       0.14999999999999999        3.6931976320632716E-006   1.0000000000000001E-030   1.0000000000000001E-030   6.9841604885335736E-007
     1000001   1000000000.0000000        1500.8872896207452        7756775.3952074023        17.782794100389228        2.3300000000000001       0.84999999999999998       0.14999999999999999        3.6969601807723555E-006   1.0000000000000001E-030   1.0000000000000001E-030   6.5912351005331725E-007
     1000001   1000000000.0000000        1500.8872896207452        8216393.2327369750        17.782794100389228        2.3300000000000001       0.84999999999999998       0.14999999999999999        3.7005122530863710E-006   1.0000000000000001E-030   1.0000000000000001E-030   6.2202206326038759E-007
     1000001   1000000000.0000000        1500.8872896207452        8703245.1392981168        17.782794100389228        2.3300000000000001       0.84999999999999998       0.14999999999999999        3.7038656227315881E-006   1.0000000000000001E-030   1.0000000000000001E-030   5.8698916783986116E-007
     1000001   1000000000.0000000        1500.8872896207452        9218944.8349326625        17.782794100389228        2.3300000000000001       0.84999999999999998       0.14999999999999999        3.7070314048313339E-006   1.0000000000000001E-030   1.0000000000000001E-030   5.5390917660070437E-007
     1000001   1000000000.0000000        1500.8872896207452        9765201.6586063262        17.782794100389228        2.3300000000000001       0.84999999999999998       0.14999999999999999        3.7100200927474190E-006   1.0000000000000001E-030   1.0000000000000001E-030   5.2267295587908481E-007
     1000001   1000000000.0000000        1500.8872896207452        10343826.233986206        17.782794100389228        2.3300000000000001       0.84999999999999998       0.14999999999999999        3.7128415928606502E-006   1.0000000000000001E-030   1.0000000000000001E-030   4.9317752746641817E-007
     1000001   1000000000.0000000        1500.8872896207452        10956736.470936455        17.782794100389228        2.3300000000000001       0.84999999999999998       0.14999999999999999        3.7155052574056459E-006   1.0000000000000001E-030   1.0000000000000001E-030   4.6532573119109087E-007
     1000001   1000000000.0000000        1500.8872896207452        11605963.922625303        17.782794100389228        2.3300000000000001       0.84999999999999998       0.14999999999999999        3.7180199154689112E-006   1.0000000000000001E-030   1.0000000000000001E-030   4.3902590702329845E-007
     1000001   1000000000.0000000        1500.8872896207452        12293660.519314045        17.782794100389228        2.3300000000000001       0.84999999999999998       0.14999999999999999        3.7203939022528526E-006   1.0000000000000001E-030   1.0000000000000001E-030   4.1419159562674429E-007
     1000001   1000000000.0000000        1500.8872896207452        13022105.701148389        17.782794100389228        2.3300000000000001       0.84999999999999998       0.14999999999999999        3.7226350867027872E-006   1.0000000000000001E-030   1.0000000000000001E-030   3.9074125632871551E-007
     1000001   1000000000.0000000        1500.8872896207452        13793713.973593859        17.782794100389228        2.3300000000000001       0.84999999999999998       0.14999999999999999        3.7247508975884532E-006   1.0000000000000001E-030   1.0000000000000001E-030   3.6859800152126620E-007
     1000001   1000000000.0000000        1500.8872896207452        14611042.910559298        17.782794100389228        2.3300000000000001       0.84999999999999998       0.14999999999999999        3.7267483481265894E-006   1.0000000000000001E-030   1.0000000000000001E-030   3.4768934654031572E-007
     1000001   1000000000.0000000        1500.8872896207452        15476801.631735150        17.782794100389228        2.3300000000000001       0.84999999999999998       0.14999999999999999        3.7286340592261165E-006   1.0000000000000001E-030   1.0000000000000001E-030   3.2794697409630188E-007
     1000001   1000000000.0000000        1500.8872896207452        16393859.782245392        17.782794100389228        2.3300000000000001       0.84999999999999998       0.14999999999999999        3.7304142814330235E-006   1.0000000000000001E-030   1.0000000000000001E-030   3.0930651234912978E-007
     1000001   1000000000.0000000        1500.8872896207452        17365257.044377591        17.782794100389228        2.3300000000000001       0.84999999999999998       0.14999999999999999        3.7320949156476991E-006   1.0000000000000001E-030   1.0000000000000001E-030   2.9170732573145540E-007
     1000001   1000000000.0000000        1500.8872896207452        18394213.212918147        17.782794100389228        2.3300000000000001       0.84999999999999998       0.14999999999999999        3.7336815326833547E-006   1.0000000000000001E-030   1.0000000000000001E-030   2.7509231762780213E-007
     1000001   1000000000.0000000        1500.8872896207452        19484138.867488828        17.782794100389228        2.3300000000000001       0.84999999999999998       0.14999999999999999        3.7351793917304072E-006   1.0000000000000001E-030   1.0000000000000001E-030   2.5940774401288786E-007
     1000001   1000000000.0000000        1500.8872896207452        20638646.677259117        17.782794100389228        2.3300000000000001       0.84999999999999998       0.14999999999999999        3.7365934577879933E-006   1.0000000000000001E-030   1.0000000000000001E-030   2.4460303714154737E-007
     1000001   1000000000.0000000        1500.8872896207452        21861563.375504632        17.782794100389228        2.3300000000000001       0.84999999999999998       0.14999999999999999        3.7379284181204275E-006   1.0000000000000001E-030   1.0000000000000001E-030   2.3063063836600429E-007
     1000001   1000000000.0000000        1500.8872896207452        23156942.443702683        17.782794100389228        2.3300000000000001       0.84999999999999998       0.14999999999999999        3.7391886977931232E-006   1.0000000000000001E-030   1.0000000000000001E-030   2.1744583913590413E-007
     1000001   1000000000.0000000        1500.8872896207452        24529077.547208119        17.782794100389228        2.3300000000000001       0.84999999999999998       0.14999999999999999        3.7403784743395216E-006   1.0000000000000001E-030   1.0000000000000001E-030   2.0500662921532155E-007
     1000001   1000000000.0000000        1500.8872896207452        25982516.767042771        17.782794100389228        2.3300000000000001       0.84999999999999998       0.14999999999999999        3.7415016916075471E-006   1.0000000000000001E-030   1.0000000000000001E-030   1.9327355113273289E-007
     1000001   1000000000.0000000        1500.8872896207452        27522077.674971454        17.782794100389228        2.3300000000000001       0.84999999999999998       0.14999999999999999        3.7425620728320096E-006   1.0000000000000001E-030   1.0000000000000001E-030   1.8220955986964717E-007
     1000001   1000000000.0000000        1500.8872896207452        29152863.301832128        17.782794100389228        2.3300000000000001       0.84999999999999998       0.14999999999999999        3.7435631330472103E-006   1.0000000000000001E-030   1.0000000000000001E-030   1.7177988679733755E-007
