     2000001   2000000000.0000000        148.41980344179831        309.17697968322204        177.82794100389228        2.3300000000000001       0.84999999999999998       0.14999999999999999        5.0354475169612116E-029   3.0930376967562531E-015   3.7046477418596554E-006   3.8335182867699009        5.1111903672400159     
     2000001   2000000000.0000000        149.34642556737839        328.28332005193289        177.82794100389228        2.3300000000000001       0.84999999999999998       0.14999999999999999        5.0354475169612116E-029   3.0930376967562531E-015   3.7046477418596554E-006   3.6216866047388434        4.8287466585176455     
     2000001   2000000000.0000000        150.32212118795169        348.57038300438649        177.82794100389228        2.3300000000000001       0.84999999999999998       0.14999999999999999        5.0756514936363111E-029   3.0930999754314936E-015   3.7046992167610142E-006   3.4220477015412563        4.5625603874797305     
     2000001   2000000000.0000000        151.30371484568269        370.11113415266811        177.82794100389228        2.3300000000000001       0.84999999999999998       0.14999999999999999        5.1492784876767551E-029   3.0932129753904856E-015   3.7047924068443820E-006   3.2334048208960353        4.3110358807313238     
     2000001   2000000000.0000000        152.34596846117512        392.98304819560747        177.82794100389228        2.3300000000000001       0.84999999999999998       0.14999999999999999        5.2554504522668244E-029   3.0933731846755196E-015   3.7049240298064437E-006   3.0557020447994283        4.0740986807376922     
     2000001   2000000000.0000000        153.45263066345342        417.26838756871348        177.82794100389228        2.3300000000000001       0.84999999999999998       0.14999999999999999        5.3960902312279576E-029   3.0935799742927831E-015   3.7050930344268011E-006   2.8883013359450773        3.8508981191609779     
     2000001   2000000000.0000000        154.62768173715284        443.05449831395606        177.82794100389228        2.3300000000000001       0.84999999999999998       0.14999999999999999        5.5743416694794210E-029   3.0938323861003903E-015   3.7052979430989137E-006   2.7306016846013592        3.6406328988719645     
     2000001   2000000000.0000000        155.87534793823883        470.43412423354368        177.82794100389228        2.3300000000000001       0.84999999999999998       0.14999999999999999        5.7956515319272838E-029   3.0941296266919936E-015   3.7055372612724281E-006   2.5820369146166424        3.4425481682376113     
     2000001   2000000000.0000000        157.20011669440169        499.50574045759828        177.82794100389228        2.3300000000000001       0.84999999999999998       0.14999999999999999        6.0690235384262017E-029   3.0944711595068260E-015   3.7058095534618731E-006   2.4420736606761428        3.2559328236711500     
     2000001   2000000000.0000000        158.60675274479510        530.37390762543168        177.82794100389228        2.3300000000000001       0.84999999999999998       0.14999999999999999        6.4088619263244815E-029   3.0948566800453202E-015   3.7061134200195448E-006   2.3102094723464059        3.0801169811610727     
     2000001   2000000000.0000000        160.10031527717075        563.14964795434537        177.82794100389228        2.3300000000000001       0.84999999999999998       0.14999999999999999        6.8378651958806012E-029   3.0952861259203965E-015   3.7064475004102068E-006   2.1859710237153838        2.9144695885238430     
     2000001   2000000000.0000000        161.68617612404165        597.95084454847597        177.82794100389228        2.3300000000000001       0.84999999999999998       0.14999999999999999        7.3915257766465193E-029   3.0957596911234650E-015   3.7068104774324413E-006   2.0689124257781208        2.7583961745807555     
     2000001   2000000000.0000000        163.37003908332329        634.90266538392984        177.82794100389228        2.3300000000000001       0.84999999999999998       0.14999999999999999        8.1251455014247204E-029   3.0962778420509743E-015   3.7072010800463682E-006   1.9586136360529121        2.6113367279080268     
     2000001   2000000000.0000000        164.60550782589800        674.13801349508572        177.82794100389228        2.3300000000000001       0.84999999999999998       0.14999999999999999        9.1214238718812582E-029   3.0968394241964286E-015   3.7076166703641805E-006   1.8515758183393856        2.4686263607324235     
     2000001   2000000000.0000000        165.56472383343552        715.79800498125849        177.82794100389228        2.3300000000000001       0.84999999999999998       0.14999999999999999        1.0503585548748356E-028   3.0974418173200941E-015   3.7080534627339236E-006   1.7488793875240818        2.3317059150393495     
     2000001   2000000000.0000000        166.58321691763615        760.03247655294194        177.82794100389228        2.3300000000000001       0.84999999999999998       0.14999999999999999        1.2462177297490244E-028   3.0980840285368008E-015   3.7085088390947200E-006   1.6521443184488580        2.2027354247583264     
     2000001   2000000000.0000000        167.66465024903704        807.00052444309472        177.82794100389228        2.3300000000000001       0.84999999999999998       0.14999999999999999        1.5291028252473163E-028   3.0987664467996752E-015   3.7089811007279190E-006   1.5610230374497969        2.0812515778902267     
     2000001   2000000000.0000000        168.81291337267217        856.87107662177391        177.82794100389228        2.3300000000000001       0.84999999999999998       0.14999999999999999        1.9438854704386937E-028   3.0994897335294215E-015   3.7094686397104892E-006   1.4751776411694724        1.9667896379237579     
     2000001   2000000000.0000000        170.03213619743212        909.82350037212257        177.82794100389228        2.3300000000000001       0.84999999999999998       0.14999999999999999        2.5591596619576390E-028   3.1002548401411041E-015   3.7099699417281580E-006   1.3943072588754921        1.8589587807049173     
     2000001   2000000000.0000000        171.32670384993136        966.04824741303514        177.82794100389228        2.3300000000000001       0.84999999999999998       0.14999999999999999        3.4799247846090242E-028   3.1010630283874088E-015   3.7104835881571217E-006   1.3181229737608935        1.7573760144710147     
     2000001   2000000000.0000000        172.70127244630518        1025.7475388886849        177.82794100389228        2.3300000000000001       0.84999999999999998       0.14999999999999999        4.8671779278732210E-028   3.1019158938988642E-015   3.7110082574234969E-006   1.2463511013479323        1.6616764340426202     
     2000001   2000000000.0000000        174.16078583866400        1089.1360926886944        177.82794100389228        2.3300000000000001       0.84999999999999998       0.14999999999999999        6.9682703423779352E-028   3.1028153933785507E-015   3.7115427256584731E-006   1.1787338414836144        1.5715163140594204     
     2000001   2000000000.0000000        175.71049339643483        1156.4418957147786        177.82794100389228        2.3300000000000001       0.84999999999999998       0.14999999999999999        1.0164092465950629E-027   3.1037638759971757E-015   3.7120858666747530E-006   1.1150283539050072        1.4865718764076306     
     2000001   2000000000.0000000        177.35596888654339        1227.9070238714794        177.82794100389228        2.3300000000000001       0.84999999999999998       0.14999999999999999        1.5042667382944135E-027   3.1047641196364582E-015   3.7126366512963572E-006   1.0550058875447954        1.4065381292941463     
     2000001   2000000000.0000000        178.51157169894879        1303.7885127302470        177.82794100389228        2.3300000000000001       0.84999999999999998       0.14999999999999999        2.2489304131782627E-027   3.1058158352061850E-015   3.7131922771807299E-006  0.99680144185693831        1.3289277323641091     
     2000001   2000000000.0000000        179.46262940040725        1384.3592819982659        177.82794100389228        2.3300000000000001       0.84999999999999998       0.14999999999999999        3.3829684206005080E-027   3.1069169160934817E-015   3.7137491048698155E-006  0.94124877344029900        1.2548526582511250     
     2000001   2000000000.0000000        180.47246001624299        1469.9091171171153        177.82794100389228        2.3300000000000001       0.84999999999999998       0.14999999999999999        5.1098772118482555E-027   3.1080685163434139E-015   3.7143053124026536E-006  0.88892079299887428        1.1850770880929529     
     2000001   2000000000.0000000        181.54469556106361        1560.7457115216712        177.82794100389228        2.3300000000000001       0.84999999999999998       0.14999999999999999        7.7418805787278518E-027   3.1092736938980069E-015   3.7148599985100266E-006  0.83962944049836352        1.1193502826261470     
     2000001   2000000000.0000000        182.68319249861719        1657.1957733079410        177.82794100389228        2.3300000000000001       0.84999999999999998       0.14999999999999999        1.1756132910677139E-026   3.1105359216844273E-015   3.7154123751748574E-006  0.79319758078223523        1.0574360700458005     
     2000001   2000000000.0000000        183.89204561217042        1759.6062002900908        177.82794100389228        2.3300000000000001       0.84999999999999998       0.14999999999999999        1.7882753256594873E-026   3.1118591209329422E-015   3.7159617617796745E-006  0.74945836681058620       0.99911199702821563     
     2000001   2000000000.0000000        185.17560273204069        1868.3453276730004        177.82794100389228        2.3300000000000001       0.84999999999999998       0.14999999999999999        2.7240414151449580E-026   3.1132476992954177E-015   3.7165075789504198E-006  0.70825464000954974       0.94416852922853800     
     2000001   2000000000.0000000        186.53848037325125        1983.8042528277272        177.82794100389228        2.3300000000000001       0.84999999999999998       0.14999999999999999        4.1545629257356718E-026   3.1147065944949420E-015   3.7170493422013238E-006  0.66943836557085068       0.89240829837156244     
     2000001   2000000000.0000000        187.98558033955396        2106.3982419347353        177.82794100389228        2.3300000000000001       0.84999999999999998       0.14999999999999999        6.3436552796453519E-026   3.1162413243433314E-015   3.7175866554773884E-006  0.63287010066542626       0.84364539321961218     
     2000001   2000000000.0000000        189.52210735353685        2236.5682235539871        177.82794100389228        2.3300000000000001       0.84999999999999998       0.14999999999999999        9.6975209142572775E-026   3.1178580440875839E-015   3.7181192046817724E-006  0.59841849365198374       0.79770469185728266     
     2000001   2000000000.0000000        191.15358777622740        2374.7823744938387        177.82794100389228        2.3300000000000001       0.84999999999999998       0.14999999999999999        1.4842860020658279E-025   3.1195636121925828E-015   3.7186467512654103E-006  0.56595981247157623       0.75442123287979090     
     2000001   2000000000.0000000        192.42108822161393        2521.5378036825969        177.82794100389228        2.3300000000000001       0.84999999999999998       0.14999999999999999        2.2729375785885144E-025   3.1213612583885186E-015   3.7191678483251096E-006  0.53473239619168245       0.71277880302454444     
     2000001   2000000000.0000000        193.51590129768027        2677.3623400989068        177.82794100389228        2.3300000000000001       0.84999999999999998       0.14999999999999999        3.4788604570759213E-025   3.1232517625375148E-015   3.7196804685631232E-006  0.50498750159585593       0.67311266771329437     
     2000001   2000000000.0000000        194.67837099971163        2842.8164311916780        177.82794100389228        2.3300000000000001       0.84999999999999998       0.14999999999999999        5.3218056619941695E-025   3.1252400496851111E-015   3.7201838725927434E-006  0.47696811098876307       0.63574715706919949     
     2000001   2000000000.0000000        195.91267833279204        3018.4951586175225        177.82794100389228        2.3300000000000001       0.84999999999999998       0.14999999999999999        8.1394446380032706E-025   3.1273338964292388E-015   3.7206780181091757E-006  0.45057354087698021       0.60054804179667642     
     2000001   2000000000.0000000        197.22326267734198        3205.0303785454121        177.82794100389228        2.3300000000000001       0.84999999999999998       0.14999999999999999        1.2448993547663056E-024   3.1295418057781936E-015   3.7211629183086465E-006  0.42570895408660053       0.56738888914801255     
     2000001   2000000000.0000000        198.61483775604864        3403.0929942268631        177.82794100389228        2.3300000000000001       0.84999999999999998       0.14999999999999999        1.9043594336193957E-024   3.1318730807546101E-015   3.7216386355990430E-006  0.40228501884505113       0.53615060838043338     
     2000001   2000000000.0000000        200.09240858751019        3613.3953690048611        177.82794100389228        2.3300000000000001       0.84999999999999998       0.14999999999999999        2.9141039793642027E-024   3.1343379081381959E-015   3.7221052758176639E-006  0.38021758774272596       0.50672102270405350     
     2000001   2000000000.0000000        201.66128948757304        3836.6938884407782        177.82794100389228        2.3300000000000001       0.84999999999999998       0.14999999999999999        4.4613756528134176E-024   3.1369474538081525E-015   3.7225629829558131E-006  0.35942739540401619       0.47899446615793351     
     2000001   2000000000.0000000        203.32712318310371        4073.7916807738693        177.82794100389228        2.3300000000000001       0.84999999999999998       0.14999999999999999        6.8345254814525978E-024   3.1397139713793927E-015   3.7230119343815833E-006  0.33983977376641805       0.45287140394360659     
     2000001   2000000000.0000000        205.09590110694353        4325.5415054983232        177.82794100389228        2.3300000000000001       0.84999999999999998       0.14999999999999999        1.0478395805971191E-023   3.1426509261028001E-015   3.7234523365453722E-006  0.32138438393101665       0.42825807483169254     
     2000001   2000000000.0000000        206.97398494703941        4592.8488204469140        177.82794100389228        2.3300000000000001       0.84999999999999998       0.14999999999999999        1.6080601901802132E-023   3.1457731363270073E-015   3.7238844211474008E-006  0.30399496360844513       0.40506615433844850     
     2000001   2000000000.0000000        208.81618486064713        4876.6750384124298        177.82794100389228        2.3300000000000001       0.84999999999999998       0.14999999999999999        2.4699975011305869E-023   3.1490944822007930E-015   3.7243081288099057E-006  0.28750453828266465       0.38307277416141400     
     2000001   2000000000.0000000        210.67772116763993        5178.0409850199949        177.82794100389228        2.3300000000000001       0.84999999999999998       0.14999999999999999        3.7966464997102077E-023   3.1526284098257158E-015   3.7247232446273822E-006  0.27190512533509670       0.36226739706015426     
     2000001   2000000000.0000000        212.65429561986133        5498.0305702869700        177.82794100389228        2.3300000000000001       0.84999999999999998       0.14999999999999999        5.8407415652006276E-023   3.1563919215757742E-015   3.7251298768159778E-006  0.25720613581067475       0.34266275215074865     
     2000001   2000000000.0000000        214.75301727814875        5837.7946870757050        177.82794100389228        2.3300000000000001       0.84999999999999998       0.14999999999999999        8.9951897936918110E-023   3.1604052989875661E-015   3.7255283279045894E-006  0.24335480996912001       0.32418852302339823     
     2000001   2000000000.0000000        216.98143452497411        6198.5553504607979        177.82794100389228        2.3300000000000001       0.84999999999999998       0.14999999999999999        1.3871453866982948E-022   3.1646909303600562E-015   3.7259189131022353E-006  0.23030144186442247       0.30677846585581037     
     2000001   2000000000.0000000        219.34756221338870        6581.6100928984297        177.82794100389228        2.3300000000000001       0.84999999999999998       0.14999999999999999        2.1423652908312630E-022   3.1692735797474628E-015   3.7263019584611547E-006  0.21799920077818830       0.29037017109965757     
     2000001   2000000000.0000000        221.85991049370176        6988.3366310058418        177.82794100389228        2.3300000000000001       0.84999999999999998       0.14999999999999999        3.3144844364393360E-022   3.1741806960820005E-015   3.7266777993258420E-006  0.20640396298273592       0.27490483890802797     
     2000001   2000000000.0000000        224.52751542157498        7420.1978207358497        177.82794100389228        2.3300000000000001       0.84999999999999998       0.14999999999999999        5.1378659902815007E-022   3.1794427690730850E-015   3.7270467790381237E-006  0.19547415321867748       0.26032706748477380     
     2000001   2000000000.0000000        227.35997145761738        7878.7469187683137        177.82794100389228        2.3300000000000001       0.84999999999999998       0.14999999999999999        7.9816099287649719E-022   3.1850937397550764E-015   3.7274092478700395E-006  0.18517059530655164       0.24658465358411083     
     2000001   2000000000.0000000        230.36746597537180        8365.6331690420393        177.82794100389228        2.3300000000000001       0.84999999999999998       0.14999999999999999        1.2429090261056552E-021   3.1911714750318821E-015   3.7277655621579529E-006  0.17545637134457087       0.23362840443323649     
     2000001   2000000000.0000000        233.40891856722968        8882.6077345199137        177.82794100389228        2.3300000000000001       0.84999999999999998       0.14999999999999999        1.9401269144642674E-021   3.1977139957853301E-015   3.7281158522339520E-006  0.16624258854893462       0.22133957433275170     
     2000001   2000000000.0000000        236.62658870392713        9431.5299955219252        177.82794100389228        2.3300000000000001       0.84999999999999998       0.14999999999999999        3.0358562463441896E-021   3.2047630284960784E-015   3.7284602466200598E-006  0.15755072399683512       0.20974705424973983     
     2000001   2000000000.0000000        240.04310256077775        10014.374237278791        177.82794100389228        2.3300000000000001       0.84999999999999998       0.14999999999999999        4.7634596833721200E-021   3.2123695137972793E-015   3.7287990997907679E-006  0.14935387576263259       0.19881502275358057     
     2000001   2000000000.0000000        243.67074816712116        10633.236750759390        177.82794100389228        2.3300000000000001       0.84999999999999998       0.14999999999999999        7.4968401469306725E-021   3.2205910172098881E-015   3.7291327866958301E-006  0.14162270699441046       0.18850439138677297     
     2000001   2000000000.0000000        247.52257292083470        11290.343372310739        177.82794100389228        2.3300000000000001       0.84999999999999998       0.14999999999999999        1.1837721307563694E-020   3.2294923576228717E-015   3.7294616859146298E-006  0.13432956072896410       0.17877830925679908     
     2000001   2000000000.0000000        251.61243051535186        11988.057489228528        177.82794100389228        2.3300000000000001       0.84999999999999998       0.14999999999999999        1.8759108434634555E-020   3.2391467041183142E-015   3.7297861794432750E-006  0.12744836001636758       0.16960202947164418     
     2000001   2000000000.0000000        255.95503076664920        12728.888540051117        177.82794100389228        2.3300000000000001       0.84999999999999998       0.14999999999999999        2.9842355394111763E-020   3.2496368624621077E-015   3.7301066525405028E-006  0.12095451362244022       0.16094278303263201     
     2000001   2000000000.0000000        260.56599251941253        13515.501040149860        177.82794100389228        2.3300000000000001       0.84999999999999998       0.14999999999999999        4.7671262994829564E-020   3.2610567884288285E-015   3.7304234936147146E-006  0.11482482691651021       0.15276965967198419     
     2000001   2000000000.0000000        265.46189982266839        14350.724165077710        177.82794100389228        2.3300000000000001       0.84999999999999998       0.14999999999999999        7.6491324718681094E-020   3.2735133733958750E-015   3.7307370941353070E-006  0.10903724535367802       0.14505326674683480     
     2000001   2000000000.0000000        268.90723843665319        15237.561926143839        177.82794100389228        2.3300000000000001       0.84999999999999998       0.14999999999999999        1.2301185586152993E-019   3.2870390521279760E-015   3.7310458056611338E-006  0.10323549396014872       0.13731636045657847     
     2000001   2000000000.0000000        272.25585687279846        16179.203974812866        177.82794100389228        2.3300000000000001       0.84999999999999998       0.14999999999999999        1.9786225488829308E-019   3.3016429475926994E-015   3.7313477286402685E-006   9.7706619518278637E-002  0.12994357983101340     
     2000001   2000000000.0000000        275.81141129645317        17179.037074787851        177.82794100389228        2.3300000000000001       0.84999999999999998       0.14999999999999999        3.1851174622187369E-019   3.3174203731695916E-015   3.7316429401432552E-006   9.2494570629203812E-002  0.12299390730628337     
     2000001   2000000000.0000000        279.58668981821955        18240.657283038436        177.82794100389228        2.3300000000000001       0.84999999999999998       0.14999999999999999        5.1345195357675093E-019   3.3344946565336626E-015   3.7319318484573717E-006   8.7576448788262845E-002  0.11643687075180932     
     2000001   2000000000.0000000        283.59527082097122        19367.882883585517        177.82794100389228        2.3300000000000001       0.84999999999999998       0.14999999999999999        8.2917503741836216E-019   3.3530045984258042E-015   3.7322148583743754E-006   8.2938050073861069E-002  0.11025352420771282     
     2000001   2000000000.0000000        287.85157179664111        20564.768120559671        177.82794100389228        2.3300000000000001       0.84999999999999998       0.14999999999999999        1.3417995605349683E-018   3.3731069368330862E-015   3.7324923706445505E-006   7.8560433450708483E-002  0.10441864746124740     
     2000001   2000000000.0000000        292.37090120099987        21835.617779928270        177.82794100389228        2.3300000000000001       0.84999999999999998       0.14999999999999999        2.1763823841142079E-018   3.3949792581176544E-015   3.7327647815645268E-006   7.4428671030190796E-002   9.8912338691476295E-002
     2000001   2000000000.0000000        297.16951351292323        23185.002672334667        177.82794100389228        2.3300000000000001       0.84999999999999998       0.14999999999999999        3.5391382598923536E-018   3.4188234500673206E-015   3.7330324827027887E-006   7.0527938020939443E-002   9.3714833072161496E-002
     2000001   2000000000.0000000        302.26466769618219        24617.776072737815        177.82794100389228        2.3300000000000001       0.84999999999999998       0.14999999999999999        5.7714404120966302E-018   3.4448698149798516E-015   3.7332958607655472E-006   6.6844261590903870E-002   8.8807493949265029E-002
     2000001   2000000000.0000000        306.93882976910027        26139.091175978523        177.82794100389228        2.3300000000000001       0.84999999999999998       0.14999999999999999        9.4318542544237727E-018   3.4733127777091613E-015   3.7335546678242843E-006   6.3288624605174093E-002   8.4071126631364443E-002
     2000001   2000000000.0000000        311.88888303580580        27754.419631055378        177.82794100389228        2.3300000000000001       0.84999999999999998       0.14999999999999999        1.5439278005594256E-017   3.5043648226557507E-015   3.7338086733523803E-006   5.9929997483706816E-002   7.9598234889616842E-002
     2000001   2000000000.0000000        317.14483683447787        29469.571220770460        177.82794100389228        2.3300000000000001       0.84999999999999998       0.14999999999999999        2.5327507870683723E-017   3.5383374523064623E-015   3.7340582459798664E-006   5.6757681875050973E-002   7.5374542686109769E-002
     2000001   2000000000.0000000        322.72559502946200        31290.714757526985        177.82794100389228        2.3300000000000001       0.84999999999999998       0.14999999999999999        4.1652987941927960E-017   3.5755898746267152E-015   3.7343037584678128E-006   5.3754454678464389E-002   7.1377114200850147E-002
     2000001   2000000000.0000000        328.65122969519115        33224.400270433121        177.82794100389228        2.3300000000000001       0.84999999999999998       0.14999999999999999        6.8693346380751429E-017   3.6165365051946396E-015   3.7345455778483607E-006   5.0920310275759231E-002   6.7605793189946708E-002
     2000001   2000000000.0000000        334.94305330855877        35277.582563512013        177.82794100389228        2.3300000000000001       0.84999999999999998       0.14999999999999999        1.1363632006226849E-016   3.6616575086429400E-015   3.7347840659595366E-006   4.8241397703411092E-002   6.4042098701977607E-002
     2000001   2000000000.0000000        341.62369540259078        37457.646229747370        177.82794100389228        2.3300000000000001       0.84999999999999998       0.14999999999999999        1.8861323376320551E-016   3.7115117660924626E-015   3.7350195800546363E-006   4.5712864854445291E-002   6.0679456184137205E-002
     2000001   2000000000.0000000        347.40696711369520        39772.432210933803        177.82794100389228        2.3300000000000001       0.84999999999999998       0.14999999999999999        3.1371664499476360E-016   3.7665423018056958E-015   3.7352515853295442E-006   4.3232077552907332E-002   5.7380933615930198E-002
     2000001   2000000000.0000000        353.12472519874768        42230.265998857431        177.82794100389228        2.3300000000000001       0.84999999999999998       0.14999999999999999        5.2218020302414916E-016   3.8271654422607431E-015   3.7354793100099232E-006   4.0862243876061570E-002   5.4230979772591975E-002
     2000001   2000000000.0000000        359.19582599460244        44839.987579235392        177.82794100389228        2.3300000000000001       0.84999999999999998       0.14999999999999999        8.7009484742412866E-016   3.8940690544320454E-015   3.7357028464812964E-006   3.8621617560642509E-002   5.1253926514804128E-002
     2000001   2000000000.0000000        365.64210516996371        47610.983226115066        177.82794100389228        2.3300000000000001       0.84999999999999998       0.14999999999999999        1.4521662360337819E-015   3.9681346173729204E-015   3.7359225470773661E-006   3.6502286085998766E-002   4.8439132140090602E-002
     2000001   2000000000.0000000        372.48674778157584        50553.219261084996        177.82794100389228        2.3300000000000001       0.84999999999999998       0.14999999999999999        2.4284481969310974E-015   4.0504040653113324E-015   3.7361387581036615E-006   3.4494018975038079E-002   4.5772873130097348E-002
     2000001   2000000000.0000000        379.75437166292437        53677.277898717148        177.82794100389228        2.3300000000000001       0.84999999999999998       0.14999999999999999        4.0704059277318440E-015   4.1421186039542140E-015   3.7363518202613148E-006   3.2597030432751577E-002   4.3255270914504276E-002
     2000001   2000000000.0000000        387.47111596614548        56994.395307165534        177.82794100389228        2.3300000000000001       0.84999999999999998       0.14999999999999999        6.8402244176607558E-015   4.2447693412900935E-015   3.7365620690239735E-006   3.0788267177792841E-002   4.0855568463031663E-002
     2000001   2000000000.0000000        394.17271025712631        60516.502020813197        177.82794100389228        2.3300000000000001       0.84999999999999998       0.14999999999999999        1.1510073510193197E-014   4.3597221401885442E-015   3.7367690397543764E-006   2.9035886400481145E-002   3.8531617765155561E-002
     2000001   2000000000.0000000        400.76272627668908        64256.265850313495        177.82794100389228        2.3300000000000001       0.84999999999999998       0.14999999999999999        1.9366253532991772E-014   4.4884075141248964E-015   3.7369720334496106E-006   2.7335515991125121E-002   3.6277490963206434E-002
     2000001   2000000000.0000000        407.75998829895843        68227.137444363936        177.82794100389228        2.3300000000000001       0.84999999999999998       0.14999999999999999        3.2592566326670755E-014   4.6330037215627692E-015   3.7371711251969349E-006   2.5751880134854972E-002   3.4178992515709390E-002
     2000001   2000000000.0000000        415.18966307713140        72443.398667080226        177.82794100389228        2.3300000000000001       0.84999999999999998       0.14999999999999999        5.4898024333091248E-014   4.7963626356017747E-015   3.7373666411517951E-006   2.4242938763238037E-002   3.2180032814982461E-002
     2000001   2000000000.0000000        423.07847260487665        76920.213964964176        177.82794100389228        2.3300000000000001       0.84999999999999998       0.14999999999999999        9.2583328250861720E-014   4.9820065743038836E-015   3.7375588973637484E-006   2.2810003859555249E-002   3.0282171839446530E-002
     2000001   2000000000.0000000        431.45479022619213        81673.684908222946        177.82794100389228        2.3300000000000001       0.84999999999999998       0.14999999999999999        1.5638381548464876E-013   5.1943000867404078E-015   3.7377481983785775E-006   2.1448199015122418E-002   2.8478738825539078E-002
     2000001   2000000000.0000000        439.40987940771572        86720.908102596033        177.82794100389228        2.3300000000000001       0.84999999999999998       0.14999999999999999        2.6441520381194887E-013   5.4381205876999979E-015   3.7379344306537963E-006   2.0135495305942469E-002   2.6740846790230373E-002
     2000001   2000000000.0000000        446.67614884960523        92080.036679987403        177.82794100389228        2.3300000000000001       0.84999999999999998       0.14999999999999999        4.4687678822906573E-013   5.7185971344935126E-015   3.7381169936297402E-006   1.8853848403409635E-002   2.5044476467447323E-002
     2000001   2000000000.0000000        454.39145501250044        97770.345589058561        177.82794100389228        2.3300000000000001       0.84999999999999998       0.14999999999999999        7.5471737932956535E-013   6.0422557923898696E-015   3.7382956776419207E-006   1.7660629547959543E-002   2.3465482227164033E-002
     2000001   2000000000.0000000        462.58354720826372        103812.30092061353        177.82794100389228        2.3300000000000001       0.84999999999999998       0.14999999999999999        1.2746187260216575E-012   6.4174871158835075E-015   3.7384707011465001E-006   1.6513815606906412E-002   2.1947385083019726E-002
     2000001   2000000000.0000000        471.28188958469826        110227.63351711068        177.82794100389228        2.3300000000000001       0.84999999999999998       0.14999999999999999        2.1535771107674203E-012   6.8538708698729138E-015   3.7386422137396040E-006   1.5433361438324925E-002   2.0516874533099715E-002
     2000001   2000000000.0000000        480.51776709799179        117039.41713105644        177.82794100389228        2.3300000000000001       0.84999999999999998       0.14999999999999999        3.6413883721474410E-012   7.3619146331256772E-015   3.7388102542219254E-006   1.4412722797774136E-002   1.9165113728214198E-002
     2000001   2000000000.0000000        489.40692019378866        124272.15141338449        177.82794100389228        2.3300000000000001       0.84999999999999998       0.14999999999999999        6.1586682685385197E-012   7.9513709017203789E-015   3.7389743660766536E-006   1.3442023491533853E-002   1.7879623974025011E-002
     2000001   2000000000.0000000        497.75578558331352        131951.85003030242        177.82794100389228        2.3300000000000001       0.84999999999999998       0.14999999999999999        1.0406074260212270E-011   8.6293701150310409E-015   3.7391334607239584E-006   1.2503592978367938E-002   1.6636663164708590E-002
     2000001   2000000000.0000000        506.62058933276506        140106.13422553314        177.82794100389228        2.3300000000000001       0.84999999999999998       0.14999999999999999        1.7562005902722487E-011   9.4011812373411791E-015   3.7392862925817259E-006   1.1607098981455633E-002   1.5448227913317946E-002
     2000001   2000000000.0000000        516.03321510283524        148764.33216446143        177.82794100389228        2.3300000000000001       0.84999999999999998       0.14999999999999999        2.9619989646825671E-011   1.0269293588102899E-014   3.7394311426789348E-006   1.0758975368433217E-002   1.4323036032052034E-002
     2000001   2000000000.0000000        526.02751688225942        157957.58441749270        177.82794100389228        2.3300000000000001       0.84999999999999998       0.14999999999999999        4.9939313378519162E-011   1.1230216252326053E-014   3.7395649181863301E-006   9.9358020983376441E-003   1.3229363008855216E-002
     2000001   2000000000.0000000        536.63944074900962        167718.95596201083        177.82794100389228        2.3300000000000001       0.84999999999999998       0.14999999999999999        8.4182280737547242E-011   1.2272521434183318E-014   3.7396822159146223E-006   9.1299986682431260E-003   1.2156982783905590E-002
     2000001   2000000000.0000000        545.36252099467390        178083.55510577114        177.82794100389228        2.3300000000000001       0.84999999999999998       0.14999999999999999        1.4162172475924630E-010   1.3370058526964015E-014   3.7397733121715296E-006   8.2602397666499509E-003   1.0997363302622132E-002
     2000001   2000000000.0000000        554.60866568866516        189088.65975944613        177.82794100389228        2.3300000000000001       0.84999999999999998       0.14999999999999999        2.3744886735639619E-010   1.4486215836136411E-014   3.7398225989971867E-006   7.3959403652779712E-003   9.8432662459978417E-003
     2000001   2000000000.0000000        564.42619829065200        200773.85151249589        177.82794100389228        2.3300000000000001       0.84999999999999998       0.14999999999999999        3.9699811201104386E-010   1.5580825967076203E-014   3.7398049977014288E-006   6.6308598858915600E-003   8.8222065453299175E-003
     2000001   2000000000.0000000        574.85042910046423        213181.15799457996        177.82794100389228        2.3300000000000001       0.84999999999999998       0.14999999999999999        6.6199787434337827E-010   1.6608018034840753E-014   3.7396790328257670E-006   6.0030516216992309E-003   7.9856294654586900E-003
     2000001   2000000000.0000000        585.91885050343853        226355.20403453294        177.82794100389228        2.3300000000000001       0.84999999999999998       0.14999999999999999        1.1009632770905428E-009   1.7519965111354022E-014   3.7393764363576561E-006   5.5252175190781232E-003   7.3506203932565406E-003
     2000001   2000000000.0000000        595.66370866148350        240343.37216058112        177.82794100389228        2.3300000000000001       0.84999999999999998       0.14999999999999999        1.8235250647059196E-009   1.8268886393330168E-014   3.7387873631008351E-006   5.1221998494578556E-003   6.8164000575539254E-003
     2000001   2000000000.0000000        605.86885877469604        255195.97301905660        177.82794100389228        2.3300000000000001       0.84999999999999998       0.14999999999999999        3.0043129247615847E-009   1.8816187833683519E-014   3.7377369637308617E-006   4.8302136417456140E-003   6.4318299164438479E-003
     2000001   2000000000.0000000        616.70466085875285        270966.42632454663        177.82794100389228        2.3300000000000001       0.84999999999999998       0.14999999999999999        4.9243963217240407E-009   1.9137766163960586E-014   3.7359443870198238E-006   4.5929559940434649E-003   6.1212198351884182E-003
     2000001   2000000000.0000000        628.21008757979848        287711.45299229625        177.82794100389228        2.3300000000000001       0.84999999999999998       0.14999999999999999        8.0301671941863779E-009   1.9222039152665147E-014   3.7329634832837809E-006   4.4084599373507716E-003   5.8825447694246195E-003
     2000001   2000000000.0000000        639.70460524065322        305491.27914390498        177.82794100389228        2.3300000000000001       0.84999999999999998       0.14999999999999999        1.3019157714584633E-008   1.9068396260426259E-014   3.7280968166322206E-006   4.2369823934842801E-003   5.6622444124115913E-003
     2000001   2000000000.0000000        650.76159985261859        324369.85272003809        177.82794100389228        2.3300000000000001       0.84999999999999998       0.14999999999999999        2.0958001079757074E-008   1.8684778144925367E-014   3.7202776390372081E-006   4.0780705509149123E-003   5.4601222524990733E-003
     2000001   2000000000.0000000        662.50188822962321        344415.07347925392        177.82794100389228        2.3300000000000001       0.84999999999999998       0.14999999999999999        3.3470360277034027E-008   1.8082610555307023E-014   3.7078823157904893E-006   3.9257809479101976E-003   5.2675012180907156E-003
     2000001   2000000000.0000000        674.96769616499773        365699.03721016186        177.82794100389228        2.3300000000000001       0.84999999999999998       0.14999999999999999        5.3005814283737428E-008   1.7271111495345838E-014   3.6884614951932782E-006   3.7988941716970092E-003   5.1108450621150285E-003
     2000001   2000000000.0000000        688.20385889725321        388298.29503526288        177.82794100389228        2.3300000000000001       0.84999999999999998       0.14999999999999999        8.3164951523179480E-008   1.6256137349952799E-014   3.6584148072649646E-006   3.6725778357910646E-003   4.9553846109517928E-003
     2000001   2000000000.0000000        700.24180035100096        412294.12873910146        177.82794100389228        2.3300000000000001       0.84999999999999998       0.14999999999999999        1.2895858385492100E-007   1.5046283098212681E-014   3.6127313266762564E-006   3.5455216802246382E-003   4.8004167888304645E-003
     2000001   2000000000.0000000        712.65670959461465        437772.84311098437        177.82794100389228        2.3300000000000001       0.84999999999999998       0.14999999999999999        1.9707141457943435E-007   1.3658097579266027E-014   3.5447261887736200E-006   3.4238587015645370E-003   4.6535499555314186E-003
     2000001   2000000000.0000000        725.83882822716282        464826.07635372790        177.82794100389228        2.3300000000000001       0.84999999999999998       0.14999999999999999        2.9613427954641905E-007   1.2119103150191716E-014   3.4457686934617079E-006   3.3141152802337840E-003   4.5240165672022561E-003
     2000001   2000000000.0000000        739.83556781121831        493551.12967485707        177.82794100389228        2.3300000000000001       0.84999999999999998       0.14999999999999999        4.3634105103356051E-007   1.0475435015110320E-014   3.3056651334817987E-006   3.3320461521076103E-003   4.5853226723516407E-003
     2000001   2000000000.0000000        752.42519220176621        524051.31724571524        177.82794100389228        2.3300000000000001       0.84999999999999998       0.14999999999999999        6.2768462599485615E-007   8.7971734383150754E-015   3.1144224326795460E-006   3.9500071456895318E-003   5.5879931412313516E-003
     2000001   2000000000.0000000        764.87792557037062        556436.33778711280        177.82794100389228        2.3300000000000001       0.84999999999999998       0.14999999999999999        8.7739881002694283E-007   7.1663216705149469E-015   2.8648064605173735E-006   4.3394480552775821E-003   6.2771958945281453E-003
     2000001   2000000000.0000000        778.10020576133138        590822.66911802802        177.82794100389228        2.3300000000000001       0.84999999999999998       0.14999999999999999        1.1875332252349786E-006   5.6547366642150951E-015   2.5547675102053044E-006   4.3447124726691388E-003   6.3552365027516287E-003
     2000001   2000000000.0000000        792.13958878458641        627333.98708641471        177.82794100389228        2.3300000000000001       0.84999999999999998       0.14999999999999999        1.5515512858434740E-006   4.3142792473757648E-015   2.1908420980472808E-006   4.3256121187003806E-003   6.3915617967869364E-003
     2000001   2000000000.0000000        806.32624437912125        666101.61038881668        177.82794100389228        2.3300000000000001       0.84999999999999998       0.14999999999999999        1.9516364844759570E-006   3.1740543817081655E-015   1.7908464323186374E-006   4.1825814010469434E-003   6.2205410111449665E-003
     2000001   2000000000.0000000        820.60069085770829        707264.97287872469        177.82794100389228        2.3300000000000001       0.84999999999999998       0.14999999999999999        2.3595596366435540E-006   2.2420807777373755E-015   1.3830091157474975E-006   3.6280555012213238E-003   5.3642137960739668E-003
     2000001   2000000000.0000000        835.75726133295962        750972.12506234914        177.82794100389228        2.3300000000000001       0.84999999999999998       0.14999999999999999        2.7426238696655459E-006   1.5101307753955197E-015   1.0000262777057585E-006   4.5532382068641126E-005   6.0701465558147379E-005
     2000001   2000000000.0000000        851.85046879398953        797380.26658555330        177.82794100389228        2.3300000000000001       0.84999999999999998       0.14999999999999999        3.0717722404115852E-006   9.6067826264000741E-016   6.7095396063419567E-007   4.3292866044035285E-005   5.7715330533732036E-005
     2000001   2000000000.0000000        865.84328964005829        846656.31162709033        177.82794100389228        2.3300000000000001       0.84999999999999998       0.14999999999999999        3.3279441453363156E-006   5.7206096906769420E-016   4.1485148747498138E-007   4.1106266076598941E-005   5.4799714487913171E-005
     2000001   2000000000.0000000        880.61089466870555        898977.48923170695        177.82794100389228        2.3300000000000001       0.84999999999999998       0.14999999999999999        3.5076194269770407E-006   3.1636221287698773E-016   2.3523790933999034E-007   3.9042165207675580E-005   5.2047436678846605E-005
     2000001   2000000000.0000000        896.29109962117911        954531.98074225790        177.82794100389228        2.3300000000000001       0.84999999999999998       0.14999999999999999        3.6211751028528354E-006   1.6118260755603682E-016   1.2173575108708131E-007   3.7095366777389171E-005   4.9451570141194047E-005
     2000001   2000000000.0000000        912.48388350287655        1013519.5966235163        177.82794100389228        2.3300000000000001       0.84999999999999998       0.14999999999999999        3.6856747690071862E-006   7.5172410983726762E-017   5.7281514370649760E-008   3.5250126743040301E-005   4.6991116936848196E-005
     2000001   2000000000.0000000        928.29365348396914        1076152.4951119118        177.82794100389228        2.3300000000000001       0.84999999999999998       0.14999999999999999        3.7185271415612857E-006   3.1972351606247299E-017   2.4467134633149905E-008   3.3484454857742590E-005   4.4636743868753213E-005
     2000001   2000000000.0000000        945.08042649652612        1142655.9452759963        177.82794100389228        2.3300000000000001       0.84999999999999998       0.14999999999999999        3.7335455652703364E-006   1.2373543423900064E-017   9.4804289338472304E-009   3.1819043457380775E-005   4.2416060184191034E-005
     2000001   2000000000.0000000        962.90457880944018        1213269.1372320827        177.82794100389228        2.3300000000000001       0.84999999999999998       0.14999999999999999        3.7397247634187927E-006   4.3469900869657999E-018   3.3281006118600117E-009   3.0247974058947833E-005   4.0321175249105018E-005
     2000001   2000000000.0000000        979.12329398182567        1288246.0424290982        177.82794100389228        2.3300000000000001       0.84999999999999998       0.14999999999999999        3.7420164668264087E-006   1.3868845651383432E-018   1.0597320732412085E-009   2.8725952746979120E-005   3.8291659852197618E-005
     2000001   2000000000.0000000        996.18913266525726        1367856.3270968448        177.82794100389228        2.3300000000000001       0.84999999999999998       0.14999999999999999        3.7427903363380725E-006   4.0254388187811211E-019   3.0676754488843736E-010   2.7288355204816929E-005   3.6374716285198527E-005
     2000001   2000000000.0000000        1014.3095961881481        1452386.3221429936        177.82794100389228        2.3300000000000001       0.84999999999999998       0.14999999999999999        3.7430356851952044E-006   1.0629380449990638E-019   8.0756913013863194E-011   2.5932363198037633E-005   3.4566589690947061E-005
     2000001   2000000000.0000000        1031.1925338206531        1542140.0529872417        177.82794100389228        2.3300000000000001       0.84999999999999998       0.14999999999999999        3.7431153710062288E-006   2.5579783674485313E-020   1.9371902187994727E-011   2.4624994800111682E-005   3.2823272267287404E-005
     2000001   2000000000.0000000        1048.2830528457423        1637440.3330365019        177.82794100389228        2.3300000000000001       0.84999999999999998       0.14999999999999999        3.7431480502788155E-006   5.6269619575584385E-021   4.2475665350174810E-012   2.3382683304308623E-005   3.1166695327174533E-005
     2000001   2000000000.0000000        1066.4297218917870        1738629.9247341277        177.82794100389228        2.3300000000000001       0.84999999999999998       0.14999999999999999        3.7431684356344086E-006   1.1329966725104352E-021   8.5252830921644904E-013   2.2211072694725410E-005   2.9604395911099680E-005
     2000001   2000000000.0000000        1084.9145947506358        1846072.7723589146        177.82794100389228        2.3300000000000001       0.84999999999999998       0.14999999999999999        3.7431856517538637E-006   2.0907410137594356E-022   1.5683354203529960E-013   2.1098367983603109E-005   2.8120637443428379E-005
     2000001   2000000000.0000000        1104.2689225293366        1960155.3110079400        177.82794100389228        2.3300000000000001       0.84999999999999998       0.14999999999999999        3.7432018800289737E-006   3.5408984543167395E-023   2.6483005283740851E-014   2.0046364832664111E-005   2.6717821392303500E-005
     2000001   2000000000.0000000        1124.8192978744703        2081287.8564711413        177.82794100389228        2.3300000000000001       0.84999999999999998       0.14999999999999999        3.7432176174549811E-006   5.5066826377194591E-024   4.1069684375081896E-015   1.9054002925535056E-005   2.5394538278600950E-005
     2000001   2000000000.0000000        1144.1039584938576        2209906.0809966084        177.82794100389228        2.3300000000000001       0.84999999999999998       0.14999999999999999        3.7432329540226347E-006   7.8800425994166858E-025   5.8614073897221310E-016   1.8097680524779859E-005   2.4119286090897558E-005
     2000001   2000000000.0000000        1163.7079886864849        2346472.5802543098        177.82794100389228        2.3300000000000001       0.84999999999999998       0.14999999999999999        3.7432478942282812E-006   1.0406347074337374E-025   7.7210289945149181E-017   1.7189237806763736E-005   2.2907873272998716E-005
     2000001   2000000000.0000000        1184.5234974110597        2491478.5371341542        177.82794100389228        2.3300000000000001       0.84999999999999998       0.14999999999999999        3.7432624616857675E-006   1.2693525241174037E-026   9.3950462977259852E-018   1.6332410144513955E-005   2.1765292144947257E-005
     2000001   2000000000.0000000        1203.9242782210752        2645445.4883625261        177.82794100389228        2.3300000000000001       0.84999999999999998       0.14999999999999999        3.7432766550548788E-006   1.4338570826244203E-027   1.0582386219563667E-018   1.5506728905572714E-005   2.0664216822869867E-005
     2000001   2000000000.0000000        1224.4041828574022        2808927.2002911251        177.82794100389228        2.3300000000000001       0.84999999999999998       0.14999999999999999        3.7432904725298237E-006   1.5105068218238639E-028   1.1058730641288976E-019   1.4727342424496681E-005   1.9624877998782179E-005
     2000001   2000000000.0000000        1245.4747392004167        2982511.6606046911        177.82794100389228        2.3300000000000001       0.84999999999999998       0.14999999999999999        3.7433039349756378E-006   1.5585175201574009E-029   1.0727999182268530E-020   1.3988456085041020E-005   1.8639543177054813E-005
     2000001   2000000000.0000000        1265.9757977531829        3166823.1931112446        177.82794100389228        2.3300000000000001       0.84999999999999998       0.14999999999999999        3.7433170442322160E-006   2.3182792539933954E-030   9.6784101913950659E-022   1.3281702405118399E-005   1.7697041061352377E-005
     2000001   2000000000.0000000        1287.7437688782547        3362524.7032207800        177.82794100389228        2.3300000000000001       0.84999999999999998       0.14999999999999999        3.7433298096657516E-006   1.1109327210159054E-030   8.1300299289746914E-023   1.2615184524001349E-005   1.6808199466317048E-005
     2000001   2000000000.0000000        1308.9563618983204        3570320.0621888377        177.82794100389228        2.3300000000000001       0.84999999999999998       0.14999999999999999        3.7433422401759611E-006   1.0087008877311048E-030   6.3661243096581363E-024   1.1977811765623554E-005   1.5958207996045540E-005
     2000001   2000000000.0000000        1330.5844557068278        3790956.6387001630        177.82794100389228        2.3300000000000001       0.84999999999999998       0.14999999999999999        3.7433543366965643E-006   1.0006372056916830E-030   4.6549127419563970E-025   1.1372885896964506E-005   1.5151481563202109E-005
     2000001   2000000000.0000000        1353.1105060195921        4025227.9868976893        177.82794100389228        2.3300000000000001       0.84999999999999998       0.14999999999999999        3.7433661135513094E-006   1.0000435947308567E-030   3.1801034556120904E-026   1.0800636860391231E-005   1.4388332889190627E-005
     2000001   2000000000.0000000        1373.0192917794093        4273976.7005248405        177.82794100389228        2.3300000000000001       0.84999999999999998       0.14999999999999999        3.7433775583297573E-006   1.0000027931546371E-030   2.0360428386441652E-027   1.0245919918967615E-005   1.3648526658072034E-005
     2000001   2000000000.0000000        1394.1583891796481        4538097.4434463661        177.82794100389228        2.3300000000000001       0.84999999999999998       0.14999999999999999        3.7433886640978556E-006   1.0000001675087429E-030   1.2329581456861726E-028   9.7229309493851849E-006   1.2951038162223173E-005
     2000001   2000000000.0000000        1416.6038283082728        4818540.1674476871        177.82794100389228        2.3300000000000001       0.84999999999999998       0.14999999999999999        3.7433994556206289E-006   1.0000000089285996E-030   7.8995684102450856E-030   9.2298037012210933E-006   1.2293380043600374E-005
     2000001   2000000000.0000000        1440.4363377166967        5116313.5288858227        177.82794100389228        2.3300000000000001       0.84999999999999998       0.14999999999999999        3.7434099565318962E-006   9.9999999996959506E-031   1.3652868828663100E-030   8.7647803958562500E-006   1.1673209513799701E-005
     2000001   2000000000.0000000        1465.6816281512097        5432488.5164805958        177.82794100389228        2.3300000000000001       0.84999999999999998       0.14999999999999999        3.7434201889938525E-006   9.9999999951363549E-031   1.0181394820738734E-030   8.3260342231448508E-006   1.1088090985341360E-005
     2000001   2000000000.0000000        1490.7519450510431        5768202.3032940123        177.82794100389228        2.3300000000000001       0.84999999999999998       0.14999999999999999        3.7434301624543874E-006   9.9999999949645662E-031   1.0008448731098102E-030   7.9075666906152326E-006   1.0530008463589000E-005
     2000001   2000000000.0000000        1498.8442776414429        6124662.3367520031        177.82794100389228        2.3300000000000001       0.84999999999999998       0.14999999999999999        3.7434397662823865E-006   9.9999999949100311E-031   1.0000373431200052E-030   7.4666280334808184E-006   9.9417761738497817E-006
     2000001   2000000000.0000000        1498.8442776414429        6503150.6814188827        177.82794100389228        2.3300000000000001       0.84999999999999998       0.14999999999999999        3.7434488594832513E-006   9.9999999948904462E-031   1.0000015923534813E-030   7.0310363080612558E-006   9.3605868112259455E-006
     2000001   2000000000.0000000        1498.8442776414429        6905028.6301442608        177.82794100389228        2.3300000000000001       0.84999999999999998       0.14999999999999999        3.7434574234131569E-006   9.9999999949828198E-031   1.0000000653165576E-030   6.6207671928881138E-006   8.8131675299528841E-006
     2000001   2000000000.0000000        1498.8442776414429        7331741.6001668191        177.82794100389228        2.3300000000000001       0.84999999999999998       0.14999999999999999        3.7434654888754801E-006   9.9999999951757944E-031   1.0000000020141522E-030   6.2343475052623562E-006   8.2975570898320122E-006
     2000001   2000000000.0000000        1498.8442776414429        7784824.3317846479        177.82794100389228        2.3300000000000001       0.84999999999999998       0.14999999999999999        3.7434730848811963E-006   9.9999999954193944E-031   9.9999999949449603E-031   5.8703900425528930E-006   7.8119093014346180E-006
     2000001   2000000000.0000000        1498.8442776414429        8265906.4082901161        177.82794100389228        2.3300000000000001       0.84999999999999998       0.14999999999999999        3.7434802387528580E-006   9.9999999956750630E-031   9.9999999942857860E-031   5.5275886111308443E-006   7.3544864386248009E-006
     2000001   2000000000.0000000        1498.8442776414429        8776718.1170225106        177.82794100389228        2.3300000000000001       0.84999999999999998       0.14999999999999999        3.7434869762228252E-006   9.9999999959246220E-031   9.9999999945806262E-031   5.2047133481409743E-006   6.9236530435409596E-006
     2000001   2000000000.0000000        1498.8442776414429        9319096.6726183258        177.82794100389228        2.3300000000000001       0.84999999999999998       0.14999999999999999        3.7434933215258127E-006   9.9999999961620703E-031   9.9999999948960479E-031   4.9006063193298260E-006   6.5178701012434463E-006
     2000001   2000000000.0000000        1498.8442776414429        9894992.8248428442        177.82794100389228        2.3300000000000001       0.84999999999999998       0.14999999999999999        3.7434992974859878E-006   9.9999999963862518E-031   9.9999999951951393E-031   4.6141773771200570E-006   6.1356895623498191E-006
     2000001   2000000000.0000000        1498.8442776414429        10506477.874768315        177.82794100389228        2.3300000000000001       0.84999999999999998       0.14999999999999999        3.7435049255992091E-006   9.9999999965975676E-031   9.9999999954770420E-031   4.3444002640267861E-006   5.7757491929676345E-006
     2000001   2000000000.0000000        1498.8442776414429        11155751.124533957        177.82794100389228        2.3300000000000001       0.84999999999999998       0.14999999999999999        3.7435102261102416E-006   9.9999999967966010E-031   9.9999999957425531E-031   4.0903089473524529E-006   5.4367677320899630E-006
     2000001   2000000000.0000000        1498.8442776414429        11845147.787482003        177.82794100389228        2.3300000000000001       0.84999999999999998       0.14999999999999999        3.7435152180855357E-006   9.9999999969840562E-031   9.9999999959925850E-031   3.8509941718754291E-006   5.1175403373409433E-006
     2000001   2000000000.0000000        1498.8442776414429        12577147.387119714        177.82794100389228        2.3300000000000001       0.84999999999999998       0.14999999999999999        3.7435199194819158E-006   9.9999999971606058E-031   9.9999999962280224E-031   3.6256002179628892E-006   4.8169343005422407E-006
     2000001   2000000000.0000000        1498.8442776414429        13354382.675115502        177.82794100389228        2.3300000000000001       0.84999999999999998       0.14999999999999999        3.7435243472110477E-006   9.9999999973268821E-031   9.9999999964496991E-031   3.4133218531904147E-006   4.5338850150147293E-006
     2000001   2000000000.0000000        1498.8442776414429        14179649.100404337        177.82794100389228        2.3300000000000001       0.84999999999999998       0.14999999999999999        3.7435285172003485E-006   9.9999999974834737E-031   9.9999999966583980E-031   3.2134014661382189E-006   4.2673921768332132E-006
     2000001   2000000000.0000000        1498.8442776414429        15055914.863459503        177.82794100389228        2.3300000000000001       0.84999999999999998       0.14999999999999999        3.7435324444502550E-006   9.9999999976309411E-031   9.9999999968548530E-031   3.0251263715556876E-006   4.0165162024202119E-006
     2000001   2000000000.0000000        1498.8442776414429        15986331.591892287        177.82794100389228        2.3300000000000001       0.84999999999999998       0.14999999999999999        3.7435361430881246E-006   9.9999999977698081E-031   9.9999999970397386E-031   2.8478262765399095E-006   3.7803748449075789E-006
     2000001   2000000000.0000000        1498.8442776414429        16974245.675776266        177.82794100389228        2.3300000000000001       0.84999999999999998       0.14999999999999999        3.7435396264190871E-006   9.9999999979005685E-031   9.9999999972136817E-031   2.6808708977579351E-006   3.5581399916303630E-006
     2000001   2000000000.0000000        1498.8442776414429        18023210.303465553        177.82794100389228        2.3300000000000001       0.84999999999999998       0.14999999999999999        3.7435429069739060E-006   9.9999999980237601E-031   9.9999999973773569E-031   2.5236677200550130E-006   3.3490346249758720E-006
     2000001   2000000000.0000000        1498.8442776414429        19136998.241195228        177.82794100389228        2.3300000000000001       0.84999999999999998       0.14999999999999999        3.7435459965541080E-006   9.9999999981400802E-031   9.9999999975317923E-031   2.3756598870302406E-006   3.1523299286354890E-006
     2000001   2000000000.0000000        1498.8442776414429        20319615.402428668        177.82794100389228        2.3300000000000001       0.84999999999999998       0.14999999999999999        3.7435489062743095E-006   9.9999999982512399E-031   9.9999999976792369E-031   2.2363242143262462E-006   2.9673425211577128E-006
     2000001   2000000000.0000000        1498.8442776414429        21575315.255755011        177.82794100389228        2.3300000000000001       0.84999999999999998       0.14999999999999999        3.7435516466022343E-006   9.9999999983623751E-031   9.9999999978265133E-031   2.1051693164725676E-006   2.7934317986589321E-006
     2000001   2000000000.0000000        1498.8442776414429        22908614.123157904        177.82794100389228        2.3300000000000001       0.84999999999999998       0.14999999999999999        3.7435542273963023E-006   9.9999999984886444E-031   9.9999999979937601E-031   1.9817338381464348E-006   2.6299973687137815E-006
     2000001   2000000000.0000000        1498.8442776414429        24324307.423677817        177.82794100389228        2.3300000000000001       0.84999999999999998       0.14999999999999999        3.7435566579413304E-006   9.9999999986662905E-031   9.9999999982291905E-031   1.8655847806782689E-006   2.4764765579428141E-006
     2000001   2000000000.0000000        1498.8442776414429        25827486.920890488        177.82794100389228        2.3300000000000001       0.84999999999999998       0.14999999999999999        3.7435589469827344E-006   9.9999999989570809E-031   9.9999999986149749E-031   1.7563159145450582E-006   2.3323419767813022E-006
     2000001   2000000000.0000000        1498.8442776414429        27423559.036235455        177.82794100389228        2.3300000000000001       0.84999999999999998       0.14999999999999999        3.7435611027611796E-006   9.9999999994145366E-031   9.9999999992223520E-031   1.6535462684826813E-006   2.1970991265010154E-006
     2000001   2000000000.0000000        1498.8442776414429        29118264.294060908        177.82794100389228        2.3300000000000001       0.84999999999999998       0.14999999999999999        3.7435631330472103E-006   1.0000000000000001E-030   1.0000000000000001E-030   1.5569186857369640E-006   2.0702840359183977E-006
