     2000001   1000000000.0000000        148.40165596035294        308.80279052050048        177.82794100389228        2.3300000000000001       0.84999999999999998       0.14999999999999999        1.0068459186807013E-030   2.2001578156661369E-015   3.6734009704835556E-006   4.2870660186715623        5.7158740860741784     
     2000001   1000000000.0000000        149.28906128616057        327.10050620398187        177.82794100389228        2.3300000000000001       0.84999999999999998       0.14999999999999999        1.0068459186807013E-030   2.2001578156661369E-015   3.6734009704835556E-006   4.0593547733224504        5.4122582709238323     
     2000001   1000000000.0000000        150.22697493686488        346.48242970394421        177.82794100389228        2.3300000000000001       0.84999999999999998       0.14999999999999999        1.0081966763258130E-030   2.2002206415665898E-015   3.6735065768205020E-006   3.8443188002794093        5.1255434048324666     
     2000001   1000000000.0000000        151.16252660015900        367.01280437238137        177.82794100389228        2.3300000000000001       0.84999999999999998       0.14999999999999999        1.0108714899239399E-030   2.2003349994526065E-015   3.6736986111380950E-006   3.6405762973711298        4.8538870873436686     
     2000001   1000000000.0000000        152.15351318459915        388.75968021920926        177.82794100389228        2.3300000000000001       0.84999999999999998       0.14999999999999999        1.0152167166579357E-030   2.2004971063365476E-015   3.6739703597374591E-006   3.4481953599531314        4.5973802367951757     
     2000001   1000000000.0000000        153.20321941576799        411.79513947092835        177.82794100389228        2.3300000000000001       0.84999999999999998       0.14999999999999999        1.0218950875020603E-030   2.2007058871725657E-015   3.6743195180631548E-006   3.2665391633536793        4.3551738160242213     
     2000001   1000000000.0000000        154.31512465147549        436.19553549448273        177.82794100389228        2.3300000000000001       0.84999999999999998       0.14999999999999999        1.0319308217266043E-030   2.2009600067525482E-015   3.6747431999358404E-006   3.0950055212116823        4.1264649737074119     
     2000001   1000000000.0000000        155.49291441444271        462.04174587823252        177.82794100389228        2.3300000000000001       0.84999999999999998       0.14999999999999999        1.0468814979593207E-030   2.2012581757057620E-015   3.6752384531544285E-006   2.9330262136166043        3.9104961479141753     
     2000001   1000000000.0000000        156.74049260834150        489.41944050893699        177.82794100389228        2.3300000000000001       0.84999999999999998       0.14999999999999999        1.0690947731632464E-030   2.2015992531574361E-015   3.6758024323159534E-006   2.7800647349766554        3.7065520627556161     
     2000001   1000000000.0000000        158.06199445767865        518.41936553327446        177.82794100389228        2.3300000000000001       0.84999999999999998       0.14999999999999999        1.1020975663468045E-030   2.2019822261877105E-015   3.6764323623404784E-006   2.6356145232678605        3.5139573667485915     
     2000001   1000000000.0000000        159.46180021441779        549.13764414516834        177.82794100389228        2.3300000000000001       0.84999999999999998       0.14999999999999999        1.1511900617223564E-030   2.2024062142543704E-015   3.6771255420203170E-006   2.4991972879866773        3.3320744027022973     
     2000001   1000000000.0000000        160.94454967676830        581.67609519585039        177.82794100389228        2.3300000000000001       0.84999999999999998       0.14999999999999999        1.2243520713116836E-030   2.2028704772822280E-015   3.6778793516209350E-006   2.3703614304623217        3.1603011006695212     
     2000001   1000000000.0000000        162.51515756826765        616.14257068278266        177.82794100389228        2.3300000000000001       0.84999999999999998       0.14999999999999999        1.3336295656171631E-030   2.2033744236938299E-015   3.6786912580292407E-006   2.2486805520093043        2.9980689879389493     
     2000001   1000000000.0000000        164.11077928413940        652.65131323604942        177.82794100389228        2.3300000000000001       0.84999999999999998       0.14999999999999999        1.4971944465743466E-030   2.2039173914788458E-015   3.6795584549187285E-006   2.1333099558629436        2.8442519176955101     
     2000001   1000000000.0000000        165.00119766379629        691.32333478713360        177.82794100389228        2.3300000000000001       0.84999999999999998       0.14999999999999999        1.7413773250566353E-030   2.2044959917716788E-015   3.6804736630355428E-006   2.0194548132581360        2.6924577670309260     
     2000001   1000000000.0000000        165.94437664941421        732.28681767525836        177.82794100389228        2.3300000000000001       0.84999999999999998       0.14999999999999999        2.1049307530748190E-030   2.2051066553646638E-015   3.6814293086526173E-006   1.9119484536431248        2.5491235233851959     
     2000001   1000000000.0000000        166.94344250343889        775.67753952073815        177.82794100389228        2.3300000000000001       0.84999999999999998       0.14999999999999999        2.6468729622784907E-030   2.2057484623359002E-015   3.6824219492802790E-006   1.8104295083211146        2.4137603457105259     
     2000001   1000000000.0000000        168.00170673101204        821.63932327369855        177.82794100389228        2.3300000000000001       0.84999999999999998       0.14999999999999999        3.4555582562713687E-030   2.2064206639768813E-015   3.6834483099526910E-006   1.7145703673605146        2.2859435072396903     
     2000001   1000000000.0000000        169.12267705629066        870.32451392981056        177.82794100389228        2.3300000000000001       0.84999999999999998       0.14999999999999999        4.6634915065053131E-030   2.2071226914786253E-015   3.6845052889981061E-006   1.6240539853366232        2.1652502874735515     
     2000001   1000000000.0000000        170.31006904915532        921.89448349326608        177.82794100389228        2.3300000000000001       0.84999999999999998       0.14999999999999999        6.4697362531981462E-030   2.2078541653428829E-015   3.6855899625615766E-006   1.5385801436734339        2.0512804026994882     
     2000001   1000000000.0000000        171.56781844084281        976.52016586063280        177.82794100389228        2.3300000000000001       0.84999999999999998       0.14999999999999999        9.1738952688420014E-030   2.2086149056540553E-015   3.6866995878848827E-006   1.4578660249233244        1.9436567713437698     
     2000001   1000000000.0000000        172.90009416932730        1034.3826233986197        177.82794100389228        2.3300000000000001       0.84999999999999998       0.14999999999999999        1.3227776779277914E-029   2.2094049433788580E-015   3.6878316053631318E-006   1.3816441859495099        1.8420228118476261     
     2000001   1000000000.0000000        174.31131219768781        1095.6736470936448        177.82794100389228        2.3300000000000001       0.84999999999999998       0.14999999999999999        1.9314171497638694E-029   2.2102245328954010E-015   3.6889836394106071E-006   1.3096626654986163        1.7460425858077964     
     2000001   1000000000.0000000        175.80615015126600        1160.5963922625303        177.82794100389228        2.3300000000000001       0.84999999999999998       0.14999999999999999        2.8467324881908497E-029   2.2110741659917471E-015   3.6901534981798771E-006   1.2416829598417543        1.6553980992178026     
     2000001   1000000000.0000000        177.38956282213016        1229.3660519314089        177.82794100389228        2.3300000000000001       0.84999999999999998       0.14999999999999999        4.2257758877718460E-029   2.2119545876171138E-015   3.6913391721877503E-006   1.1774801996019075        1.5697895379204214     
     2000001   1000000000.0000000        178.49294565763782        1302.2105701148403        177.82794100389228        2.3300000000000001       0.84999999999999998       0.14999999999999999        6.3009097476565429E-029   2.2128638483238784E-015   3.6925349321487406E-006   1.1150512461310378        1.4865451731333563     
     2000001   1000000000.0000000        179.40375238901848        1379.3713973593844        177.82794100389228        2.3300000000000001       0.84999999999999998       0.14999999999999999        9.4143173936294315E-029   2.2137985892854692E-015   3.6937333512409566E-006   1.0553428433942467        1.4069277365417601     
     2000001   1000000000.0000000        180.36852781215001        1461.1042910559304        177.82794100389228        2.3300000000000001       0.84999999999999998       0.14999999999999999        1.4083241744788035E-028   2.2147582394447181E-015   3.6949307855012937E-006  0.99896496319923056        1.3317509020695275     
     2000001   1000000000.0000000        181.39046977306157        1547.6801631735148        177.82794100389228        2.3300000000000001       0.84999999999999998       0.14999999999999999        2.1088645339418701E-028   2.2157437008667729E-015   3.6961254330917950E-006  0.94573108764567393        1.2607659883512352     
     2000001   1000000000.0000000        182.47296560207215        1639.3859782245424        177.82794100389228        2.3300000000000001       0.84999999999999998       0.14999999999999999        3.1604750894964962E-028   2.2167561281208939E-015   3.6973157067028770E-006  0.89546499805386093        1.1937380474733539     
     2000001   1000000000.0000000        183.61960334144041        1736.5257044377579        177.82794100389228        2.3300000000000001       0.84999999999999998       0.14999999999999999        4.7399103861344138E-028   2.2177969394391712E-015   3.6985002231610353E-006  0.84800033353750004        1.1304452763734554     
     2000001   1000000000.0000000        184.83418363829520        1839.4213212918128        177.82794100389228        2.3300000000000001       0.84999999999999998       0.14999999999999999        7.1135575788787514E-028   2.2188678296682178E-015   3.6996777924837039E-006  0.80317985724211738        1.0706780386566739     
     2000001   1000000000.0000000        186.12073234226554        1948.4138867488846        177.82794100389228        2.3300000000000001       0.84999999999999998       0.14999999999999999        1.0683418647021799E-027   2.2199707853492054E-015   3.7008474065545211E-006  0.76085543950085721        1.0142388417972894     
     2000001   1000000000.0000000        187.48351384956811        2063.8646677259139        177.82794100389228        2.3300000000000001       0.84999999999999998       0.14999999999999999        1.6057038024103204E-027   2.2211081022968737E-015   3.7020082275799442E-006  0.72088691272006511       0.96094081080841753     
     2000001   1000000000.0000000        188.92704523778113        2186.1563375504652        177.82794100389228        2.3300000000000001       0.84999999999999998       0.14999999999999999        2.4154087092428840E-027   2.2222824060891123E-015   3.7031595764741761E-006  0.68314200350980825       0.91060759747712661     
     2000001   1000000000.0000000        190.45611123815601        2315.6942443702628        177.82794100389228        2.3300000000000001       0.84999999999999998       0.14999999999999999        3.6369219776546865E-027   2.2234966759267942E-015   3.7043009213041480E-006  0.64749600548546937       0.86307294394953116     
     2000001   1000000000.0000000        191.93889795336440        2452.9077547208094        177.82794100389228        2.3300000000000001       0.84999999999999998       0.14999999999999999        5.4808225217699047E-027   2.2247533632677927E-015   3.7054310483540463E-006  0.61361214314512003       0.81788756981072930     
     2000001   1000000000.0000000        192.96007491287185        2598.2516767042748        177.82794100389228        2.3300000000000001       0.84999999999999998       0.14999999999999999        8.2581277862744238E-027   2.2260514686081966E-015   3.7065456645331010E-006  0.58078551073080720       0.77411077890858770     
     2000001   1000000000.0000000        194.04176041129537        2752.2077674971461        177.82794100389228        2.3300000000000001       0.84999999999999998       0.14999999999999999        1.2433549030046364E-026   2.2273907661382347E-015   3.7076414542245303E-006  0.54978914910169263       0.73277429592514309     
     2000001   1000000000.0000000        195.18753980497075        2915.2863301832235        177.82794100389228        2.3300000000000001       0.84999999999999998       0.14999999999999999        1.8713635335627653E-026   2.2287747271484474E-015   3.7087182609220334E-006  0.52052034879105780       0.69374119354078889     
     2000001   1000000000.0000000        196.40121089595266        3088.0279052049968        177.82794100389228        2.3300000000000001       0.84999999999999998       0.14999999999999999        2.8162518442703533E-026   2.2302071687632252E-015   3.7097760408096639E-006  0.49288215148247361       0.65688221432290872     
     2000001   1000000000.0000000        197.68679652021538        3271.0050620398224        177.82794100389228        2.3300000000000001       0.84999999999999998       0.14999999999999999        4.2384544333923086E-026   2.2316922797465735E-015   3.7108148508814835E-006  0.46678354695865648       0.62207603245268939     
     2000001   1000000000.0000000        199.04855788174990        3464.8242970394440        177.82794100389228        2.3300000000000001       0.84999999999999998       0.14999999999999999        6.3801128227395493E-026   2.2332346503926328E-015   3.7118348379203189E-006  0.44213776356253398       0.58920697655916765     
     2000001   1000000000.0000000        200.49100867675793        3670.1280437238115        177.82794100389228        2.3300000000000001       0.84999999999999998       0.14999999999999999        9.6071229041060557E-026   2.2348393070204349E-015   3.7128362283468015E-006  0.41886342917027208       0.55816657538459868     
     2000001   1000000000.0000000        202.01893005475509        3887.5968021920867        177.82794100389228        2.3300000000000001       0.84999999999999998       0.14999999999999999        1.4473121917480040E-025   2.2365117516638337E-015   3.7138193189348727E-006  0.39688355433192685       0.52885220311229553     
     2000001   1000000000.0000000        203.63738646617659        4117.9513947092819        177.82794100389228        2.3300000000000001       0.84999999999999998       0.14999999999999999        2.1817072105288418E-025   2.2382580076327315E-015   3.7147844683773870E-006  0.37612544263544995       0.50116695952530987     
     2000001   1000000000.0000000        205.35174244901191        4361.9553549448192        177.82794100389228        2.3300000000000001       0.84999999999999998       0.14999999999999999        3.2912427587447832E-025   2.2400846717228606E-015   3.7157320896752958E-006  0.35652043918420079       0.47501933457713508     
     2000001   1000000000.0000000        207.16768041011017        4620.4174587823190        177.82794100389228        2.3300000000000001       0.84999999999999998       0.14999999999999999        4.9695724871581214E-025   2.2419989739710413E-015   3.7166626433158955E-006  0.33800379109364542       0.45032302204261393     
     2000001   1000000000.0000000        208.92440192203631        4894.1944050893680        177.82794100389228        2.3300000000000001       0.84999999999999998       0.14999999999999999        7.5097260199531241E-025   2.2440072194111726E-015   3.7175758915122064E-006  0.32038621597765027       0.42682530098498694     
     2000001   1000000000.0000000        210.71572618878145        5184.1936553327541        177.82794100389228        2.3300000000000001       0.84999999999999998       0.14999999999999999        1.1355414208247779E-024   2.2461155122246823E-015   3.7184713660595546E-006  0.30369624833701053       0.40456444541759068     
     2000001   1000000000.0000000        212.61319309133177        5491.3764414516872        177.82794100389228        2.3300000000000001       0.84999999999999998       0.14999999999999999        1.7183776387145284E-024   2.2483320712310459E-015   3.7193493489430920E-006  0.28793235280523077       0.38353859083134817     
     2000001   1000000000.0000000        214.62309197625868        5816.7609519584885        177.82794100389228        2.3300000000000001       0.84999999999999998       0.14999999999999999        2.6029640171165164E-024   2.2506665854393152E-015   3.7202104359953588E-006  0.27304236757811612       0.36367822473920175     
     2000001   1000000000.0000000        216.75208485734737        6161.4257068278348        177.82794100389228        2.3300000000000001       0.84999999999999998       0.14999999999999999        3.9476232442605171E-024   2.2531296845077654E-015   3.7210552479091770E-006  0.25897724335685179       0.34491798471363921     
     2000001   1000000000.0000000        219.00722849751645        6526.5131323604974        177.82794100389228        2.3300000000000001       0.84999999999999998       0.14999999999999999        5.9951699060492976E-024   2.2557330497147143E-015   3.7218844268359821E-006  0.24569035886280874       0.32719574729419787     
     2000001   1000000000.0000000        221.39599779917529        6913.2333478713435        177.82794100389228        2.3300000000000001       0.84999999999999998       0.14999999999999999        9.1189754571720688E-024   2.2584895406873758E-015   3.7226986334873467E-006  0.23313788506238500       0.31045311147666493     
     2000001   1000000000.0000000        223.92631058054673        7322.8681767525914        177.82794100389228        2.3300000000000001       0.84999999999999998       0.14999999999999999        1.3894782389188347E-023   2.2614133402625096E-015   3.7234985446898853E-006  0.22127837843181636       0.29463485697235386     
     2000001   1000000000.0000000        226.60655382007798        7756.7753952073854        177.82794100389228        2.3300000000000001       0.84999999999999998       0.14999999999999999        2.1213076614306672E-023   2.2645201202564184E-015   3.7242848513461945E-006  0.21007272291518089       0.27968886612526411     
     2000001   1000000000.0000000        229.44561145593292        8216.3932327369839        177.82794100389228        2.3300000000000001       0.84999999999999998       0.14999999999999999        3.2455614436196486E-023   2.2678272314006613E-015   3.7250582567570098E-006  0.19948394078827911       0.26556587158999190     
     2000001   1000000000.0000000        232.35753168189507        8703.2451392981129        177.82794100389228        2.3300000000000001       0.84999999999999998       0.14999999999999999        4.9766673125172053E-023   2.2713524536557756E-015   3.7258191584850680E-006  0.18943812753883865       0.25216716717443977     
     2000001   1000000000.0000000        235.38045792853381        9218.9448349326649        177.82794100389228        2.3300000000000001       0.84999999999999998       0.14999999999999999        7.6481131815811966E-023   2.2751144057822246E-015   3.7265677794897482E-006  0.17992046888503654       0.23947310408709802     
     2000001   1000000000.0000000        238.58250381622190        9765.2016586063237        177.82794100389228        2.3300000000000001       0.84999999999999998       0.14999999999999999        1.1781969669833568E-022   2.2791351318100195E-015   3.7273046633817577E-006  0.17092496322848044       0.22747583851642711     
     2000001   1000000000.0000000        241.97428285094443        10343.826233986212        177.82794100389228        2.3300000000000001       0.84999999999999998       0.14999999999999999        1.8198883898628604E-022   2.2834401545026093E-015   3.7280305517957283E-006  0.16242195978555965       0.21613586712614449     
     2000001   1000000000.0000000        245.56703742845235        10956.736470936465        177.82794100389228        2.3300000000000001       0.84999999999999998       0.14999999999999999        2.8193071878899858E-022   2.2880579508406495E-015   3.7287461938850611E-006  0.15438344556092348       0.20541586732723377     
     2000001   1000000000.0000000        249.37267609832520        11605.963922625277        177.82794100389228        2.3300000000000001       0.84999999999999998       0.14999999999999999        4.3814419100214720E-022   2.2930203623071021E-015   3.7294523458487417E-006  0.14678300895730897       0.19528064789884375     
     2000001   1000000000.0000000        253.40381303606705        12293.660519314064        177.82794100389228        2.3300000000000001       0.84999999999999998       0.14999999999999999        6.8324482434833201E-022   2.2983630698106840E-015   3.7301497705765961E-006  0.13959554120969275       0.18569675188926452     
     2000001   1000000000.0000000        257.67380985406976        13022.105701148388        177.82794100389228        2.3300000000000001       0.84999999999999998       0.14999999999999999        1.0693758525424108E-021   2.3041261446818013E-015   3.7308392373827452E-006  0.13279760645033403       0.17663294645308933     
     2000001   1000000000.0000000        262.19681989003436        13793.713973593844        177.82794100389228        2.3300000000000001       0.84999999999999998       0.14999999999999999        1.6803204451736425E-021   2.3103546894835621E-015   3.7315215217984660E-006  0.12636663019994165       0.16805914574956526     
     2000001   1000000000.0000000        266.67924412698176        14611.042910559312        177.82794100389228        2.3300000000000001       0.84999999999999998       0.14999999999999999        2.6502755323339557E-021   2.3170916771943851E-015   3.7321966129599514E-006  0.12021184529479013       0.15985385409051533     
     2000001   1000000000.0000000        269.75801022401487        15476.801631735168        177.82794100389228        2.3300000000000001       0.84999999999999998       0.14999999999999999        4.1860158741709700E-021   2.3243392627986536E-015   3.7328603674791295E-006  0.11403470806216183       0.15161705704155481     
     2000001   1000000000.0000000        273.01920468124672        16393.859782245421        177.82794100389228        2.3300000000000001       0.84999999999999998       0.14999999999999999        6.6116879972594785E-021   2.3321027509817769E-015   3.7335096070999848E-006  0.10819682528226349       0.14383348230077009     
     2000001   1000000000.0000000        276.47363705859709        17365.257044377595        177.82794100389228        2.3300000000000001       0.84999999999999998       0.14999999999999999        1.0452428957795529E-020   2.3404322289904565E-015   3.7341451484125671E-006  0.10267894593408150       0.13647749292324587     
     2000001   1000000000.0000000        280.13275742267854        18394.213212918123        177.82794100389228        2.3300000000000001       0.84999999999999998       0.14999999999999999        1.6547003837309949E-020   2.3493833491919103E-015   3.7347678024804008E-006   9.7462879245863790E-002  0.12952485942759590     
     2000001   1000000000.0000000        284.00869429920391        19484.138867488829        177.82794100389228        2.3300000000000001       0.84999999999999998       0.14999999999999999        2.6239243523431263E-020   2.3590181285355765E-015   3.7353783736408758E-006   9.2531301197802757E-002  0.12295250224944913     
     2000001   1000000000.0000000        288.11429487421532        20638.646677259141        177.82794100389228        2.3300000000000001       0.84999999999999998       0.14999999999999999        4.1688824956661948E-020   2.3694058787184670E-015   3.7359776585420282E-006   8.7868162326398686E-002  0.11673903032143361     
     2000001   1000000000.0000000        292.46316757738623        21861.563375504604        177.82794100389228        2.3300000000000001       0.84999999999999998       0.14999999999999999        6.6377769715742608E-020   2.3806242921913393E-015   3.7365664454226827E-006   8.3457740938248953E-002  0.11086348649727842     
     2000001   1000000000.0000000        297.06972718854183        23156.942443702636        177.82794100389228        2.3300000000000001       0.84999999999999998       0.14999999999999999        1.0593926690591488E-019   2.3927607145300268E-015   3.7371455136419709E-006   7.9285784402433224E-002  0.10530685715023759     
     2000001   1000000000.0000000        301.94924261690977        24529.077547208130        177.82794100389228        2.3300000000000001       0.84999999999999998       0.14999999999999999        1.6951969448754596E-019   2.4059136403373526E-015   3.7377156334618795E-006   7.5338421748693374E-002  0.10005063189079691     
     2000001   1000000000.0000000        306.45901920054433        25982.516767042762        177.82794100389228        2.3300000000000001       0.84999999999999998       0.14999999999999999        2.7180373992588616E-019   2.4201634006167047E-015   3.7382763432252520E-006   7.1525657614781607E-002   9.4974399912056001E-002
     2000001   1000000000.0000000        311.17688848442441        27522.077674971442        177.82794100389228        2.3300000000000001       0.84999999999999998       0.14999999999999999        4.3647259032842945E-019   2.4355943061117214E-015   3.7388271271421257E-006   6.7908943156530344E-002   9.0160577483733739E-002
     2000001   1000000000.0000000        316.17430909827357        29152.863301832149        177.82794100389228        2.3300000000000001       0.84999999999999998       0.14999999999999999        7.0226008360008553E-019   2.4523320017989348E-015   3.7393686396690540E-006   6.4492411544768244E-002   8.5614589966237720E-002
     2000001   1000000000.0000000        321.46784549977127        30880.279052050009        177.82794100389228        2.3300000000000001       0.84999999999999998       0.14999999999999999        1.1324578838297718E-018   2.4705218986619288E-015   3.7399016258382245E-006   6.1240005761037171E-002   8.1288556615024418E-002
     2000001   1000000000.0000000        327.07504365241942        32710.050620398204        177.82794100389228        2.3300000000000001       0.84999999999999998       0.14999999999999999        1.8308172616696297E-018   2.4903294428124533E-015   3.7404268198801077E-006   5.8191892585808098E-002   7.7235484775284483E-002
     2000001   1000000000.0000000        333.01448918341902        34648.242970394473        177.82794100389228        2.3300000000000001       0.84999999999999998       0.14999999999999999        2.9680673564472988E-018   2.5119435314612111E-015   3.7409449461964539E-006   5.5287470564565205E-002   7.3374985840772441E-002
     2000001   1000000000.0000000        339.30586898761783        36701.280437238122        177.82794100389228        2.3300000000000001       0.84999999999999998       0.14999999999999999        4.8262922661279444E-018   2.5355806005089304E-015   3.7414567204750426E-006   5.2538576936337407E-002   6.9722557722906309E-002
     2000001   1000000000.0000000        345.32148623623573        38875.968021920889        177.82794100389228        2.3300000000000001       0.84999999999999998       0.14999999999999999        7.8677616429040714E-018   2.5614402693287216E-015   3.7419618884769500E-006   4.9872370924806349E-002   6.6181257956101400E-002
     2000001   1000000000.0000000        350.68031822994379        41179.513947092892        177.82794100389228        2.3300000000000001       0.84999999999999998       0.14999999999999999        1.2839766667288864E-017   2.5896636287544826E-015   3.7424587755091547E-006   4.7306151846687926E-002   6.2774054832335877E-002
     2000001   1000000000.0000000        356.35668098187813        43619.553549448232        177.82794100389228        2.3300000000000001       0.84999999999999998       0.14999999999999999        2.0967828125870528E-017   2.6204518141979121E-015   3.7429467000183825E-006   4.4858897798012130E-002   5.9526415871993213E-002
     2000001   1000000000.0000000        362.36938937232219        46204.174587823225        177.82794100389228        2.3300000000000001       0.84999999999999998       0.14999999999999999        3.4285932876041893E-017   2.6541180505156292E-015   3.7434263716919786E-006   4.2530956477260476E-002   5.6438592052155505E-002
     2000001   1000000000.0000000        368.73837313330483        48941.944050893537        177.82794100389228        2.3300000000000001       0.84999999999999998       0.14999999999999999        5.6157694297690946E-017   2.6910232465729625E-015   3.7438984887364387E-006   4.0353464329868874E-002   5.3551786391624494E-002
     2000001   1000000000.0000000        375.48474290771946        51841.936553327454        177.82794100389228        2.3300000000000001       0.84999999999999998       0.14999999999999999        9.2163590833530324E-017   2.7315850844209989E-015   3.7443637387584558E-006   3.8274198526524070E-002   5.0796441609178698E-002
     2000001   1000000000.0000000        382.63086022269187        54913.764414516860        177.82794100389228        2.3300000000000001       0.84999999999999998       0.14999999999999999        1.5159349959558215E-016   2.7762892120300749E-015   3.7448227996230291E-006   3.6302053639351468E-002   4.8184183078681463E-002
     2000001   1000000000.0000000        390.03361487115029        58167.609519584992        177.82794100389228        2.3300000000000001       0.84999999999999998       0.14999999999999999        2.4992566333055185E-016   2.8256817351710265E-015   3.7452761436301547E-006   3.4423839595133232E-002   4.5697416378714432E-002
     2000001   1000000000.0000000        396.10711672720481        61614.257068278283        177.82794100389228        2.3300000000000001       0.84999999999999998       0.14999999999999999        4.1231915977916181E-016   2.8801545871601319E-015   3.7457222240021173E-006   3.2566128341281551E-002   4.3239759256721397E-002
     2000001   1000000000.0000000        402.54049619310183        65265.131323604903        177.82794100389228        2.3300000000000001       0.84999999999999998       0.14999999999999999        6.7998473196361757E-016   2.9401577078824469E-015   3.7461597788169948E-006   3.0811090756930167E-002   4.0919188203899108E-002
     2000001   1000000000.0000000        409.35507735783250        69132.333478713568        177.82794100389228        2.3300000000000001       0.84999999999999998       0.14999999999999999        1.1218900999734390E-015   3.0064687666915500E-015   3.7465894796973871E-006   2.9142118183758448E-002   3.8713311896736005E-002
     2000001   1000000000.0000000        416.57344784209619        73228.681767525879        177.82794100389228        2.3300000000000001       0.84999999999999998       0.14999999999999999        1.8525922245271643E-015   3.0800078238616853E-015   3.7470119835585342E-006   2.7565341867799017E-002   3.6630174917816206E-002
     2000001   1000000000.0000000        424.21953366726217        77567.753952073908        177.82794100389228        2.3300000000000001       0.84999999999999998       0.14999999999999999        3.0628727139827894E-015   3.1618721449932847E-015   3.7474279333509265E-006   2.6064996912919663E-002   3.4648457157315973E-002
     2000001   1000000000.0000000        432.31867856059466        82163.932327369650        177.82794100389228        2.3300000000000001       0.84999999999999998       0.14999999999999999        5.0713341545561170E-015   3.2533812605544408E-015   3.7478379588562408E-006   2.4641050987431114E-002   3.2767945259334963E-002
     2000001   1000000000.0000000        439.83229089832616        87032.451392980889        177.82794100389228        2.3300000000000001       0.84999999999999998       0.14999999999999999        8.4034331548358495E-015   3.3558833993807968E-015   3.7482416854480964E-006   2.3255869757336858E-002   3.0939673759352488E-002
     2000001   1000000000.0000000        446.82449660018165        92189.448349326631        177.82794100389228        2.3300000000000001       0.84999999999999998       0.14999999999999999        1.3917311204715834E-014   3.4707341162396897E-015   3.7486379077120595E-006   2.1924743757207946E-002   2.9184113155915126E-002
     2000001   1000000000.0000000        454.23101653707749        97652.016586063502        177.82794100389228        2.3300000000000001       0.84999999999999998       0.14999999999999999        2.3034262045903438E-014   3.5998100085298051E-015   3.7490264132500458E-006   2.0644077107947984E-002   2.7494395939536741E-002
     2000001   1000000000.0000000        462.07640037083394        103438.26233986193        177.82794100389228        2.3300000000000001       0.84999999999999998       0.14999999999999999        3.8122405159517983E-014   3.7456610243243446E-015   3.7494078116547307E-006   1.9455285441503250E-002   2.5926677227360084E-002
     2000001   1000000000.0000000        470.38665242218678        109567.36470936458        177.82794100389228        2.3300000000000001       0.84999999999999998       0.14999999999999999        6.3115804681555146E-014   3.9114031442468649E-015   3.7497826950390631E-006   1.8313783186563556E-002   2.4420236470852650E-002
     2000001   1000000000.0000000        479.18931786474394        116059.63922625296        177.82794100389228        2.3300000000000001       0.84999999999999998       0.14999999999999999        1.0456228380433159E-013   4.1008358182174912E-015   3.7501516381077805E-006   1.7222257461755774E-002   2.2978557804959904E-002
     2000001   1000000000.0000000        487.95500180863991        122936.60519314058        177.82794100389228        2.3300000000000001       0.84999999999999998       0.14999999999999999        1.7330158650419981E-013   4.3183089394707879E-015   3.7505147758735132E-006   1.6174824822101121E-002   2.1594665070845440E-002
     2000001   1000000000.0000000        495.87418076363849        130221.05701148394        177.82794100389228        2.3300000000000001       0.84999999999999998       0.14999999999999999        2.8700652409121837E-013   4.5682613961442029E-015   3.7508712496054724E-006   1.5163576708234984E-002   2.0259320439851992E-002
     2000001   1000000000.0000000        504.26260057206605        137937.13973593831        177.82794100389228        2.3300000000000001       0.84999999999999998       0.14999999999999999        4.7471665302493488E-013   4.8559146546634897E-015   3.7512206407978403E-006   1.4213844406334426E-002   1.9004547046428455E-002
     2000001   1000000000.0000000        513.14806550249409        146110.42910559292        177.82794100389228        2.3300000000000001       0.84999999999999998       0.14999999999999999        7.8464685729250081E-013   5.1877721562820006E-015   3.7515634586908286E-006   1.3303032732226550E-002   1.7799182731189751E-002
     2000001   1000000000.0000000        522.56002732998195        154768.01631735137        177.82794100389228        2.3300000000000001       0.84999999999999998       0.14999999999999999        1.2963968107311785E-012   5.5708355751605163E-015   3.7519001658249996E-006   1.2437046095126745E-002   1.6651411595899227E-002
     2000001   1000000000.0000000        532.52968295697497        163938.59782245383        177.82794100389228        2.3300000000000001       0.84999999999999998       0.14999999999999999        2.1414230649553836E-012   6.0122087622068030E-015   3.7522311585871666E-006   1.1609694484421625E-002   1.5552732776991113E-002
     2000001   1000000000.0000000        541.63974628139761        173652.57044377620        177.82794100389228        2.3300000000000001       0.84999999999999998       0.14999999999999999        3.5330760366094531E-012   6.5170903576724267E-015   3.7525558524141909E-006   1.0815876869020370E-002   1.4498822901400345E-002
     2000001   1000000000.0000000        550.28471415539525        183942.13212918109        177.82794100389228        2.3300000000000001       0.84999999999999998       0.14999999999999999        5.8137811307343300E-012   7.0876277926805548E-015   3.7528729793787699E-006   1.0036962064190320E-002   1.3462725250670578E-002
     2000001   1000000000.0000000        559.44192857996586        194841.38867488838        177.82794100389228        2.3300000000000001       0.84999999999999998       0.14999999999999999        9.5398018935042545E-012   7.7240733634816229E-015   3.7531819364502506E-006   9.2873390962075805E-003   1.2462766678321385E-002
     2000001   1000000000.0000000        569.14174207143901        206386.46677259143        177.82794100389228        2.3300000000000001       0.84999999999999998       0.14999999999999999        1.5614983232261804E-011   8.4236906603278412E-015   3.7534823287431981E-006   8.5492505419650436E-003   1.1474263402259570E-002
     2000001   1000000000.0000000        579.41630564580714        218615.63375504629        177.82794100389228        2.3300000000000001       0.84999999999999998       0.14999999999999999        2.5498210067131064E-011   9.1787644114462393E-015   3.7537731907748305E-006   7.8450493953489010E-003   1.0528885628621042E-002
     2000001   1000000000.0000000        589.63517167610701        231569.42443702623        177.82794100389228        2.3300000000000001       0.84999999999999998       0.14999999999999999        4.1520031040947548E-011   9.9748523768463466E-015   3.7540523338729119E-006   7.1637717985283426E-003   9.6125199582539934E-003
     2000001   1000000000.0000000        599.06304551470896        245290.77547208132        177.82794100389228        2.3300000000000001       0.84999999999999998       0.14999999999999999        6.7335361324407907E-011   1.0789402765891096E-014   3.7543155691195509E-006   6.4907075335316096E-003   8.7056446565278289E-003
     2000001   1000000000.0000000        609.04955599874893        259825.16767042750        177.82794100389228        2.3300000000000001       0.84999999999999998       0.14999999999999999        1.0870039199026092E-010   1.1595319096897075E-014   3.7545569645935958E-006   5.8985979811568981E-003   7.9087993433148047E-003
     2000001   1000000000.0000000        619.62780443049087        275220.77674971428        177.82794100389228        2.3300000000000001       0.84999999999999998       0.14999999999999999        1.7473241465429995E-010   1.2363743557506332E-014   3.7547678758497283E-006   5.4045652990887972E-003   7.2461252375002469E-003
     2000001   1000000000.0000000        630.83285348766435        291528.63301832200        177.82794100389228        2.3300000000000001       0.84999999999999998       0.14999999999999999        2.7974017683482170E-010   1.3064556855530390E-014   3.7549344554383201E-006   5.0083823770952609E-003   6.7175912134104189E-003
     2000001   1000000000.0000000        641.64412483946285        308802.79052050057        177.82794100389228        2.3300000000000001       0.84999999999999998       0.14999999999999999        4.4584565521859617E-010   1.3668170444979646E-014   3.7550345875784052E-006   4.6641248976898248E-003   6.2601766868828632E-003
     2000001   1000000000.0000000        652.36091670446365        327100.50620398164        177.82794100389228        2.3300000000000001       0.84999999999999998       0.14999999999999999        7.0694158733619408E-010   1.4149535682910676E-014   3.7550341070112103E-006   4.3728667761327401E-003   5.8755494854289218E-003
     2000001   1000000000.0000000        663.71271840941597        346482.42970394494        177.82794100389228        2.3300000000000001       0.84999999999999998       0.14999999999999999        1.1154215756922467E-009   1.4492360983918068E-014   3.7548807886782303E-006   4.1475561883510051E-003   5.5821426918401251E-003
     2000001   1000000000.0000000        675.73715665285988        367012.80437238095        177.82794100389228        2.3300000000000001       0.84999999999999998       0.14999999999999999        1.7523193979649572E-009   1.4689583400146852E-014   3.7544940455318521E-006   3.9682980294961151E-003   5.3528689664840302E-003
     2000001   1000000000.0000000        688.47408765539308        388759.68021920888        177.82794100389228        2.3300000000000001       0.84999999999999998       0.14999999999999999        2.7424589249434379E-009   1.4742562118135112E-014   3.7537494904990167E-006   3.8102419432697906E-003   5.1530869104140309E-003
     2000001   1000000000.0000000        699.99865988529734        411795.13947092788        177.82794100389228        2.3300000000000001       0.84999999999999998       0.14999999999999999        4.2736447932482466E-009   1.4659667750491456E-014   3.7524590599233115E-006   3.6499553046092058E-003   4.9508137235363776E-003
     2000001   1000000000.0000000        711.88814134496454        436195.53549448232        177.82794100389228        2.3300000000000001       0.84999999999999998       0.14999999999999999        6.6281530700746509E-009   1.4454136048575171E-014   3.7503401453189559E-006   3.5091543341137332E-003   4.7762403607734330E-003
     2000001   1000000000.0000000        724.48211887154298        462041.74587823276        177.82794100389228        2.3300000000000001       0.84999999999999998       0.14999999999999999        1.0236873983255135E-008   1.4139014644220269E-014   3.7469621833205647E-006   3.3942413088279360E-003   4.6390268634592538E-003
     2000001   1000000000.0000000        737.82233648137026        489419.44050893636        177.82794100389228        2.3300000000000001       0.84999999999999998       0.14999999999999999        1.5750523522870891E-008   1.3722656797075295E-014   3.7416748750081748E-006   3.2990895413511994E-003   4.5308322038646693E-003
     2000001   1000000000.0000000        750.25958625656642        518419.36553327565        177.82794100389228        2.3300000000000001       0.84999999999999998       0.14999999999999999        2.4125512638558360E-008   1.3206645661874153E-014   3.7335217056494568E-006   3.1845387284141565E-003   4.3946024854030503E-003
     2000001   1000000000.0000000        762.07142168855034        549137.64414516836        177.82794100389228        2.3300000000000001       0.84999999999999998       0.14999999999999999        3.6739351753603193E-008   1.2585251609626338E-014   3.7211246868683013E-006   3.0591920920075254E-003   4.2420255101619959E-003
     2000001   1000000000.0000000        774.58315237106046        581676.09519584989        177.82794100389228        2.3300000000000001       0.84999999999999998       0.14999999999999999        5.5594302718093521E-008   1.1845738815346038E-014   3.7024815820069245E-006   2.9596272253492209E-003   4.1274574068359922E-003
     2000001   1000000000.0000000        787.83624970492485        616142.57068278408        177.82794100389228        2.3300000000000001       0.84999999999999998       0.14999999999999999        8.3577925107174300E-008   1.0974279998789648E-014   3.6747052192078629E-006   2.8718377807661773E-003   4.0299092575321362E-003
     2000001   1000000000.0000000        801.66201057471926        652651.31323604856        177.82794100389228        2.3300000000000001       0.84999999999999998       0.14999999999999999        1.2474939882156872E-007   9.9665640349617292E-015   3.6337367316516644E-006   2.8082109600694001E-003   3.9692906927327899E-003
     2000001   1000000000.0000000        815.07252100095286        691323.33478713466        177.82794100389228        2.3300000000000001       0.84999999999999998       0.14999999999999999        1.8460240676007405E-007   8.8390855847610097E-015   3.5740824251881140E-006   2.7415537388014838E-003   3.9040486923466997E-003
     2000001   1000000000.0000000        829.27765412646932        732286.81767525827        177.82794100389228        2.3300000000000001       0.84999999999999998       0.14999999999999999        2.7037104126196693E-007   7.6328690130564770E-015   3.4885082434245283E-006   2.8250049311076544E-003   4.0795126212628706E-003
     2000001   1000000000.0000000        844.32449430631254        775677.53952074063        177.82794100389228        2.3300000000000001       0.84999999999999998       0.14999999999999999        3.9122493375134610E-007   6.4081748839623671E-015   3.3678448569467955E-006   3.6425645458354416E-003   5.4712185999390680E-003
     2000001   1000000000.0000000        858.78226731749135        821639.32327369694        177.82794100389228        2.3300000000000001       0.84999999999999998       0.14999999999999999        5.5748550760339409E-007   5.2352628190041484E-015   3.2017707792283355E-006   3.8123047689796624E-003   5.8038303630655579E-003
     2000001   1000000000.0000000        872.52361832046324        870324.51392981003        177.82794100389228        2.3300000000000001       0.84999999999999998       0.14999999999999999        7.7879396241226912E-007   4.1759348592080482E-015   2.9806443481250376E-006   3.9237193371285672E-003   6.0378452956346539E-003
     2000001   1000000000.0000000        887.07919555933006        921894.48349326500        177.82794100389228        2.3300000000000001       0.84999999999999998       0.14999999999999999        1.0617509078694605E-006   3.2645239405139694E-015   2.6978645577317790E-006   4.0526909375725190E-003   6.2970267606384384E-003
     2000001   1000000000.0000000        902.49724497170553        976520.16586063348        177.82794100389228        2.3300000000000001       0.84999999999999998       0.14999999999999999        1.4062973457322873E-006   2.5051462146480106E-015   2.3534895461021373E-006   4.1602011208907840E-003   6.5157202560606189E-003
     2000001   1000000000.0000000        917.75011997578827        1034382.6233986198        177.82794100389228        2.3300000000000001       0.84999999999999998       0.14999999999999999        1.8009163279815659E-006   1.8825265751710922E-015   1.9590333289043284E-006   4.1973012136540680E-003   6.6130915537504662E-003
     2000001   1000000000.0000000        933.22117448404401        1095673.6470936439        177.82794100389228        2.3300000000000001       0.84999999999999998       0.14999999999999999        2.2207298747428161E-006   1.3746053538412104E-015   1.5393672361693098E-006   3.9983667634659334E-003   6.3135177461212432E-003
     2000001   1000000000.0000000        949.60894660433530        1160596.3922625296        177.82794100389228        2.3300000000000001       0.84999999999999998       0.14999999999999999        2.6311757574221290E-006   9.6278375846494033E-016   1.1290414466534513E-006   2.9541358520805755E-003   4.6007799696626290E-003
     2000001   1000000000.0000000        966.50135168241957        1229366.0519314078        177.82794100389228        2.3300000000000001       0.84999999999999998       0.14999999999999999        2.9959402954932948E-006   6.3669329144686812E-016   7.6435098719953568E-007   2.9907512500085664E-005   3.9867193618173092E-005
     2000001   1000000000.0000000        982.11683153504259        1302210.5701148405        177.82794100389228        2.3300000000000001       0.84999999999999998       0.14999999999999999        3.2870231786943536E-006   3.9166470356314831E-016   4.7327242512512642E-007   2.8461224604420699E-005   3.7938661917145737E-005
     2000001   1000000000.0000000        998.65758673936409        1379371.3973593852        177.82794100389228        2.3300000000000001       0.84999999999999998       0.14999999999999999        3.4940953708499608E-006   2.2131003230314820E-016   2.6611165292780379E-007   2.7093988164907014E-005   3.6115540450549543E-005
     2000001   1000000000.0000000        1016.1784433067868        1461104.2910559282        177.82794100389228        2.3300000000000001       0.84999999999999998       0.14999999999999999        3.6249901811117409E-006   1.1363591960847761E-016   1.3501962170711237E-007   2.5801320764274831E-005   3.4391853301165163E-005
     2000001   1000000000.0000000        1032.1860603715791        1547680.1631735172        177.82794100389228        2.3300000000000001       0.84999999999999998       0.14999999999999999        3.6980775095964622E-006   5.2686548358422288E-017   6.1624269218622307E-008   2.4548632559976383E-005   3.2721446024213088E-005
     2000001   1000000000.0000000        1048.6319719264109        1639385.9782245392        177.82794100389228        2.3300000000000001       0.84999999999999998       0.14999999999999999        3.7340073687087148E-006   2.1998996183557866E-017   2.5288298289658193E-008   2.3358808520912363E-005   3.1134859177200004E-005
     2000001   1000000000.0000000        1066.0523650048028        1736525.7044377567        177.82794100389228        2.3300000000000001       0.84999999999999998       0.14999999999999999        3.7494872755320595E-006   8.2576412369675573E-018   9.3263461214357137E-009   2.2234062512618862E-005   2.9635051969359409E-005
     2000001   1000000000.0000000        1083.7861629530867        1839421.3212918125        177.82794100389228        2.3300000000000001       0.84999999999999998       0.14999999999999999        3.7551882540587362E-006   2.7859005676271369E-018   3.0929359130831537E-009   2.1163678154807867E-005   2.8207726754870862E-005
     2000001   1000000000.0000000        1102.2769667367181        1948413.8867488836        177.82794100389228        2.3300000000000001       0.84999999999999998       0.14999999999999999        3.7567978137701755E-006   8.4562305550410479E-019   9.2368252790335891E-010   2.0149022598642999E-005   2.6854712463968390E-005
     2000001   1000000000.0000000        1121.8634195260515        2063864.6677259144        177.82794100389228        2.3300000000000001       0.84999999999999998       0.14999999999999999        3.7569028360672003E-006   2.3114854526793456E-019   2.4868518210390399E-010   1.9189667202254592E-005   2.5575442047086759E-005
     2000001   1000000000.0000000        1140.6946986086286        2186156.3375504618        177.82794100389228        2.3300000000000001       0.84999999999999998       0.14999999999999999        3.7565223274626411E-006   5.7023830989434942E-020   6.0495951391109999E-011   1.8267113341390384E-005   2.4345225772244150E-005
     2000001   1000000000.0000000        1159.2897790287050        2315694.2443702682        177.82794100389228        2.3300000000000001       0.84999999999999998       0.14999999999999999        3.7560092311736035E-006   1.2741943960952077E-020   1.3344681040456562E-011   1.7384731816532851E-005   2.3168565302685412E-005
     2000001   1000000000.0000000        1178.9866872336418        2452907.7547208150        177.82794100389228        2.3300000000000001       0.84999999999999998       0.14999999999999999        3.7554709911145390E-006   2.5850239715669682E-021   2.6754953629854425E-012   1.6550558566472303E-005   2.2056193078349939E-005
     2000001   1000000000.0000000        1198.0121504926360        2598251.6767042740        177.82794100389228        2.3300000000000001       0.84999999999999998       0.14999999999999999        3.7549368499489174E-006   4.7739421646220092E-022   4.8878077866834963E-013   1.5749753625287065E-005   2.0988299177124700E-005
     2000001   1000000000.0000000        1217.2987484883606        2752207.7674971470        177.82794100389228        2.3300000000000001       0.84999999999999998       0.14999999999999999        3.7544142058643338E-006   8.0522398157634458E-023   8.1628933558194440E-014   1.4987379044422422E-005   1.9971645493723728E-005
     2000001   1000000000.0000000        1237.7281492613272        2915286.3301832201        177.82794100389228        2.3300000000000001       0.84999999999999998       0.14999999999999999        3.7539040210593514E-006   1.2427482026297684E-023   1.2484085619943485E-014   1.4266682558738349E-005   1.9010573831720953E-005
     2000001   1000000000.0000000        1257.2113607747724        3088027.9052050021        177.82794100389228        2.3300000000000001       0.84999999999999998       0.14999999999999999        3.7534065014513653E-006   1.7595107886557813E-024   1.7528011195431468E-015   1.3573634231504082E-005   1.8086350847662069E-005
     2000001   1000000000.0000000        1277.5639960932165        3271005.0620398247        177.82794100389228        2.3300000000000001       0.84999999999999998       0.14999999999999999        3.7529216653789590E-006   2.2916180517785274E-025   2.2653617081861292E-016   1.2917070222809299E-005   1.7210781618941746E-005
     2000001   1000000000.0000000        1298.6150470486755        3464824.2970394436        177.82794100389228        2.3300000000000001       0.84999999999999998       0.14999999999999999        3.7524488588075047E-006   2.7493924932882121E-026   2.6985722596991042E-017   1.2293981149870644E-005   1.6379851488930363E-005
     2000001   1000000000.0000000        1318.7401267736132        3670128.0437238198        177.82794100389228        2.3300000000000001       0.84999999999999998       0.14999999999999999        3.7519881075576052E-006   3.0470350644834923E-027   2.9702816665575032E-018   1.1695253617341606E-005   1.5581389186384633E-005
     2000001   1000000000.0000000        1340.0576924417414        3887596.8021920808        177.82794100389228        2.3300000000000001       0.84999999999999998       0.14999999999999999        3.7515392326975105E-006   3.1330702623506730E-028   3.0269453768855464E-019   1.1129317042354660E-005   1.4826660627953344E-005
     2000001   1000000000.0000000        1360.5316919792033        4117951.3947092807        177.82794100389228        2.3300000000000001       0.84999999999999998       0.14999999999999999        3.7511020326421845E-006   3.0685613261231293E-029   2.8610068997453644E-020   1.0586092841290562E-005   1.4102202890915253E-005
     2000001   1000000000.0000000        1380.0607279209032        4361955.3549448149        177.82794100389228        2.3300000000000001       0.84999999999999998       0.14999999999999999        3.7506769634638339E-006   3.6244843805693906E-030   2.5161624964224231E-021   1.0064743039205443E-005   1.3406898167755138E-005
     2000001   1000000000.0000000        1400.7469319912700        4620417.4587823180        177.82794100389228        2.3300000000000001       0.84999999999999998       0.14999999999999999        3.7502637975506529E-006   1.2162228817316444E-030   2.0628766757369341E-022   9.5720370290908387E-006   1.2749798171593148E-005
     2000001   1000000000.0000000        1422.6588707125838        4894194.4050893541        177.82794100389228        2.3300000000000001       0.84999999999999998       0.14999999999999999        3.7498616914847903E-006   1.0166065530304431E-030   1.5771327560239004E-023   9.1063550434769730E-006   1.2128744060326105E-005
     2000001   1000000000.0000000        1445.8691734289916        5184193.6553327413        177.82794100389228        2.3300000000000001       0.84999999999999998       0.14999999999999999        3.7494698384165224E-006   1.0011892158096932E-030   1.1245894556961227E-024   8.6661678112657951E-006   1.1541697600053800E-005
     2000001   1000000000.0000000        1470.0792400414209        5491376.4414516753        177.82794100389228        2.3300000000000001       0.84999999999999998       0.14999999999999999        3.7490875644730527E-006   1.0000794230270780E-030   7.4807487699455017E-026   8.2489729958586878E-006   1.0985318797753147E-005
     2000001   1000000000.0000000        1494.3781908534615        5816760.9519584905        177.82794100389228        2.3300000000000001       0.84999999999999998       0.14999999999999999        3.7487145605560272E-006   1.0000049479281658E-030   4.6438294164238558E-027   7.8509909383167825E-006   1.0454557923201318E-005
     2000001   1000000000.0000000        1498.8442776414429        6161425.7068278287        177.82794100389228        2.3300000000000001       0.84999999999999998       0.14999999999999999        3.7483555943936671E-006   1.0000002914024144E-030   2.7346993228814275E-028   7.4219728718362373E-006   9.8821957782881951E-006
     2000001   1000000000.0000000        1498.8442776414429        6526513.1323604891        177.82794100389228        2.3300000000000001       0.84999999999999998       0.14999999999999999        3.7480157041892117E-006   1.0000000164945456E-030   1.6371772167944667E-029   7.0058036651860643E-006   9.3269195233204726E-006
     2000001   1000000000.0000000        1498.8442776414429        6913233.3478713343        177.82794100389228        2.3300000000000001       0.84999999999999998       0.14999999999999999        3.7476948216540385E-006   1.0000000009010844E-030   1.8371272328649990E-030   6.6128877188252112E-006   8.8026538521995647E-006
     2000001   1000000000.0000000        1498.8442776414429        7322868.1767525990        177.82794100389228        2.3300000000000001       0.84999999999999998       0.14999999999999999        3.7473918840696194E-006   1.0000000000475684E-030   1.0440623921846467E-030   6.2419248159650588E-006   8.3076678132241640E-006
     2000001   1000000000.0000000        1498.8442776414429        7756775.3952074023        177.82794100389228        2.3300000000000001       0.84999999999999998       0.14999999999999999        3.7471058881164305E-006   1.0000000000024287E-030   1.0022442022391498E-030   5.8916876771239480E-006   7.8403280538840484E-006
     2000001   1000000000.0000000        1498.8442776414429        8216393.2327369750        177.82794100389228        2.3300000000000001       0.84999999999999998       0.14999999999999999        3.7468358865536379E-006   1.0000000000001195E-030   1.0001107252924562E-030   5.5610179070447755E-006   7.3990934498662228E-006
     2000001   1000000000.0000000        1498.8442776414429        8703245.1392981168        177.82794100389228        2.3300000000000001       0.84999999999999998       0.14999999999999999        3.7465809850847344E-006   1.0000000000000053E-030   1.0000052974276828E-030   5.2488221710910134E-006   6.9825100416124361E-006
     2000001   1000000000.0000000        1498.8442776414429        9218944.8349326625        177.82794100389228        2.3300000000000001       0.84999999999999998       0.14999999999999999        3.7463403393988034E-006   1.0000000000000001E-030   1.0000002459975966E-030   4.9540685884817251E-006   6.5892062612664640E-006
     2000001   1000000000.0000000        1498.8442776414429        9765201.6586063262        177.82794100389228        2.3300000000000001       0.84999999999999998       0.14999999999999999        3.7461131523775364E-006   1.0000000000000001E-030   1.0000000110977026E-030   4.6757833304297164E-006   6.2178884336599844E-006
     2000001   1000000000.0000000        1498.8442776414429        10343826.233986206        177.82794100389228        2.3300000000000001       0.84999999999999998       0.14999999999999999        3.7458986714586501E-006   1.0000000000000001E-030   1.0000000004867851E-030   4.4130474119046346E-006   5.8673365357073197E-006
     2000001   1000000000.0000000        1498.8442776414429        10956736.470936455        177.82794100389228        2.3300000000000001       0.84999999999999998       0.14999999999999999        3.7456961861468068E-006   1.0000000000000001E-030   1.0000000000207768E-030   4.1649936663563870E-006   5.5364001992106177E-006
     2000001   1000000000.0000000        1498.8442776414429        11605963.922625303        177.82794100389228        2.3300000000000001       0.84999999999999998       0.14999999999999999        3.7455050256636765E-006   1.0000000000000001E-030   1.0000000000008638E-030   3.9308038933034429E-006   5.2239949426148620E-006
     2000001   1000000000.0000000        1498.8442776414429        12293660.519314045        177.82794100389228        2.3300000000000001       0.84999999999999998       0.14999999999999999        3.7453245567292684E-006   1.0000000000000001E-030   1.0000000000000346E-030   3.7097061692174029E-006   4.9290986176960979E-006
     2000001   1000000000.0000000        1498.8442776414429        13022105.701148389        177.82794100389228        2.3300000000000001       0.84999999999999998       0.14999999999999999        3.7451541814670631E-006   1.0000000000000001E-030   1.0000000000000010E-030   3.5009723126167539E-006   4.6507480575117590E-006
     2000001   1000000000.0000000        1498.8442776414429        13793713.973593859        177.82794100389228        2.3300000000000001       0.84999999999999998       0.14999999999999999        3.7449933354261239E-006   1.0000000000000001E-030   1.0000000000000001E-030   3.3039154947212701E-006   4.3880359121917547E-006
     2000001   1000000000.0000000        1498.8442776414429        14611042.910559298        177.82794100389228        2.3300000000000001       0.84999999999999998       0.14999999999999999        3.7448414857135001E-006   1.0000000000000001E-030   1.0000000000000001E-030   3.1178879874106060E-006   4.1401076593020997E-006
     2000001   1000000000.0000000        1498.8442776414429        15476801.631735150        177.82794100389228        2.3300000000000001       0.84999999999999998       0.14999999999999999        3.7446981292308531E-006   1.0000000000000001E-030   1.0000000000000001E-030   2.9422790405773524E-006   3.9061587755771039E-006
     2000001   1000000000.0000000        1498.8442776414429        16393859.782245392        177.82794100389228        2.3300000000000001       0.84999999999999998       0.14999999999999999        3.7445627910094710E-006   1.0000000000000001E-030   1.0000000000000001E-030   2.7765128812631778E-006   3.6854320567995281E-006
     2000001   1000000000.0000000        1498.8442776414429        17365257.044377591        177.82794100389228        2.3300000000000001       0.84999999999999998       0.14999999999999999        3.7444350226382062E-006   1.0000000000000001E-030   1.0000000000000001E-030   2.6200468272159905E-006   3.4772150725276032E-006
     2000001   1000000000.0000000        1498.8442776414429        18394213.212918147        177.82794100389228        2.3300000000000001       0.84999999999999998       0.14999999999999999        3.7443144007791577E-006   1.0000000000000001E-030   1.0000000000000001E-030   2.4723695077053140E-006   3.2808377422481056E-006
     2000001   1000000000.0000000        1498.8442776414429        19484138.867488828        177.82794100389228        2.3300000000000001       0.84999999999999998       0.14999999999999999        3.7442005257662414E-006   1.0000000000000001E-030   1.0000000000000001E-030   2.3329991845809438E-006   3.0956700194091712E-006
     2000001   1000000000.0000000        1498.8442776414429        20638646.677259117        177.82794100389228        2.3300000000000001       0.84999999999999998       0.14999999999999999        3.7440930202819988E-006   1.0000000000000001E-030   1.0000000000000001E-030   2.2014821666570908E-006   2.9211196697020082E-006
     2000001   1000000000.0000000        1498.8442776414429        21861563.375504632        177.82794100389228        2.3300000000000001       0.84999999999999998       0.14999999999999999        3.7439915281083248E-006   1.0000000000000001E-030   1.0000000000000001E-030   2.0773913105518642E-006   2.7566301299756154E-006
     2000001   1000000000.0000000        1498.8442776414429        23156942.443702683        177.82794100389228        2.3300000000000001       0.84999999999999998       0.14999999999999999        3.7438957129469688E-006   1.0000000000000001E-030   1.0000000000000001E-030   1.9603246011134726E-006   2.6016784343558944E-006
     2000001   1000000000.0000000        1498.8442776414429        24529077.547208119        177.82794100389228        2.3300000000000001       0.84999999999999998       0.14999999999999999        3.7438052573060901E-006   1.0000000000000001E-030   1.0000000000000001E-030   1.8499038045264364E-006   2.4557731945859827E-006
     2000001   1000000000.0000000        1498.8442776414429        25982516.767042771        177.82794100389228        2.3300000000000001       0.84999999999999998       0.14999999999999999        3.7437198614499001E-006   1.0000000000000001E-030   1.0000000000000001E-030   1.7457731871232413E-006   2.3184526224047269E-006
     2000001   1000000000.0000000        1498.8442776414429        27522077.674971454        177.82794100389228        2.3300000000000001       0.84999999999999998       0.14999999999999999        3.7436392424089719E-006   1.0000000000000001E-030   1.0000000000000001E-030   1.6475982928435182E-006   2.1892825830363538E-006
     2000001   1000000000.0000000        1498.8442776414429        29152863.301832128        177.82794100389228        2.3300000000000001       0.84999999999999998       0.14999999999999999        3.7435631330472103E-006   1.0000000000000001E-030   1.0000000000000001E-030   1.5550647722045503E-006   2.0678546706766576E-006
