      100001   20000000.000000000        173.38146839539783        310.15810356807884        17.782794100389228        2.3300000000000001       0.84999999999999998       0.14999999999999999        2.9611241518456046E-010   1.0000000000000001E-030   1.0000000000000001E-030   0.0000000000000000        0.0000000000000000     
      100001   20000000.000000000        174.28981975944600        331.39665921903230        17.782794100389228        2.3300000000000001       0.84999999999999998       0.14999999999999999        2.9629562980750258E-010   1.0000000000000001E-030   1.0000000000000001E-030   0.0000000000000000        0.0000000000000000     
      100001   20000000.000000000        175.26037188747239        354.08955780331502        17.782794100389228        2.3300000000000001       0.84999999999999998       0.14999999999999999        2.9665425621266718E-010   1.0000000000000001E-030   1.0000000000000001E-030   0.0000000000000000        0.0000000000000000     
      100001   20000000.000000000        176.29738407295363        378.33638770172041        17.782794100389228        2.3300000000000001       0.84999999999999998       0.14999999999999999        2.9718138333090971E-010   1.0000000000000001E-030   1.0000000000000001E-030   0.0000000000000000        0.0000000000000000     
      100001   20000000.000000000        177.40540727107225        404.24355676338564        17.782794100389228        2.3300000000000001       0.84999999999999998       0.14999999999999999        2.9787096087002610E-010   1.0000000000000001E-030   1.0000000000000001E-030   0.0000000000000000        0.0000000000000000     
      100001   20000000.000000000        178.58930407070272        431.92475927942479        17.782794100389228        2.3300000000000001       0.84999999999999998       0.14999999999999999        2.9871777370159485E-010   1.0000000000000001E-030   1.0000000000000001E-030   0.0000000000000000        0.0000000000000000     
      100001   20000000.000000000        179.85427003401023        461.50147493330701        17.782794100389228        2.3300000000000001       0.84999999999999998       0.14999999999999999        2.9971742163144063E-010   1.0000000000000001E-030   1.0000000000000001E-030   0.0000000000000000        0.0000000000000000     
      100001   20000000.000000000        181.20585649731186        493.10350191764149        17.782794100389228        2.3300000000000001       0.84999999999999998       0.14999999999999999        3.0086630460557821E-010   1.0000000000000001E-030   1.0000000000000001E-030   0.0000000000000000        0.0000000000000000     
      100001   20000000.000000000        182.54069396666520        526.86952655694017        17.782794100389228        2.3300000000000001       0.84999999999999998       0.14999999999999999        3.0216083536184997E-010   1.0000000000000001E-030   1.0000000000000001E-030   0.0000000000000000        0.0000000000000000     
      100001   20000000.000000000        183.78403285923423        562.94773193620119        17.782794100389228        2.3300000000000001       0.84999999999999998       0.14999999999999999        3.0359648252066086E-010   1.0000000000000001E-030   1.0000000000000001E-030   0.0000000000000000        0.0000000000000000     
      100001   20000000.000000000        185.11251130469270        601.49644820625940        17.782794100389228        2.3300000000000001       0.84999999999999998       0.14999999999999999        3.0516964152414887E-010   1.0000000000000001E-030   1.0000000000000001E-030   0.0000000000000000        0.0000000000000000     
      100001   20000000.000000000        186.53195936555170        642.68484741980899        17.782794100389228        2.3300000000000001       0.84999999999999998       0.14999999999999999        3.0687865312841725E-010   1.0000000000000001E-030   1.0000000000000001E-030   0.0000000000000000        0.0000000000000000     
      100001   20000000.000000000        188.04860632686629        686.69368594739672        17.782794100389228        2.3300000000000001       0.84999999999999998       0.14999999999999999        3.0872258702055686E-010   1.0000000000000001E-030   1.0000000000000001E-030   0.0000000000000000        0.0000000000000000     
      100001   20000000.000000000        189.66910803361603        733.71609773149157        17.782794100389228        2.3300000000000001       0.84999999999999998       0.14999999999999999        3.1070124981676213E-010   1.0000000000000001E-030   1.0000000000000001E-030   0.0000000000000000        0.0000000000000000     
      100001   20000000.000000000        191.40057610005573        783.95844185986448        17.782794100389228        2.3300000000000001       0.84999999999999998       0.14999999999999999        3.1281519905368137E-010   1.0000000000000001E-030   1.0000000000000001E-030   0.0000000000000000        0.0000000000000000     
      100001   20000000.000000000        193.25060911922066        837.64120817785079        17.782794100389228        2.3300000000000001       0.84999999999999998       0.14999999999999999        3.1506576358111066E-010   1.0000000000000001E-030   1.0000000000000001E-030   0.0000000000000000        0.0000000000000000     
      100001   20000000.000000000        195.22732600955214        894.99998491383508        17.782794100389228        2.3300000000000001       0.84999999999999998       0.14999999999999999        3.1745507085291887E-010   1.0000000000000001E-030   1.0000000000000001E-030   0.0000000000000000        0.0000000000000000     
      100001   20000000.000000000        197.33940164498324        956.28649256435278        17.782794100389228        2.3300000000000001       0.84999999999999998       0.14999999999999999        3.1998608171394988E-010   1.0000000000000001E-030   1.0000000000000001E-030   0.0000000000000000        0.0000000000000000     
      100001   20000000.000000000        199.42877418875759        1021.7696885761092        17.782794100389228        2.3300000000000001       0.84999999999999998       0.14999999999999999        3.2266037723610563E-010   1.0000000000000001E-030   1.0000000000000001E-030   0.0000000000000000        0.0000000000000000     
      100001   20000000.000000000        201.57749266212105        1091.7369476727852        17.782794100389228        2.3300000000000001       0.84999999999999998       0.14999999999999999        3.2547883314837179E-010   1.0000000000000001E-030   1.0000000000000001E-030   0.0000000000000000        0.0000000000000000     
      100001   20000000.000000000        203.87334795489934        1166.4953230065489        17.782794100389228        2.3300000000000001       0.84999999999999998       0.14999999999999999        3.2844503887643558E-010   1.0000000000000001E-030   1.0000000000000001E-030   0.0000000000000000        0.0000000000000000     
      100001   20000000.000000000        206.32641548827775        1246.3728936688731        17.782794100389228        2.3300000000000001       0.84999999999999998       0.14999999999999999        3.3156459274128153E-010   1.0000000000000001E-030   1.0000000000000001E-030   0.0000000000000000        0.0000000000000000     
      100001   20000000.000000000        208.94746061348380        1331.7202044742357        17.782794100389228        2.3300000000000001       0.84999999999999998       0.14999999999999999        3.3484411466972108E-010   1.0000000000000001E-030   1.0000000000000001E-030   0.0000000000000000        0.0000000000000000     
      100001   20000000.000000000        211.74798585581382        1422.9118043352307        17.782794100389228        2.3300000000000001       0.84999999999999998       0.14999999999999999        3.3829132720278744E-010   1.0000000000000001E-030   1.0000000000000001E-030   0.0000000000000000        0.0000000000000000     
      100001   20000000.000000000        214.74028139376685        1520.3478899803024        17.782794100389228        2.3300000000000001       0.84999999999999998       0.14999999999999999        3.4191514985583157E-010   1.0000000000000001E-030   1.0000000000000001E-030   0.0000000000000000        0.0000000000000000     
      100001   20000000.000000000        217.93747899481548        1624.4560622275862        17.782794100389228        2.3300000000000001       0.84999999999999998       0.14999999999999999        3.4572580858547432E-010   1.0000000000000001E-030   1.0000000000000001E-030   0.0000000000000000        0.0000000000000000     
      100001   20000000.000000000        221.35360964451178        1735.6932025223125        17.782794100389228        2.3300000000000001       0.84999999999999998       0.14999999999999999        3.4973496242008791E-010   1.0000000000000001E-030   1.0000000000000001E-030   0.0000000000000000        0.0000000000000000     
      100001   20000000.000000000        224.69406534431141        1854.5474779730309        17.782794100389228        2.3300000000000001       0.84999999999999998       0.14999999999999999        3.5394999636009237E-010   1.0000000000000001E-030   1.0000000000000001E-030   0.0000000000000000        0.0000000000000000     
      100001   20000000.000000000        227.97326399503063        1981.5404836857451        17.782794100389228        2.3300000000000001       0.84999999999999998       0.14999999999999999        3.5837333113974148E-010   1.0000000000000001E-030   1.0000000000000001E-030   0.0000000000000000        0.0000000000000000     
      100001   20000000.000000000        231.47701084304870        2117.2295317977505        17.782794100389228        2.3300000000000001       0.84999999999999998       0.14999999999999999        3.6301343105412888E-010   1.0000000000000001E-030   1.0000000000000001E-030   0.0000000000000000        0.0000000000000000     
      100001   20000000.000000000        235.22068217333060        2262.2100972565513        17.782794100389228        2.3300000000000001       0.84999999999999998       0.14999999999999999        3.6788563354743476E-010   1.0000000000000001E-030   1.0000000000000001E-030   0.0000000000000000        0.0000000000000000     
      100001   20000000.000000000        239.22070718572601        2417.1184310772906        17.782794100389228        2.3300000000000001       0.84999999999999998       0.14999999999999999        3.7300721088691734E-010   1.0000000000000001E-030   1.0000000000000001E-030   0.0000000000000000        0.0000000000000000     
      100001   20000000.000000000        243.49464009494463        2582.6343525470415        17.782794100389228        2.3300000000000001       0.84999999999999998       0.14999999999999999        3.7839759200288853E-010   1.0000000000000001E-030   1.0000000000000001E-030   0.0000000000000000        0.0000000000000000     
      100001   20000000.000000000        248.06123716768707        2759.4842326295579        17.782794100389228        2.3300000000000001       0.84999999999999998       0.14999999999999999        3.8407861781442022E-010   1.0000000000000001E-030   1.0000000000000001E-030   0.0000000000000000        0.0000000000000000     
      100001   20000000.000000000        252.94053903501390        2948.4441816633207        17.782794100389228        2.3300000000000001       0.84999999999999998       0.14999999999999999        3.9007483530918611E-010   1.0000000000000001E-030   1.0000000000000001E-030   0.0000000000000000        0.0000000000000000     
      100001   20000000.000000000        257.36695154403350        3150.3434553421057        17.782794100389228        2.3300000000000001       0.84999999999999998       0.14999999999999999        3.9639432945022275E-010   1.0000000000000001E-030   1.0000000000000001E-030   0.0000000000000000        0.0000000000000000     
      100001   20000000.000000000        260.88131943505766        3366.0680939253912        17.782794100389228        2.3300000000000001       0.84999999999999998       0.14999999999999999        4.0301406083946862E-010   1.0000000000000001E-030   1.0000000000000001E-030   0.0000000000000000        0.0000000000000000     
      100001   20000000.000000000        264.63633910068569        3596.5648106492263        17.782794100389228        2.3300000000000001       0.84999999999999998       0.14999999999999999        4.0992651733632696E-010   1.0000000000000001E-030   1.0000000000000001E-030   0.0000000000000000        0.0000000000000000     
      100001   20000000.000000000        268.64848954323509        3842.8451464021477        17.782794100389228        2.3300000000000001       0.84999999999999998       0.14999999999999999        4.1715477451362082E-010   1.0000000000000001E-030   1.0000000000000001E-030   0.0000000000000000        0.0000000000000000     
      100001   20000000.000000000        272.93537819018337        4105.9899088988859        17.782794100389228        2.3300000000000001       0.84999999999999998       0.14999999999999999        4.2472458241072617E-010   1.0000000000000001E-030   1.0000000000000001E-030   0.0000000000000000        0.0000000000000000     
      100001   20000000.000000000        277.51581816482627        4387.1539158333735        17.782794100389228        2.3300000000000001       0.84999999999999998       0.14999999999999999        4.3266469295385973E-010   1.0000000000000001E-030   1.0000000000000001E-030   0.0000000000000000        0.0000000000000000     
      100001   20000000.000000000        282.40991084816238        4687.5710628265169        17.782794100389228        2.3300000000000001       0.84999999999999998       0.14999999999999999        4.4100723604463983E-010   1.0000000000000001E-030   1.0000000000000001E-030   0.0000000000000000        0.0000000000000000     
      100001   20000000.000000000        287.63913409433133        5008.5597384094654        17.782794100389228        2.3300000000000001       0.84999999999999998       0.14999999999999999        4.4978815221849249E-010   1.0000000000000001E-030   1.0000000000000001E-030   0.0000000000000000        0.0000000000000000     
      100001   20000000.000000000        293.02077350581618        5351.5286098063298        17.782794100389228        2.3300000000000001       0.84999999999999998       0.14999999999999999        4.5904113546449830E-010   1.0000000000000001E-030   1.0000000000000001E-030   0.0000000000000000        0.0000000000000000     
      100001   20000000.000000000        297.82616049825981        5717.9828049071775        17.782794100389228        2.3300000000000001       0.84999999999999998       0.14999999999999999        4.6877244480033355E-010   1.0000000000000001E-030   1.0000000000000001E-030   0.0000000000000000        0.0000000000000000     
      100001   20000000.000000000        302.96060379421175        6109.5305175612730        17.782794100389228        2.3300000000000001       0.84999999999999998       0.14999999999999999        4.7899405248021077E-010   1.0000000000000001E-030   1.0000000000000001E-030   0.0000000000000000        0.0000000000000000     
      100001   20000000.000000000        308.44663603278156        6527.8900651780859        17.782794100389228        2.3300000000000001       0.84999999999999998       0.14999999999999999        4.8975084273580734E-010   1.0000000000000001E-030   1.0000000000000001E-030   0.0000000000000000        0.0000000000000000     
      100001   20000000.000000000        314.30833281037616        6974.8974296081406        17.782794100389228        2.3300000000000001       0.84999999999999998       0.14999999999999999        5.0109304014675897E-010   1.0000000000000001E-030   1.0000000000000001E-030   0.0000000000000000        0.0000000000000000     
      100001   20000000.000000000        320.57141833708857        7452.5143143976993        17.782794100389228        2.3300000000000001       0.84999999999999998       0.14999999999999999        5.1307693799182836E-010   1.0000000000000001E-030   1.0000000000000001E-030   0.0000000000000000        0.0000000000000000     
      100001   20000000.000000000        327.26337832806786        7962.8367537761706        17.782794100389228        2.3300000000000001       0.84999999999999998       0.14999999999999999        5.2576574155341849E-010   1.0000000000000001E-030   1.0000000000000001E-030   0.0000000000000000        0.0000000000000000     
      100001   20000000.000000000        334.14071257341868        8508.1043111573108        17.782794100389228        2.3300000000000001       0.84999999999999998       0.14999999999999999        5.3921944355221497E-010   1.0000000000000001E-030   1.0000000000000001E-030   0.0000000000000000        0.0000000000000000     
      100001   20000000.000000000        340.19558912547433        9090.7099075220503        17.782794100389228        2.3300000000000001       0.84999999999999998       0.14999999999999999        5.5345028327122407E-010   1.0000000000000001E-030   1.0000000000000001E-030   0.0000000000000000        0.0000000000000000     
      100001   20000000.000000000        346.66508271036281        9713.2103228149372        17.782794100389228        2.3300000000000001       0.84999999999999998       0.14999999999999999        5.6847995760884720E-010   1.0000000000000001E-030   1.0000000000000001E-030   0.0000000000000000        0.0000000000000000     
      100001   20000000.000000000        353.57758487041139        10378.337416440057        17.782794100389228        2.3300000000000001       0.84999999999999998       0.14999999999999999        5.8438810739360325E-010   1.0000000000000001E-030   1.0000000000000001E-030   0.0000000000000000        0.0000000000000000     
      100001   20000000.000000000        360.96343130270287        11089.010116097767        17.782794100389228        2.3300000000000001       0.84999999999999998       0.14999999999999999        6.0126427058589311E-010   1.0000000000000001E-030   1.0000000000000001E-030   0.0000000000000000        0.0000000000000000     
      100001   20000000.000000000        368.85503498807589        11848.347227575290        17.782794100389228        2.3300000000000001       0.84999999999999998       0.14999999999999999        6.1920933062420806E-010   1.0000000000000001E-030   1.0000000000000001E-030   0.0000000000000000        0.0000000000000000     
      100001   20000000.000000000        377.28702843634352        12659.681121707905        17.782794100389228        2.3300000000000001       0.84999999999999998       0.14999999999999999        6.3833720675132442E-010   1.0000000000000001E-030   1.0000000000000001E-030   0.0000000000000000        0.0000000000000000     
      100001   20000000.000000000        384.24218614598732        13526.572358575739        17.782794100389228        2.3300000000000001       0.84999999999999998       0.14999999999999999        6.5866700460210106E-010   1.0000000000000001E-030   1.0000000000000001E-030   0.0000000000000000        0.0000000000000000     
      100001   20000000.000000000        391.22976284148604        14452.825313115130        17.782794100389228        2.3300000000000001       0.84999999999999998       0.14999999999999999        6.8018825502463591E-010   1.0000000000000001E-030   1.0000000000000001E-030   0.0000000000000000        0.0000000000000000     
      100001   20000000.000000000        398.69582465410838        15442.504870717708        17.782794100389228        2.3300000000000001       0.84999999999999998       0.14999999999999999        7.0299844689734920E-010   1.0000000000000001E-030   1.0000000000000001E-030   0.0000000000000000        0.0000000000000000     
      100001   20000000.000000000        406.67313659199448        16499.954266086668        17.782794100389228        2.3300000000000001       0.84999999999999998       0.14999999999999999        7.2723220355329345E-010   1.0000000000000001E-030   1.0000000000000001E-030   0.0000000000000000        0.0000000000000000     
      100001   20000000.000000000        415.19670729787310        17629.814143636391        17.782794100389228        2.3300000000000001       0.84999999999999998       0.14999999999999999        7.5304134872449167E-010   1.0000000000000001E-030   1.0000000000000001E-030   0.0000000000000000        0.0000000000000000     
      100001   20000000.000000000        424.23063668488999        18837.042923081797        17.782794100389228        2.3300000000000001       0.84999999999999998       0.14999999999999999        7.8059272819510126E-010   1.0000000000000001E-030   1.0000000000000001E-030   0.0000000000000000        0.0000000000000000     
      100001   20000000.000000000        431.80416627358443        20126.938559593676        17.782794100389228        2.3300000000000001       0.84999999999999998       0.14999999999999999        8.0993239286437386E-010   1.0000000000000001E-030   1.0000000000000001E-030   0.0000000000000000        0.0000000000000000     
      100001   20000000.000000000        439.89630500965671        21505.161794013991        17.782794100389228        2.3300000000000001       0.84999999999999998       0.14999999999999999        8.4110666018712409E-010   1.0000000000000001E-030   1.0000000000000001E-030   0.0000000000000000        0.0000000000000000     
      100001   20000000.000000000        448.54256545625043        22977.760995165198        17.782794100389228        2.3300000000000001       0.84999999999999998       0.14999999999999999        8.7431180473230050E-010   1.0000000000000001E-030   1.0000000000000001E-030   0.0000000000000000        0.0000000000000000     
      100001   20000000.000000000        457.78089195417425        24551.198703275903        17.782794100389228        2.3300000000000001       0.84999999999999998       0.14999999999999999        9.0976959627308577E-010   1.0000000000000001E-030   1.0000000000000001E-030   0.0000000000000000        0.0000000000000000     
      100001   20000000.000000000        467.65182714163603        26232.379991008023        17.782794100389228        2.3300000000000001       0.84999999999999998       0.14999999999999999        9.4773130510941130E-010   1.0000000000000001E-030   1.0000000000000001E-030   0.0000000000000000        0.0000000000000000     
      100001   20000000.000000000        476.68135778072724        28028.682766549395        17.782794100389228        2.3300000000000001       0.84999999999999998       0.14999999999999999        9.8835177598392012E-010   1.0000000000000001E-030   1.0000000000000001E-030   0.0000000000000000        0.0000000000000000     
      100001   20000000.000000000        485.94481812740241        29947.990151757294        17.782794100389228        2.3300000000000001       0.84999999999999998       0.14999999999999999        1.0317613387100903E-009   1.0000000000000001E-030   1.0000000000000001E-030   0.0000000000000000        0.0000000000000000     
      100001   20000000.000000000        495.84260824276600        31998.725077445575        17.782794100389228        2.3300000000000001       0.84999999999999998       0.14999999999999999        1.0782368697952237E-009   1.0000000000000001E-030   1.0000000000000001E-030   0.0000000000000000        0.0000000000000000     
      100001   20000000.000000000        506.41816483841262        34189.887247637613        17.782794100389228        2.3300000000000001       0.84999999999999998       0.14999999999999999        1.1281278404369710E-009   1.0000000000000001E-030   1.0000000000000001E-030   0.0000000000000000        0.0000000000000000     
      100001   20000000.000000000        517.71789902191733        36531.092635003573        17.782794100389228        2.3300000000000001       0.84999999999999998       0.14999999999999999        1.1818321610671523E-009   1.0000000000000001E-030   1.0000000000000001E-030   0.0000000000000000        0.0000000000000000     
      100001   20000000.000000000        527.94671885470268        39032.615680808398        17.782794100389228        2.3300000000000001       0.84999999999999998       0.14999999999999999        1.2396002332836230E-009   1.0000000000000001E-030   1.0000000000000001E-030   0.0000000000000000        0.0000000000000000     
      100001   20000000.000000000        537.43870736102122        41705.434384567139        17.782794100389228        2.3300000000000001       0.84999999999999998       0.14999999999999999        1.3015317549879414E-009   1.0000000000000001E-030   1.0000000000000001E-030   0.0000000000000000        0.0000000000000000     
      100001   20000000.000000000        547.58067445506833        44561.278481284084        17.782794100389228        2.3300000000000001       0.84999999999999998       0.14999999999999999        1.3679301238848814E-009   1.0000000000000001E-030   1.0000000000000001E-030   0.0000000000000000        0.0000000000000000     
      100001   20000000.000000000        558.41712842551533        47612.680917702033        17.782794100389228        2.3300000000000001       0.84999999999999998       0.14999999999999999        1.4393083415404077E-009   1.0000000000000001E-030   1.0000000000000001E-030   0.0000000000000000        0.0000000000000000     
      100001   20000000.000000000        569.99562533491087        50873.032853468132        17.782794100389228        2.3300000000000001       0.84999999999999998       0.14999999999999999        1.5162503428875447E-009   1.0000000000000001E-030   1.0000000000000001E-030   0.0000000000000000        0.0000000000000000     
      100001   20000000.000000000        580.20116124132130        54356.642428589374        17.782794100389228        2.3300000000000001       0.84999999999999998       0.14999999999999999        1.5991105581287840E-009   1.0000000000000001E-030   1.0000000000000001E-030   0.0000000000000000        0.0000000000000000     
      100001   20000000.000000000        591.08581703525567        58078.797555080193        17.782794100389228        2.3300000000000001       0.84999999999999998       0.14999999999999999        1.6882584422260754E-009   1.0000000000000001E-030   1.0000000000000001E-030   0.0000000000000000        0.0000000000000000     
      100001   20000000.000000000        602.71581646252218        62055.833008365633        17.782794100389228        2.3300000000000001       0.84999999999999998       0.14999999999999999        1.7844286531061358E-009   1.0000000000000001E-030   1.0000000000000001E-030   0.0000000000000000        0.0000000000000000     
      100001   20000000.000000000        615.14219808072630        66305.202112871862        17.782794100389228        2.3300000000000001       0.84999999999999998       0.14999999999999999        1.8884625890595230E-009   1.0000000000000001E-030   1.0000000000000001E-030   0.0000000000000000        0.0000000000000000     
      100001   20000000.000000000        627.98778754940099        70845.553336398167        17.782794100389228        2.3300000000000001       0.84999999999999998       0.14999999999999999        2.0012451922987347E-009   1.0000000000000001E-030   1.0000000000000001E-030   0.0000000000000000        0.0000000000000000     
      100001   20000000.000000000        640.17304615338196        75696.812129407321        17.782794100389228        2.3300000000000001       0.84999999999999998       0.14999999999999999        2.1234862636779887E-009   1.0000000000000001E-030   1.0000000000000001E-030   0.0000000000000000        0.0000000000000000     
      100001   20000000.000000000        653.19270917886513        80880.268368387478        17.782794100389228        2.3300000000000001       0.84999999999999998       0.14999999999999999        2.2560454513100503E-009   1.0000000000000001E-030   1.0000000000000001E-030   0.0000000000000000        0.0000000000000000     
      100001   20000000.000000000        667.10391375861445        86418.669787033607        17.782794100389228        2.3300000000000001       0.84999999999999998       0.14999999999999999        2.4002083676261181E-009   1.0000000000000001E-030   1.0000000000000001E-030   0.0000000000000000        0.0000000000000000     
      100001   20000000.000000000        681.09819185737001        92336.321805274070        17.782794100389228        2.3300000000000001       0.84999999999999998       0.14999999999999999        2.5572512892245188E-009   1.0000000000000001E-030   1.0000000000000001E-030   0.0000000000000000        0.0000000000000000     
      100001   20000000.000000000        693.93792172620726        98659.194194243333        17.782794100389228        2.3300000000000001       0.84999999999999998       0.14999999999999999        2.7280951193504013E-009   1.0000000000000001E-030   1.0000000000000001E-030   0.0000000000000000        0.0000000000000000     
      100001   20000000.000000000        707.65687194823022        105415.03504530383        17.782794100389228        2.3300000000000001       0.84999999999999998       0.14999999999999999        2.9139386488901581E-009   1.0000000000000001E-030   1.0000000000000001E-030   0.0000000000000000        0.0000000000000000     
      100001   20000000.000000000        722.31524849641164        112633.49254327317        17.782794100389228        2.3300000000000001       0.84999999999999998       0.14999999999999999        3.1166874961005200E-009   1.0000000000000001E-030   1.0000000000000001E-030   0.0000000000000000        0.0000000000000000     
      100001   20000000.000000000        736.75964036947335        120346.24507826081        17.782794100389228        2.3300000000000001       0.84999999999999998       0.14999999999999999        3.3381672587536432E-009   1.0000000000000001E-030   1.0000000000000001E-030   0.0000000000000000        0.0000000000000000     
      100001   20000000.000000000        750.74733023380793        128587.14026711365        17.782794100389228        2.3300000000000001       0.84999999999999998       0.14999999999999999        3.5799654440077227E-009   1.0000000000000001E-030   1.0000000000000001E-030   0.0000000000000000        0.0000000000000000     
      100001   20000000.000000000        765.69284878678388        137392.34349457239        17.782794100389228        2.3300000000000001       0.84999999999999998       0.14999999999999999        3.8442201251304106E-009   1.0000000000000001E-030   1.0000000000000001E-030   0.0000000000000000        0.0000000000000000     
      100001   20000000.000000000        781.64803023059608        146800.49662600874        17.782794100389228        2.3300000000000001       0.84999999999999998       0.14999999999999999        4.1338627330073826E-009   1.0000000000000001E-030   1.0000000000000001E-030   0.0000000000000000        0.0000000000000000     
      100001   20000000.000000000        796.32304139110613        156852.88758826756        17.782794100389228        2.3300000000000001       0.84999999999999998       0.14999999999999999        4.4513260387030117E-009   1.0000000000000001E-030   1.0000000000000001E-030   0.0000000000000000        0.0000000000000000     
      100001   20000000.000000000        812.00294662862200        167593.63156281604        17.782794100389228        2.3300000000000001       0.84999999999999998       0.14999999999999999        4.7992919581051880E-009   1.0000000000000001E-030   1.0000000000000001E-030   0.0000000000000000        0.0000000000000000     
      100001   20000000.000000000        828.75655761864755        179069.86458637434        17.782794100389228        2.3300000000000001       0.84999999999999998       0.14999999999999999        5.1818147830536536E-009   1.0000000000000001E-030   1.0000000000000001E-030   0.0000000000000000        0.0000000000000000     
      100001   20000000.000000000        845.37428904427952        191331.95040865094        17.782794100389228        2.3300000000000001       0.84999999999999998       0.14999999999999999        5.6029432673269174E-009   1.0000000000000001E-030   1.0000000000000001E-030   0.0000000000000000        0.0000000000000000     
      100001   20000000.000000000        861.52476398090653        204433.70151497904        17.782794100389228        2.3300000000000001       0.84999999999999998       0.14999999999999999        6.0664041912480240E-009   1.0000000000000001E-030   1.0000000000000001E-030   0.0000000000000000        0.0000000000000000     
      100001   20000000.000000000        878.78116765769744        218432.61528381836        17.782794100389228        2.3300000000000001       0.84999999999999998       0.14999999999999999        6.5770288377393784E-009   1.0000000000000001E-030   1.0000000000000001E-030   0.0000000000000000        0.0000000000000000     
      100001   20000000.000000000        896.44740393542088        233390.12631551205        17.782794100389228        2.3300000000000001       0.84999999999999998       0.14999999999999999        7.1407985389245665E-009   1.0000000000000001E-030   1.0000000000000001E-030   0.0000000000000000        0.0000000000000000     
      100001   20000000.000000000        913.19462878831575        249371.87603963993        17.782794100389228        2.3300000000000001       0.84999999999999998       0.14999999999999999        7.7631155306994851E-009   1.0000000000000001E-030   1.0000000000000001E-030   0.0000000000000000        0.0000000000000000     
      100001   20000000.000000000        931.08864575447615        266448.00078415504        17.782794100389228        2.3300000000000001       0.84999999999999998       0.14999999999999999        8.4505017920835348E-009   1.0000000000000001E-030   1.0000000000000001E-030   0.0000000000000000        0.0000000000000000     
      100001   20000000.000000000        949.95849426306074        284693.43957049790        17.782794100389228        2.3300000000000001       0.84999999999999998       0.14999999999999999        9.2117813194952572E-009   1.0000000000000001E-030   1.0000000000000001E-030   0.0000000000000000        0.0000000000000000     
      100001   20000000.000000000        967.58964035203053        304188.26298546063        17.782794100389228        2.3300000000000001       0.84999999999999998       0.14999999999999999        1.0054952823492108E-008   1.0000000000000001E-030   1.0000000000000001E-030   0.0000000000000000        0.0000000000000000     
      100001   20000000.000000000        986.42810642746099        325018.02457305486        17.782794100389228        2.3300000000000001       0.84999999999999998       0.14999999999999999        1.0989138139019499E-008   1.0000000000000001E-030   1.0000000000000001E-030   0.0000000000000000        0.0000000000000000     
      100001   20000000.000000000        1006.0535742622857        347274.13628848782        17.782794100389228        2.3300000000000001       0.84999999999999998       0.14999999999999999        1.2026625723178205E-008   1.0000000000000001E-030   1.0000000000000001E-030   0.0000000000000000        0.0000000000000000     
      100001   20000000.000000000        1024.8429983960136        371054.26966192044        17.782794100389228        2.3300000000000001       0.84999999999999998       0.14999999999999999        1.3179150161161635E-008   1.0000000000000001E-030   1.0000000000000001E-030   0.0000000000000000        0.0000000000000000     
      100001   20000000.000000000        1044.9190573960329        396462.78443254548        17.782794100389228        2.3300000000000001       0.84999999999999998       0.14999999999999999        1.4460448545417932E-008   1.0000000000000001E-030   1.0000000000000001E-030   0.0000000000000000        0.0000000000000000     
      100001   20000000.000000000        1065.5399960070281        423611.18653403845        17.782794100389228        2.3300000000000001       0.84999999999999998       0.14999999999999999        1.5887842255545554E-008   1.0000000000000001E-030   1.0000000000000001E-030   0.0000000000000000        0.0000000000000000     
      100001   20000000.000000000        1085.4959926300721        452618.61744127190        17.782794100389228        2.3300000000000001       0.84999999999999998       0.14999999999999999        1.7478241542113947E-008   1.0000000000000001E-030   1.0000000000000001E-030   0.0000000000000000        0.0000000000000000     
      100001   20000000.000000000        1106.8185069741523        483612.37702580576        17.782794100389228        2.3300000000000001       0.84999999999999998       0.14999999999999999        1.9251891926364294E-008   1.0000000000000001E-030   1.0000000000000001E-030   0.0000000000000000        0.0000000000000000     
      100001   20000000.000000000        1127.9162281987965        516728.48221471300        17.782794100389228        2.3300000000000001       0.84999999999999998       0.14999999999999999        2.1232441129112464E-008   1.0000000000000001E-030   1.0000000000000001E-030   0.0000000000000000        0.0000000000000000     
      100001   20000000.000000000        1149.9266139863935        552112.26390443172        17.782794100389228        2.3300000000000001       0.84999999999999998       0.14999999999999999        2.3445854320530965E-008   1.0000000000000001E-030   1.0000000000000001E-030   0.0000000000000000        0.0000000000000000     
      100001   20000000.000000000        1172.8076163697435        589919.00474921719        17.782794100389228        2.3300000000000001       0.84999999999999998       0.14999999999999999        2.5923811858955668E-008   1.0000000000000001E-030   1.0000000000000001E-030   0.0000000000000000        0.0000000000000000     
      100001   20000000.000000000        1193.3938728188575        630314.62062314397        17.782794100389228        2.3300000000000001       0.84999999999999998       0.14999999999999999        2.8695012512280898E-008   1.0000000000000001E-030   1.0000000000000001E-030   0.0000000000000000        0.0000000000000000     
      100001   20000000.000000000        1215.3898050049879        673476.38874626975        17.782794100389228        2.3300000000000001       0.84999999999999998       0.14999999999999999        3.1792436576234579E-008   1.0000000000000001E-030   1.0000000000000001E-030   0.0000000000000000        0.0000000000000000     
      100001   20000000.000000000        1236.7186909787442        719593.72567037737        17.782794100389228        2.3300000000000001       0.84999999999999998       0.14999999999999999        3.5257174143143597E-008   1.0000000000000001E-030   1.0000000000000001E-030   0.0000000000000000        0.0000000000000000     
      100001   20000000.000000000        1258.6022336030810        768869.01853846293        17.782794100389228        2.3300000000000001       0.84999999999999998       0.14999999999999999        3.9132876563295727E-008   1.0000000000000001E-030   1.0000000000000001E-030   0.0000000000000000        0.0000000000000000     
      100001   20000000.000000000        1281.9842856409080        821518.51326604141        17.782794100389228        2.3300000000000001       0.84999999999999998       0.14999999999999999        4.3475633634800243E-008   1.0000000000000001E-030   1.0000000000000001E-030   0.0000000000000000        0.0000000000000000     
      100001   20000000.000000000        1308.1065402115605        877773.26354200731        17.782794100389228        2.3300000000000001       0.84999999999999998       0.14999999999999999        4.8357647274969803E-008   1.0000000000000001E-030   1.0000000000000001E-030   0.0000000000000000        0.0000000000000000     
      100001   20000000.000000000        1336.0191490103582        937880.14481381606        17.782794100389228        2.3300000000000001       0.84999999999999998       0.14999999999999999        5.3864027218490637E-008   1.0000000000000001E-030   1.0000000000000001E-030   0.0000000000000000        0.0000000000000000     
      100001   20000000.000000000        1360.0917324365746        1002102.9377068613        17.782794100389228        2.3300000000000001       0.84999999999999998       0.14999999999999999        6.0063742245973992E-008   1.0000000000000001E-030   1.0000000000000001E-030   0.0000000000000000        0.0000000000000000     
      100001   20000000.000000000        1385.4232330865568        1070723.4856326680        17.782794100389228        2.3300000000000001       0.84999999999999998       0.14999999999999999        6.7029727326821668E-008   1.0000000000000001E-030   1.0000000000000001E-030   0.0000000000000000        0.0000000000000000     
      100001   20000000.000000000        1410.6475919366326        1144042.9316661030        17.782794100389228        2.3300000000000001       0.84999999999999998       0.14999999999999999        7.4861901379248306E-008   1.0000000000000001E-030   1.0000000000000001E-030   0.0000000000000000        0.0000000000000000     
      100001   20000000.000000000        1436.7507663494516        1222383.0401196575        17.782794100389228        2.3300000000000001       0.84999999999999998       0.14999999999999999        8.3670660110254301E-008   1.0000000000000001E-030   1.0000000000000001E-030   0.0000000000000000        0.0000000000000000     
      100001   20000000.000000000        1463.6907547239350        1306087.6086145618        17.782794100389228        2.3300000000000001       0.84999999999999998       0.14999999999999999        9.3586456407946421E-008   1.0000000000000001E-030   1.0000000000000001E-030   0.0000000000000000        0.0000000000000000     
      100001   20000000.000000000        1491.2478022058490        1395523.9768456838        17.782794100389228        2.3300000000000001       0.84999999999999998       0.14999999999999999        1.0475497975006458E-007   1.0000000000000001E-030   1.0000000000000001E-030   0.0000000000000000        0.0000000000000000     
      100001   20000000.000000000        1500.8872896207452        1491084.6386614118        17.782794100389228        2.3300000000000001       0.84999999999999998       0.14999999999999999        1.1718433337290202E-007   1.0000000000000001E-030   1.0000000000000001E-030   0.0000000000000000        0.0000000000000000     
      100001   20000000.000000000        1500.8872896207452        1593188.9645332014        17.782794100389228        2.3300000000000001       0.84999999999999998       0.14999999999999999        1.3076205992921658E-007   1.0000000000000001E-030   1.0000000000000001E-030   0.0000000000000000        0.0000000000000000     
      100001   20000000.000000000        1500.8872896207452        1702285.0419739014        17.782794100389228        2.3300000000000001       0.84999999999999998       0.14999999999999999        1.4549349925427267E-007   1.0000000000000001E-030   1.0000000000000001E-030   0.0000000000000000        0.0000000000000000     
      100001   20000000.000000000        1500.8872896207452        1818851.6419815437        17.782794100389228        2.3300000000000001       0.84999999999999998       0.14999999999999999        1.6146465882873738E-007   1.0000000000000001E-030   1.0000000000000001E-030   0.0000000000000000        0.0000000000000000     
      100001   20000000.000000000        1500.8872896207452        1943400.3201384344        17.782794100389228        2.3300000000000001       0.84999999999999998       0.14999999999999999        1.7876181242892240E-007   1.0000000000000001E-030   1.0000000000000001E-030   0.0000000000000000        0.0000000000000000     
      100001   20000000.000000000        1500.8872896207452        2076477.6615862641        17.782794100389228        2.3300000000000001       0.84999999999999998       0.14999999999999999        1.9747124868543114E-007   1.0000000000000001E-030   1.0000000000000001E-030   0.0000000000000000        0.0000000000000000     
      100001   20000000.000000000        1500.8872896207452        2218667.6797293252        17.782794100389228        2.3300000000000001       0.84999999999999998       0.14999999999999999        2.1767895734880910E-007   1.0000000000000001E-030   1.0000000000000001E-030   0.0000000000000000        0.0000000000000000     
      100001   20000000.000000000        1500.8872896207452        2370594.3791926494        17.782794100389228        2.3300000000000001       0.84999999999999998       0.14999999999999999        2.3947025556663385E-007   1.0000000000000001E-030   1.0000000000000001E-030   0.0000000000000000        0.0000000000000000     
      100001   20000000.000000000        1500.8872896207452        2532924.4942827099        17.782794100389228        2.3300000000000001       0.84999999999999998       0.14999999999999999        2.6292935700328726E-007   1.0000000000000001E-030   1.0000000000000001E-030   0.0000000000000000        0.0000000000000000     
      100001   20000000.000000000        1500.8872896207452        2706370.4149683779        17.782794100389228        2.3300000000000001       0.84999999999999998       0.14999999999999999        2.8813888719677303E-007   1.0000000000000001E-030   1.0000000000000001E-030   0.0000000000000000        0.0000000000000000     
      100001   20000000.000000000        1500.8872896207452        2891693.3132230304        17.782794100389228        2.3300000000000001       0.84999999999999998       0.14999999999999999        3.1517934913995675E-007   1.0000000000000001E-030   1.0000000000000001E-030   0.0000000000000000        0.0000000000000000     
      100001   20000000.000000000        1500.8872896207452        3089706.4834476747        17.782794100389228        2.3300000000000001       0.84999999999999998       0.14999999999999999        3.4412854368841259E-007   1.0000000000000001E-030   1.0000000000000001E-030   0.0000000000000000        0.0000000000000000     
      100001   20000000.000000000        1500.8872896207452        3301278.9116347991        17.782794100389228        2.3300000000000001       0.84999999999999998       0.14999999999999999        3.7506095002422946E-007   1.0000000000000001E-030   1.0000000000000001E-030   0.0000000000000000        0.0000000000000000     
      100001   20000000.000000000        1500.8872896207452        3527339.0889362358        17.782794100389228        2.3300000000000001       0.84999999999999998       0.14999999999999999        4.0804707203386408E-007   1.0000000000000001E-030   1.0000000000000001E-030   0.0000000000000000        0.0000000000000000     
      100001   20000000.000000000        1500.8872896207452        3768879.0863708486        17.782794100389228        2.3300000000000001       0.84999999999999998       0.14999999999999999        4.4315275707663953E-007   1.0000000000000001E-030   1.0000000000000001E-030   0.0000000000000000        0.0000000000000000     
      100001   20000000.000000000        1500.8872896207452        4026958.9085542890        17.782794100389228        2.3300000000000001       0.84999999999999998       0.14999999999999999        4.8043849421597272E-007   1.0000000000000001E-030   1.0000000000000001E-030   0.0000000000000000        0.0000000000000000     
      100001   20000000.000000000        1500.8872896207452        4302711.1455570441        17.782794100389228        2.3300000000000001       0.84999999999999998       0.14999999999999999        5.1995869954453620E-007   1.0000000000000001E-030   1.0000000000000001E-030   0.0000000000000000        0.0000000000000000     
      100001   20000000.000000000        1500.8872896207452        4597345.9433057206        17.782794100389228        2.3300000000000001       0.84999999999999998       0.14999999999999999        5.6176099674363408E-007   1.0000000000000001E-030   1.0000000000000001E-030   0.0000000000000000        0.0000000000000000     
      100001   20000000.000000000        1500.8872896207452        4912156.3143400969        17.782794100389228        2.3300000000000001       0.84999999999999998       0.14999999999999999        6.0588550146222622E-007   1.0000000000000001E-030   1.0000000000000001E-030   0.0000000000000000        0.0000000000000000     
      100001   20000000.000000000        1500.8872896207452        5248523.8122326536        17.782794100389228        2.3300000000000001       0.84999999999999998       0.14999999999999999        6.5236411846888606E-007   1.0000000000000001E-030   1.0000000000000001E-030   0.0000000000000000        0.0000000000000000     
      100001   20000000.000000000        1500.8872896207452        5607924.5945726540        17.782794100389228        2.3300000000000001       0.84999999999999998       0.14999999999999999        7.0121986080733262E-007   1.0000000000000001E-030   1.0000000000000001E-030   0.0000000000000000        0.0000000000000000     
      100001   20000000.000000000        1500.8872896207452        5991935.9011224471        17.782794100389228        2.3300000000000001       0.84999999999999998       0.14999999999999999        7.5246620036123498E-007   1.0000000000000001E-030   1.0000000000000001E-030   0.0000000000000000        0.0000000000000000     
      100001   20000000.000000000        1500.8872896207452        6402242.9755755151        17.782794100389228        2.3300000000000001       0.84999999999999998       0.14999999999999999        8.0610645929575937E-007   1.0000000000000001E-030   1.0000000000000001E-030   0.0000000000000000        0.0000000000000000     
      100001   20000000.000000000        1500.8872896207452        6840646.4612927362        17.782794100389228        2.3300000000000001       0.84999999999999998       0.14999999999999999        8.6213325178250491E-007   1.0000000000000001E-030   1.0000000000000001E-030   0.0000000000000000        0.0000000000000000     
      100001   20000000.000000000        1500.8872896207452        7309070.3034728654        17.782794100389228        2.3300000000000001       0.84999999999999998       0.14999999999999999        9.2052798522373676E-007   1.0000000000000001E-030   1.0000000000000001E-030   0.0000000000000000        0.0000000000000000     
      100001   20000000.000000000        1500.8872896207452        7809570.1924366634        17.782794100389228        2.3300000000000001       0.84999999999999998       0.14999999999999999        9.8126042986557721E-007   1.0000000000000001E-030   1.0000000000000001E-030   0.0000000000000000        0.0000000000000000     
      100001   20000000.000000000        1500.8872896207452        8344342.5850776630        17.782794100389228        2.3300000000000001       0.84999999999999998       0.14999999999999999        1.0442883652253370E-006   1.0000000000000001E-030   1.0000000000000001E-030   0.0000000000000000        0.0000000000000000     
      100001   20000000.000000000        1500.8872896207452        8915734.3440709636        17.782794100389228        2.3300000000000001       0.84999999999999998       0.14999999999999999        1.1095573111545267E-006   1.0000000000000001E-030   1.0000000000000001E-030   0.0000000000000000        0.0000000000000000     
      100001   20000000.000000000        1500.8872896207452        9526253.0371416695        17.782794100389228        2.3300000000000001       0.84999999999999998       0.14999999999999999        1.1770003506188845E-006   1.0000000000000001E-030   1.0000000000000001E-030   0.0000000000000000        0.0000000000000000     
      100001   20000000.000000000        1500.8872896207452        10178577.941591540        17.782794100389228        2.3300000000000001       0.84999999999999998       0.14999999999999999        1.2465380504044589E-006   1.0000000000000001E-030   1.0000000000000001E-030   0.0000000000000000        0.0000000000000000     
      100001   20000000.000000000        1500.8872896207452        10875571.802377807        17.782794100389228        2.3300000000000001       0.84999999999999998       0.14999999999999999        1.3180784849623895E-006   1.0000000000000001E-030   1.0000000000000001E-030   0.0000000000000000        0.0000000000000000     
      100001   20000000.000000000        1500.8872896207452        11620293.395344472        17.782794100389228        2.3300000000000001       0.84999999999999998       0.14999999999999999        1.3915173674946301E-006   1.0000000000000001E-030   1.0000000000000001E-030   0.0000000000000000        0.0000000000000000     
      100001   20000000.000000000        1500.8872896207452        12416010.950740417        17.782794100389228        2.3300000000000001       0.84999999999999998       0.14999999999999999        1.4667382911717399E-006   1.0000000000000001E-030   1.0000000000000001E-030   0.0000000000000000        0.0000000000000000     
      100001   20000000.000000000        1500.8872896207452        13266216.495933490        17.782794100389228        2.3300000000000001       0.84999999999999998       0.14999999999999999        1.5436130820774831E-006   1.0000000000000001E-030   1.0000000000000001E-030   0.0000000000000000        0.0000000000000000     
      100001   20000000.000000000        1500.8872896207452        14174641.180264303        17.782794100389228        2.3300000000000001       0.84999999999999998       0.14999999999999999        1.6220022641109000E-006   1.0000000000000001E-030   1.0000000000000001E-030   0.0000000000000000        0.0000000000000000     
      100001   20000000.000000000        1500.8872896207452        15145271.649293032        17.782794100389228        2.3300000000000001       0.84999999999999998       0.14999999999999999        1.7017556346646620E-006   1.0000000000000001E-030   1.0000000000000001E-030   0.0000000000000000        0.0000000000000000     
      100001   20000000.000000000        1500.8872896207452        16182367.540297927        17.782794100389228        2.3300000000000001       0.84999999999999998       0.14999999999999999        1.7827129484602305E-006   1.0000000000000001E-030   1.0000000000000001E-030   0.0000000000000000        0.0000000000000000     
      100001   20000000.000000000        1500.8872896207452        17290480.175805334        17.782794100389228        2.3300000000000001       0.84999999999999998       0.14999999999999999        1.8647047054780823E-006   1.0000000000000001E-030   1.0000000000000001E-030   0.0000000000000000        0.0000000000000000     
      100001   20000000.000000000        1500.8872896207452        18474472.537188053        17.782794100389228        2.3300000000000001       0.84999999999999998       0.14999999999999999        1.9475530374984141E-006   1.0000000000000001E-030   1.0000000000000001E-030   0.0000000000000000        0.0000000000000000     
      100001   20000000.000000000        1500.8872896207452        19739540.605986539        17.782794100389228        2.3300000000000001       0.84999999999999998       0.14999999999999999        2.0310726863881987E-006   1.0000000000000001E-030   1.0000000000000001E-030   0.0000000000000000        0.0000000000000000     
      100001   20000000.000000000        1500.8872896207452        21091236.166610446        17.782794100389228        2.3300000000000001       0.84999999999999998       0.14999999999999999        2.1150720659575137E-006   1.0000000000000001E-030   1.0000000000000001E-030   0.0000000000000000        0.0000000000000000     
      100001   20000000.000000000        1500.8872896207452        22535491.170489915        17.782794100389228        2.3300000000000001       0.84999999999999998       0.14999999999999999        2.1993543979850986E-006   1.0000000000000001E-030   1.0000000000000001E-030   0.0000000000000000        0.0000000000000000     
      100001   20000000.000000000        1500.8872896207452        24078643.768600170        17.782794100389228        2.3300000000000001       0.84999999999999998       0.14999999999999999        2.2837189119015064E-006   1.0000000000000001E-030   1.0000000000000001E-030   0.0000000000000000        0.0000000000000000     
      100001   20000000.000000000        1500.8872896207452        25727466.126603328        17.782794100389228        2.3300000000000001       0.84999999999999998       0.14999999999999999        2.3679620966384199E-006   1.0000000000000001E-030   1.0000000000000001E-030   0.0000000000000000        0.0000000000000000     
      100001   20000000.000000000        1500.8872896207452        27489194.144675098        17.782794100389228        2.3300000000000001       0.84999999999999998       0.14999999999999999        2.4518789923235770E-006   1.0000000000000001E-030   1.0000000000000001E-030   0.0000000000000000        0.0000000000000000     
      100001   20000000.000000000        1500.8872896207452        29371559.212442487        17.782794100389228        2.3300000000000001       0.84999999999999998       0.14999999999999999        2.5352645088363774E-006   1.0000000000000001E-030   1.0000000000000001E-030   0.0000000000000000        0.0000000000000000     
      100001   20000000.000000000        1500.8872896207452        31382822.138390247        17.782794100389228        2.3300000000000001       0.84999999999999998       0.14999999999999999        2.6179147577552379E-006   1.0000000000000001E-030   1.0000000000000001E-030   0.0000000000000000        0.0000000000000000     
      100001   20000000.000000000        1500.8872896207452        33531809.402635243        17.782794100389228        2.3300000000000001       0.84999999999999998       0.14999999999999999        2.6996283839310901E-006   1.0000000000000001E-030   1.0000000000000001E-030   0.0000000000000000        0.0000000000000000     
      100001   20000000.000000000        1500.8872896207452        35827951.892166302        17.782794100389228        2.3300000000000001       0.84999999999999998       0.14999999999999999        2.7802078828211888E-006   1.0000000000000001E-030   1.0000000000000001E-030   0.0000000000000000        0.0000000000000000     
      100001   20000000.000000000        1500.8872896207452        38281326.288539067        17.782794100389228        2.3300000000000001       0.84999999999999998       0.14999999999999999        2.8594608898148904E-006   1.0000000000000001E-030   1.0000000000000001E-030   0.0000000000000000        0.0000000000000000     
      100001   20000000.000000000        1500.8872896207452        40902699.289657407        17.782794100389228        2.3300000000000001       0.84999999999999998       0.14999999999999999        2.9372014280786196E-006   1.0000000000000001E-030   1.0000000000000001E-030   0.0000000000000000        0.0000000000000000     
      100001   20000000.000000000        1500.8872896207452        43703574.859709941        17.782794100389228        2.3300000000000001       0.84999999999999998       0.14999999999999999        3.0132511019363034E-006   1.0000000000000001E-030   1.0000000000000001E-030   0.0000000000000000        0.0000000000000000     
      100001   20000000.000000000        1500.8872896207452        46696244.714617670        17.782794100389228        2.3300000000000001       0.84999999999999998       0.14999999999999999        3.0874402234770292E-006   1.0000000000000001E-030   1.0000000000000001E-030   0.0000000000000000        0.0000000000000000     
      100001   20000000.000000000        1500.8872896207452        49893842.264553241        17.782794100389228        2.3300000000000001       0.84999999999999998       0.14999999999999999        3.1596088609311261E-006   1.0000000000000001E-030   1.0000000000000001E-030   0.0000000000000000        0.0000000000000000     
      100001   20000000.000000000        1500.8872896207452        53310400.250255078        17.782794100389228        2.3300000000000001       0.84999999999999998       0.14999999999999999        3.2296077983671444E-006   1.0000000000000001E-030   1.0000000000000001E-030   0.0000000000000000        0.0000000000000000     
      100001   20000000.000000000        1500.8872896207452        56960912.326078162        17.782794100389228        2.3300000000000001       0.84999999999999998       0.14999999999999999        3.2972993974160270E-006   1.0000000000000001E-030   1.0000000000000001E-030   0.0000000000000000        0.0000000000000000     
      100001   20000000.000000000        1500.8872896207452        60861398.860040203        17.782794100389228        2.3300000000000001       0.84999999999999998       0.14999999999999999        3.3625583530071306E-006   1.0000000000000001E-030   1.0000000000000001E-030   0.0000000000000000        0.0000000000000000     
      100001   20000000.000000000        1500.8872896207452        65028977.239626475        17.782794100389228        2.3300000000000001       0.84999999999999998       0.14999999999999999        3.4252723364809636E-006   1.0000000000000001E-030   1.0000000000000001E-030   0.0000000000000000        0.0000000000000000     
      100001   20000000.000000000        1500.8872896207452        69481936.991894513        17.782794100389228        2.3300000000000001       0.84999999999999998       0.14999999999999999        3.4853425209030726E-006   1.0000000000000001E-030   1.0000000000000001E-030   0.0000000000000000        0.0000000000000000     
      100001   20000000.000000000        1500.8872896207452        74239820.047542199        17.782794100389228        2.3300000000000001       0.84999999999999998       0.14999999999999999        3.5426839849167496E-006   1.0000000000000001E-030   1.0000000000000001E-030   0.0000000000000000        0.0000000000000000     
      100001   20000000.000000000        1500.8872896207452        79323506.501184613        17.782794100389228        2.3300000000000001       0.84999999999999998       0.14999999999999999        3.5972259930153633E-006   1.0000000000000001E-030   1.0000000000000001E-030   0.0000000000000000        0.0000000000000000     
      100001   20000000.000000000        1500.8872896207452        84755306.244196787        17.782794100389228        2.3300000000000001       0.84999999999999998       0.14999999999999999        3.6489121516617699E-006   1.0000000000000001E-030   1.0000000000000001E-030   0.0000000000000000        0.0000000000000000     
      100001   20000000.000000000        1500.8872896207452        90559056.872256130        17.782794100389228        2.3300000000000001       0.84999999999999998       0.14999999999999999        3.6977004422077699E-006   1.0000000000000001E-030   1.0000000000000001E-030   0.0000000000000000        0.0000000000000000     
      100001   20000000.000000000        1500.8872896207452        96760228.297258601        17.782794100389228        2.3300000000000001       0.84999999999999998       0.14999999999999999        3.7435631330472103E-006   1.0000000000000001E-030   1.0000000000000001E-030   0.0000000000000000        0.0000000000000000     
