      100001   100000000.00000000        173.33950672748799        309.17697968322204        17.782794100389228        2.3300000000000001       0.84999999999999998       0.14999999999999999        2.3229642204166871E-022   1.7482033702704421E-021   2.7034264227171734E-007   9.1882643243578225E-011   23.216326090387579        23.217083122444762        23.218855547992799     
      100001   100000000.00000000        174.15666541855501        328.28332005193289        17.782794100389228        2.3300000000000001       0.84999999999999998       0.14999999999999999        2.3261329110936411E-022   1.8971040365558630E-021   2.9336850054770553E-007   9.9708402202402015E-011   21.902047672586949        21.902761579118188        21.904513992432488     
      100001   100000000.00000000        175.02432241031306        348.57038300438649        17.782794100389228        2.3300000000000001       0.84999999999999998       0.14999999999999999        2.3326360259607430E-022   1.9556873296161213E-021   3.0242875774780630E-007   1.0278646743602153E-010   20.664631582876993        20.665304960964846        20.667037596780581     
      100001   100000000.00000000        175.94559836757361        370.11113415266811        17.782794100389228        2.3300000000000001       0.84999999999999998       0.14999999999999999        2.3426851568371030E-022   2.0389113992647853E-021   3.1529779709400745E-007   1.0715837558184558E-010   19.499691148759382        19.500326454808913        19.502039004807365     
      100001   100000000.00000000        176.92380680418938        392.98304819560747        17.782794100389228        2.3300000000000001       0.84999999999999998       0.14999999999999999        2.3567077829567640E-022   2.1235762407773087E-021   3.2838995514954037E-007   1.1160530850552484E-010   18.403104229825864        18.403703788086194        18.405395390660196     
      100001   100000000.00000000        177.96246600062784        417.26838756871348        17.782794100389228        2.3300000000000001       0.84999999999999998       0.14999999999999999        2.3750715940594515E-022   2.2062875294100851E-021   3.4117946388978323E-007   1.1594854339779399E-010   17.370989078625950        17.371555088826611        17.373224314667528     
      100001   100000000.00000000        179.06531165802014        443.05449831395606        17.782794100389228        2.3300000000000001       0.84999999999999998       0.14999999999999999        2.3982138360994328E-022   2.2878336961433095E-021   3.5378830478983761E-007   1.2022953022335695E-010   16.399695442888486        16.400229987477882        16.401874832042019     
      100001   100000000.00000000        180.23631033419747        470.43412423354368        17.782794100389228        2.3300000000000001       0.84999999999999998       0.14999999999999999        2.4266450419682058E-022   2.3681462708927609E-021   3.6620586520671027E-007   1.2444465270415250E-010   15.485786507421105        15.486291558103089        15.487909436882221     
      100001   100000000.00000000        181.47967371004077        499.50574045759828        17.782794100389228        2.3300000000000001       0.84999999999999998       0.14999999999999999        2.4609553039622077E-022   2.4471085819351466E-021   3.7841405073757658E-007   1.2858775533857650E-010   14.626025958692511        14.626503382423795        14.628091131733763     
      100001   100000000.00000000        182.66146309115561        530.37390762543168        17.782794100389228        2.3300000000000001       0.84999999999999998       0.14999999999999999        2.5018023212477010E-022   2.5246193679545432E-021   3.9039716609550756E-007   1.3265350715743063E-010   13.812012909218458        13.812464309222516        13.814019107837575     
      100001   100000000.00000000        183.79099135497293        563.14964795434537        17.782794100389228        2.3300000000000001       0.84999999999999998       0.14999999999999999        2.5499080058254673E-022   2.6005640016605790E-021   4.0213745289192230E-007   1.3663588657488556E-010   13.042085381863206        13.042512312528730        13.044030475787537     
      100001   100000000.00000000        184.99032155387178        597.95084454847597        17.782794100389228        2.3300000000000001       0.84999999999999998       0.14999999999999999        2.6061308660579944E-022   2.6748620710489266E-021   4.1362244245172562E-007   1.4053066972012614E-010   12.318390268407761        12.318794346873196        12.320270693843382     
      100001   100000000.00000000        186.26376726750954        634.90266538392984        17.782794100389228        2.3300000000000001       0.84999999999999998       0.14999999999999999        2.6715061807108756E-022   2.7474869157442256E-021   4.2484797590205738E-007   1.4433645453940714E-010   11.638352925596770        11.638735683584695        11.640164400722847     
      100001   100000000.00000000        187.61590864364700        674.13801349508572        17.782794100389228        2.3300000000000001       0.84999999999999998       0.14999999999999999        2.7472449713064411E-022   2.8184330920311873E-021   4.3581317511537003E-007   1.4805295528652603E-010   10.999542502217764        10.999905389580777        11.001280058414629     
      100001   100000000.00000000        189.05160887137029        715.79800498125849        17.782794100389228        2.3300000000000001       0.84999999999999998       0.14999999999999999        2.8347702249684770E-022   2.8877038884147500E-021   4.4651851172587828E-007   1.5168034575462340E-010   10.399661427649525        10.400005815475193        10.401319451732894     
      100001   100000000.00000000        190.57603167231505        760.03247655294194        17.782794100389228        2.3300000000000001       0.84999999999999998       0.14999999999999999        2.9357608237374232E-022   2.9553131612132825E-021   4.5696609065396730E-007   1.5521935512074146E-010   9.8365354633384499        9.8368626466573126        9.8381077516645821     
      100001   100000000.00000000        192.19465987280307        807.00052444309472        17.782794100389228        2.3300000000000001       0.84999999999999998       0.14999999999999999        3.0522062493413662E-022   3.0212844932744746E-021   4.6715951977402682E-007   1.5867122316646190E-010   9.3081043437400997        9.3084155438877509        9.3095841687702556     
      100001   100000000.00000000        193.91331512369001        856.87107662177391        17.782794100389228        2.3300000000000001       0.84999999999999998       0.14999999999999999        3.1864750265316313E-022   3.0856501207896989E-021   4.7710374361839713E-007   1.6203764330109116E-010   8.8124130399495346        8.8127094066401348        8.8137932295176640     
      100001   100000000.00000000        195.73817883884729        909.82350037212257        17.782794100389228        2.3300000000000001       0.84999999999999998       0.14999999999999999        3.3414007452681417E-022   3.1484531370437858E-021   4.8680538363273963E-007   1.6532087762890900E-010   8.3476036822221946        8.3478862953962150        8.3488767113465396     
      100001   100000000.00000000        197.67581442758990        966.04824741303514        17.782794100389228        2.3300000000000001       0.84999999999999998       0.14999999999999999        3.5203864052146278E-022   3.2097309421136562E-021   4.9627017900226427E-007   1.6852288737651850E-010   7.9119081782652483        7.9121780497778547        7.9130662728959864     
      100001   100000000.00000000        199.55093533328798        1025.7475388886849        17.782794100389228        2.3300000000000001       0.84999999999999998       0.14999999999999999        3.7273723033128377E-022   3.2695029559582592E-021   5.0550109584044708E-007   1.7164470272934513E-010   7.5005497007412227        7.5008077192970237        7.5015836398521776     
      100001   100000000.00000000        201.49761951540918        1089.1360926886944        17.782794100389228        2.3300000000000001       0.84999999999999998       0.14999999999999999        3.9670400790341011E-022   3.3277831085996445E-021   5.1450025960763570E-007   1.7468707346584812E-010   7.1146696489875891        7.1149167020992738        7.1155703789373366     
      100001   100000000.00000000        203.56460376195341        1156.4418957147786        17.782794100389228        2.3300000000000001       0.84999999999999998       0.14999999999999999        4.2452897039316916E-022   3.3846180696292772E-021   5.2327484498999553E-007   1.7765245201224858E-010   6.7534957083333458        6.7537326351843019        6.7542544050856650     
      100001   100000000.00000000        205.75932230680039        1227.9070238714794        17.782794100389228        2.3300000000000001       0.84999999999999998       0.14999999999999999        4.5694121776652965E-022   3.4400537066355183E-021   5.3184275208074639E-007   1.8055068983872443E-010   6.4155985792450680        6.4158261586664533        6.4162065653851164     
      100001   100000000.00000000        208.08966880032051        1303.7885127302470        17.782794100389228        2.3300000000000001       0.84999999999999998       0.14999999999999999        4.9484220249586039E-022   3.4942228291994904E-021   5.4019306480022291E-007   1.8336738539551110E-010   6.0996442199646310        6.0998631737064510        6.1000930953532251     
      100001   100000000.00000000        210.56402470012912        1384.3592819982659        17.782794100389228        2.3300000000000001       0.84999999999999998       0.14999999999999999        5.3934627964844289E-022   3.5470324563910128E-021   5.4839541537494052E-007   1.8615498302371559E-010   5.7754752621989418        5.8707673409246848        5.9679468734311349     
      100001   100000000.00000000        213.19128941631689        1469.9091171171153        17.782794100389228        2.3300000000000001       0.84999999999999998       0.14999999999999999        5.9184687056331192E-022   3.5983745513442701E-021   5.5652817321427277E-007   1.8897413612672441E-010   5.4711947551142908        5.6622869331312149        5.8617329384245700     
      100001   100000000.00000000        215.98091231957801        1560.7457115216712        17.782794100389228        2.3300000000000001       0.84999999999999998       0.14999999999999999        6.5409403742052983E-022   3.6483811822251830E-021   5.6458790918035601E-007   1.9181821299419721E-010   5.1877786084628230        5.4681775164276836        5.7679923888505726     
      100001   100000000.00000000        218.94292672735759        1657.1957733079410        17.782794100389228        2.3300000000000001       0.84999999999999998       0.14999999999999999        7.2831028116557457E-022   3.6971256392435335E-021   5.7259404064579307E-007   1.9469931371822027E-010   4.9237539196928077        5.2877575898786784        5.6868476614400274     
      100001   100000000.00000000        222.08798599025556        1759.6062002900908        17.782794100389228        2.3300000000000001       0.84999999999999998       0.14999999999999999        8.1733568034690730E-022   3.7446822473872155E-021   5.8055888969481197E-007   1.9762497572398556E-010   4.6777076222878904        5.1203019660671938        5.6182739068272909     
      100001   100000000.00000000        225.05035181745242        1868.3453276730004        17.782794100389228        2.3300000000000001       0.84999999999999998       0.14999999999999999        9.2465945296446199E-022   3.7910836219413241E-021   5.8849116192791906E-007   2.0060318608193426E-010   4.4452056213133968        4.9653254828236424        5.5668685444963852     
      100001   100000000.00000000        228.03171877901076        1983.8042528277272        17.782794100389228        2.3300000000000001       0.84999999999999998       0.14999999999999999        1.0546633411411103E-021   3.8363415188788381E-021   5.9639879590269560E-007   2.0364331832285565E-010   4.2273757059907240        4.8226627892735889        5.5311281178754914     
      100001   100000000.00000000        231.19732653362541        2106.3982419347353        17.782794100389228        2.3300000000000001       0.84999999999999998       0.14999999999999999        1.2132249017829131E-021   3.8805114112850301E-021   6.0429327151914811E-007   2.0675506743715223E-010   4.0244396918826775        4.6916104763797968        5.5090806165687116     
      100001   100000000.00000000        234.55856068738370        2236.5682235539871        17.782794100389228        2.3300000000000001       0.84999999999999998       0.14999999999999999        1.4081625177159321E-021   3.9236753052519256E-021   6.1219065693321752E-007   2.0995027591291581E-010   3.8352803337091883        4.5714418423810903        5.5003891550258448     
      100001   100000000.00000000        238.12751044747975        2374.7823744938387        17.782794100389228        2.3300000000000001       0.84999999999999998       0.14999999999999999        1.6498351209825679E-021   3.9659144576317781E-021   6.2010789885236127E-007   2.1324208376931698E-010   3.6588532518855890        4.4614291036936411        5.5046061545071847     
      100001   100000000.00000000        241.91701210295022        2521.5378036825969        17.782794100389228        2.3300000000000001       0.84999999999999998       0.14999999999999999        1.9520977812306650E-021   4.0073068930214844E-021   6.2806199049013196E-007   2.1664444510187372E-010   3.4941842939072707        4.3608495488649339        5.5211898604258245     
      100001   100000000.00000000        245.94069519240520        2677.3623400989068        17.782794100389228        2.3300000000000001       0.84999999999999998       0.14999999999999999        2.3336630721551816E-021   4.0479283299064001E-021   6.3607025794341062E-007   2.2017233741897006E-010   3.3403660722755695        4.2689910168486866        5.5495226758257150     
      100001   100000000.00000000        250.21303152480743        2842.8164311916780        17.782794100389228        2.3300000000000001       0.84999999999999998       0.14999999999999999        2.8200621133950075E-021   4.0878580455575233E-021   6.4415253899306821E-007   2.2384336346205527E-010   3.1965564562462614        4.1851628708872042        5.5889429532153665     
      100001   100000000.00000000        254.74938722961005        3018.4951586175225        17.782794100389228        2.3300000000000001       0.84999999999999998       0.14999999999999999        3.4464712508621691E-021   4.1271510719195510E-021   6.5232125958165882E-007   2.2767088845499281E-010   3.0619803321922099        4.1087184105354542        5.6388060998472325     
      100001   100000000.00000000        258.25785565321064        3205.0303785454121        17.782794100389228        2.3300000000000001       0.84999999999999998       0.14999999999999999        4.2578990556124102E-021   4.1657620276242837E-021   6.6058397616632887E-007   2.3167543856863953E-010   2.9324249583492454        4.0468766739786428        5.7291088093404827     
      100001   100000000.00000000        261.48449170894526        3403.0929942268631        17.782794100389228        2.3300000000000001       0.84999999999999998       0.14999999999999999        5.3136074689853558E-021   4.2036077870075762E-021   6.6894770546494634E-007   2.3588351931518884E-010   2.8104063095737719        3.9960444446908037        5.8459515293655979     
      100001   100000000.00000000        264.91052555551767        3613.3953690048611        17.782794100389228        2.3300000000000001       0.84999999999999998       0.14999999999999999        6.6999298537702719E-021   4.2407068222658897E-021   6.7742512311127751E-007   2.4031812923519495E-010   2.6966591677910920        3.9530085277709714        5.9785882602360871     
      100001   100000000.00000000        268.54827946240783        3836.6938884407782        17.782794100389228        2.3300000000000001       0.84999999999999998       0.14999999999999999        8.5405846051622435E-021   4.2771303065086381E-021   6.8603824213556677E-007   2.4500724146319516E-010   2.5905121868876120        3.9171659794402247        6.1267039380567807     
      100001   100000000.00000000        272.41083718358556        4073.7916807738693        17.782794100389228        2.3300000000000001       0.84999999999999998       0.14999999999999999        1.1011724176146361E-020   4.3129483604109515E-021   6.9481057862691962E-007   2.4998243008537007E-010   2.4913382799822155        3.8879336723975144        6.2900103782347365     
      100001   100000000.00000000        276.51209101528923        4325.5415054983232        17.782794100389228        2.3300000000000001       0.84999999999999998       0.14999999999999999        1.4366946209139000E-020   4.3482266106168242E-021   7.0376569588434063E-007   2.5527812076943604E-010   2.3985556006560427        3.8647626048792021        6.4682881098350897     
      100001   100000000.00000000        280.86679176185476        4592.8488204469140        17.782794100389228        2.3300000000000001       0.84999999999999998       0.14999999999999999        1.8975483364586132E-020   4.3830279626390293E-021   7.1292798713524381E-007   2.6093263429647255E-010   2.3116257461941876        3.8471437749863946        6.6614102092382339     
      100001   100000000.00000000        285.49060178930205        4876.6750384124298        17.782794100389228        2.3300000000000001       0.84999999999999998       0.14999999999999999        2.5381214427734873E-020   4.4174144241350358E-021   7.2232369971912329E-007   2.6698975464203911E-010   2.2300519457843877        3.8346154333199207        6.8693737356746638     
      100001   100000000.00000000        290.40015135749769        5178.0409850199949        17.782794100389228        2.3300000000000001       0.84999999999999998       0.14999999999999999        3.4394980522266025E-020   4.4514396928077040E-021   7.3197735150150560E-007   2.7349587360689314E-010   2.1533791564587568        3.8267848323049769        7.0923850058360332     
      100001   100000000.00000000        294.94188295052436        5498.0305702869700        17.782794100389228        2.3300000000000001       0.84999999999999998       0.14999999999999999        4.7211366572952578E-020   4.4851235256664823E-021   7.4191208307372018E-007   2.8050580571768167E-010   2.0810925695422555        3.8295410382698378        7.3549591468597919     
      100001   100000000.00000000        299.39727761960796        5837.7946870757050        17.782794100389228        2.3300000000000001       0.84999999999999998       0.14999999999999999        6.5605122317397291E-020   4.5184604256469897E-021   7.5215913430456421E-007   2.8809914438577035E-010   2.0130966412495508        3.8403423110290578        7.6499564633601560     
      100001   100000000.00000000        304.12800419442306        6198.5553504607979        17.782794100389228        2.3300000000000001       0.84999999999999998       0.14999999999999999        9.2309873536824005E-020   4.5515335267282195E-021   7.6269643759712097E-007   2.9625241900110436E-010   1.9558616187695061        3.8161743400299373        7.7652807996961117     
      100001   100000000.00000000        309.15107747701177        6581.6100928984297        17.782794100389228        2.3300000000000001       0.84999999999999998       0.14999999999999999        1.3160861544686641E-019   4.5845253977122061E-021   7.7342122948795346E-007   3.0477065189663811E-010   1.9096100674666707        3.7486718180789764        7.6521268096647130     
      100001   100000000.00000000        314.48456374032253        6988.3366310058418        17.782794100389228        2.3300000000000001       0.84999999999999998       0.14999999999999999        1.9028533933732437E-019   4.6175508538122604E-021   7.8428415957329803E-007   3.1354828344167902E-010   1.8657406018706943        3.6832517202649964        7.5404122974267418     
      100001   100000000.00000000        320.14764570640199        7420.1978207358497        17.782794100389228        2.3300000000000001       0.84999999999999998       0.14999999999999999        2.7920499080459311E-019   4.6506509690566329E-021   7.9530145690529295E-007   3.2260815251210199E-010   1.8239571419198153        3.6195703328574149        7.4297449100882043     
      100001   100000000.00000000        326.16069154007170        7878.7469187683137        17.782794100389228        2.3300000000000001       0.84999999999999998       0.14999999999999999        4.1602949280040075E-019   4.6838739192589703E-021   8.0648396950673026E-007   3.3196271895788801E-010   1.7840172814175501        3.5573769564539850        7.3198893610469327     
      100001   100000000.00000000        332.54532810623544        8365.6331690420393        17.782794100389228        2.3300000000000001       0.84999999999999998       0.14999999999999999        6.2993770232687077E-019   4.7172559768264262E-021   8.1784172266610117E-007   3.4162666885240451E-010   1.7457109959093764        3.4964684174900209        7.2106757235434076     
      100001   100000000.00000000        338.03283446674004        8882.6077345199137        17.782794100389228        2.3300000000000001       0.84999999999999998       0.14999999999999999        9.6862363844035327E-019   4.7507947064529647E-021   8.2937562862631707E-007   3.5160884015487777E-010   1.7107159694528655        3.4419575420471897        7.1144567925838613     
      100001   100000000.00000000        343.73764840567395        9431.5299955219252        17.782794100389228        2.3300000000000001       0.84999999999999998       0.14999999999999999        1.5114925497243837E-018   4.7844804470626014E-021   8.4108482931853352E-007   3.6191694372585965E-010   1.6773150050651877        3.3890006532322663        7.0198242804523829     
      100001   100000000.00000000        349.79500514054638        10014.374237278791        17.782794100389228        2.3300000000000001       0.84999999999999998       0.14999999999999999        2.3955296315612667E-018   4.8183451998792076E-021   8.5297823915551744E-007   3.7256626403351203E-010   1.6451663732138231        3.3369503107656331        6.9254836323873095     
      100001   100000000.00000000        356.22669090738543        10633.236750759390        17.782794100389228        2.3300000000000001       0.84999999999999998       0.14999999999999999        3.8592153954614367E-018   4.8524288721621482E-021   8.6506869036571867E-007   3.8357634212090181E-010   1.6141101345889448        3.2856551320674394        6.8312918740317041     
      100001   100000000.00000000        363.05583827544626        11290.343372310739        17.782794100389228        2.3300000000000001       0.84999999999999998       0.14999999999999999        6.3245425786143485E-018   4.8867669604321116E-021   8.7736895761760116E-007   3.9496762081957063E-010   1.5840049137772547        3.2349835574010584        6.7371251802771805     
      100001   100000000.00000000        370.30700934713468        11988.057489228528        17.782794100389228        2.3300000000000001       0.84999999999999998       0.14999999999999999        1.0551807969933823E-017   4.9213917222916310E-021   8.8989297613671586E-007   4.0676267589304541E-010   1.5547277782057134        3.1848249386079805        6.6428841530826102     
      100001   100000000.00000000        378.00628409947024        12728.888540051117        17.782794100389228        2.3300000000000001       0.84999999999999998       0.14999999999999999        1.7937042741497826E-017   4.9563176781819153E-021   9.0265221201228550E-007   4.1898268610070774E-010   1.5261780137087051        3.1350990674493624        6.5485166711252631     
      100001   100000000.00000000        384.15866502333716        13515.501040149860        17.782794100389228        2.3300000000000001       0.84999999999999998       0.14999999999999999        3.1023497665718921E-017   4.9914844940143369E-021   9.1564350650141706E-007   4.3163693262674274E-010   1.5012421493642840        3.0931079203250222        6.4706636490376974     
      100001   100000000.00000000        390.45952011339159        14350.724165077710        17.782794100389228        2.3300000000000001       0.84999999999999998       0.14999999999999999        5.4510050663373467E-017   5.0267404809608276E-021   9.2886098262443527E-007   4.4473237098167281E-010   1.4773140582751565        3.0523614560098693        6.3946010831711666     
      100001   100000000.00000000        397.14975180608889        15237.561926143839        17.782794100389228        2.3300000000000001       0.84999999999999998       0.14999999999999999        9.7391745576082264E-017   5.0617731297679612E-021   9.4231439783343128E-007   4.5829022707922264E-010   1.4540307291132839        3.0120786544003244        6.3186470086327899     
      100001   100000000.00000000        404.25342257176362        16179.203974812866        17.782794100389228        2.3300000000000001       0.84999999999999998       0.14999999999999999        1.7709669862144147E-016   5.0957531860288667E-021   9.5601937615400819E-007   4.7233856510986650E-010   1.4314485984490253        2.9724812027890923        6.2433637006207761     
      100001   100000000.00000000        411.79608187939050        17179.037074787851        17.782794100389228        2.3300000000000001       0.84999999999999998       0.14999999999999999        3.2797542964976823E-016   5.1266786766945309E-021   9.6999454633708644E-007   4.8691001907338185E-010   1.4098186758684323        2.9341954923980653        6.1701755512903560     
      100001   100000000.00000000        419.80485808926630        18240.657283038436        17.782794100389228        2.3300000000000001       0.84999999999999998       0.14999999999999999        6.1892290190279766E-016   5.1507322763822925E-021   9.8426376969106391E-007   5.0204454852261371E-010   1.3896785709048960        2.8984527893499674        6.1018038970534469     
      100001   100000000.00000000        427.34742538774043        19367.882883585517        17.782794100389228        2.3300000000000001       0.84999999999999998       0.14999999999999999        1.1890859974334096E-015   5.1632229994652507E-021   9.9885178267282758E-007   5.1778586339236002E-010   1.3730133190529963        2.8698677708404516        6.0484566352563283     
      100001   100000000.00000000        434.37485109561226        20564.768120559671        17.782794100389228        2.3300000000000001       0.84999999999999998       0.14999999999999999        2.3210739895861404E-015   5.1562384030796542E-021   1.0137885850252754E-006   5.3418666075723495E-010   1.3610313493674098        2.8510669544135006        6.0158145216699204     
      100001   100000000.00000000        441.83655359740357        21835.617779928270        17.782794100389228        2.3300000000000001       0.84999999999999998       0.14999999999999999        4.5989874230417111E-015   5.1101320700183193E-021   1.0291398285296479E-006   5.5134277956348393E-010   1.3555351062656014        2.8457106014327529        6.0116509614452909     
      100001   100000000.00000000        449.75937007952837        23185.002672334667        17.782794100389228        2.3300000000000001       0.84999999999999998       0.14999999999999999        9.2398448531952967E-015   5.0036107098733897E-021   1.0450285716591857E-006   5.6942230972525138E-010   1.3602129986163025        2.8618214104491329        6.0533930565756311     
      100001   100000000.00000000        458.17179619734293        24617.776072737815        17.782794100389228        2.3300000000000001       0.84999999999999998       0.14999999999999999        1.8774917973549879E-014   4.8355248820216939E-021   1.0616232729635278E-006   5.8865852669376269E-010   1.3761886072605078        2.9019285472622345        6.1466449745817808     
      100001   100000000.00000000        467.10408856424954        26139.091175978523        17.782794100389228        2.3300000000000001       0.84999999999999998       0.14999999999999999        3.8459490348381339E-014   4.6319741515457504E-021   1.0790988770765667E-006   6.0930874510237790E-010   1.4003683719618487        2.9594794778015237        6.2773784626434832     
      100001   100000000.00000000        475.35763772432352        27754.419631055378        17.782794100389228        2.3300000000000001       0.84999999999999998       0.14999999999999999        7.9064698988900171E-014   4.4233418466199538E-021   1.0975895472539733E-006   6.3159895452853266E-010   1.4299909656069187        3.0288587456015934        6.4336235880151706     
      100001   100000000.00000000        483.63574828770339        29469.571220770460        17.782794100389228        2.3300000000000001       0.84999999999999998       0.14999999999999999        1.6279020645866307E-013   4.2150709522751015E-021   1.1172043973980062E-006   6.5574025977175747E-010   1.4635564101930254        3.1067277314217754        6.6081114704727799     
      100001   100000000.00000000        492.42542474514084        31290.714757526985        17.782794100389228        2.3300000000000001       0.84999999999999998       0.14999999999999999        3.3556725174883408E-013   4.0090809272267665E-021   1.1380716516629807E-006   6.8198335208132858E-010   1.5003942189555222        3.1915895965392842        6.7975970752325843     
      100001   100000000.00000000        501.75828055020816        33224.400270433121        17.782794100389228        2.3300000000000001       0.84999999999999998       0.14999999999999999        6.9171264155194342E-013   3.8076807278082230E-021   1.1603385040444214E-006   7.1062331002754453E-010   1.5403245449975596        3.2830954381297848        7.0013499724393249     
      100001   100000000.00000000        511.66788278641883        35277.582563512013        17.782794100389228        2.3300000000000001       0.84999999999999998       0.14999999999999999        1.4224482068709344E-012   3.6112960588127663E-021   1.1841708306772154E-006   7.4200482733272451E-010   1.5835583581193318        3.3817366141353169        7.2204585928153042     
      100001   100000000.00000000        522.18987289651830        37457.646229747370        17.782794100389228        2.3300000000000001       0.84999999999999998       0.14999999999999999        2.9066420620056540E-012   3.4195326203124947E-021   1.2097589062756087E-006   7.7653627555869137E-010   1.6305729234553077        3.4885800427044305        7.4572614574791691     
      100001   100000000.00000000        530.57403135848733        39772.432210933803        17.782794100389228        2.3300000000000001       0.84999999999999998       0.14999999999999999        5.8552225104130120E-012   3.2331065107580257E-021   1.2372931504703760E-006   8.1466494751453803E-010   1.6861197473995626        3.6144596875478960        7.7352004535236514     
      100001   100000000.00000000        539.30254333447886        42230.265998857431        17.782794100389228        2.3300000000000001       0.84999999999999998       0.14999999999999999        1.1733729954349817E-011   3.0527508465881381E-021   1.2669842426458587E-006   8.5691101456895067E-010   1.7466063835246575        3.7511781008320577        8.0364854844567510     
      100001   100000000.00000000        548.57045485081301        44839.987579235392        17.782794100389228        2.3300000000000001       0.84999999999999998       0.14999999999999999        2.3454747400245480E-011   2.8781103594457936E-021   1.2991097589591933E-006   9.0394632982115492E-010   1.8124219420857357        3.8995851389875269        8.3629713479158845     
      100001   100000000.00000000        558.41109940865454        47610.983226115066        17.782794100389228        2.3300000000000001       0.84999999999999998       0.14999999999999999        4.6708427614225952E-011   2.7087856374372315E-021   1.3340010162137946E-006   9.5659885703662140E-010   1.8843770889017810        4.0614778850194275        8.7185692663977132     
      100001   100000000.00000000        568.85987043361649        50553.219261084996        17.782794100389228        2.3300000000000001       0.84999999999999998       0.14999999999999999        9.2391489741975003E-011   2.5443964075144873E-021   1.3720491239508694E-006   1.0158902058212854E-009   1.9634664737419563        4.2390582547789153        9.1080723403908017     
      100001   100000000.00000000        578.21450329317747        53677.277898717148        17.782794100389228        2.3300000000000001       0.84999999999999998       0.14999999999999999        1.8053777234183938E-010   2.3851471326010491E-021   1.4136908208197505E-006   1.0830497233783234E-009   2.0539317602552947        4.4419008879817268        9.5520120723540156     
      100001   100000000.00000000        587.91471190674702        56994.395307165534        17.782794100389228        2.3300000000000001       0.84999999999999998       0.14999999999999999        3.5125562929850411E-010   2.2312965547246230E-021   1.4594243312092070E-006   1.1595933538967231E-009   2.1543194942349908        4.6666516477770799        10.043212716374139     
      100001   100000000.00000000        598.21436840808781        60516.502020813197        17.782794100389228        2.3300000000000001       0.84999999999999998       0.14999999999999999        6.8189080900537094E-010   2.0825682120213757E-021   1.5098528633143066E-006   1.2474789115020777E-009   2.2658021018052552        4.9158821258973804        10.587267925575450     
      100001   100000000.00000000        609.15051713144680        64256.265850313495        17.782794100389228        2.3300000000000001       0.84999999999999998       0.14999999999999999        1.3185089969411820E-009   1.9386354744203448E-021   1.5656710042843013E-006   1.3492181821774638E-009   2.3903486656933821        5.1939480555646647        11.193611504671120     
      100001   100000000.00000000        620.76249165543663        68227.137444363936        17.782794100389228        2.3300000000000001       0.84999999999999998       0.14999999999999999        2.5305097551827751E-009   1.7991903639651969E-021   1.6276487747521267E-006   1.4680561100656143E-009   2.5303600681424196        5.5061604767451167        11.873735533559870     
      100001   100000000.00000000        632.00121156866408        72443.398667080226        17.782794100389228        2.3300000000000001       0.84999999999999998       0.14999999999999999        4.7928253123535339E-009   1.6642243588684102E-021   1.6965769710193407E-006   1.6081733042092955E-009   2.6910679788637042        5.8642132456134277        12.652566532269114     
      100001   100000000.00000000        643.24595328509940        76920.213964964176        17.782794100389228        2.3300000000000001       0.84999999999999998       0.14999999999999999        8.9812290256065981E-009   1.5338955287521407E-021   1.7731230173670791E-006   1.7749739740541915E-009   2.8747680820116766        6.2731595267467739        13.540867219912995     
      100001   100000000.00000000        655.18559105366899        81673.684908222946        17.782794100389228        2.3300000000000001       0.84999999999999998       0.14999999999999999        1.6698893313928359E-008   1.4080861785621420E-021   1.8576065317008688E-006   1.9755623444568138E-009   3.0832920488799394        6.7369915980209525        14.547142730679381     
      100001   100000000.00000000        667.86306765913741        86720.908102596033        17.782794100389228        2.3300000000000001       0.84999999999999998       0.14999999999999999        3.0702820938861605E-008   1.2865142183558715E-021   1.9496327130211681E-006   2.2192975004628721E-009   3.3202669384229795        7.2637422136949565        15.688212629648607     
      100001   100000000.00000000        680.57775880485042        92080.036679987403        17.782794100389228        2.3300000000000001       0.84999999999999998       0.14999999999999999        5.5409605582477718E-008   1.1690456125702198E-021   2.0475653082246488E-006   2.5184167239349329E-009   3.5911419189453864        7.8655581293020953        16.988872738178397     
      100001   100000000.00000000        692.13295472975562        97770.345589058561        17.782794100389228        2.3300000000000001       0.84999999999999998       0.14999999999999999        9.7776309944329197E-008   1.0559041395730603E-021   2.1474956016998688E-006   2.8885535415777940E-009   3.9014451576122733        8.5548204890629584        18.472843102501148     
      100001   100000000.00000000        704.40223197661044        103812.30092061353        17.782794100389228        2.3300000000000001       0.84999999999999998       0.14999999999999999        1.7057514716877561E-007   9.4706050352123860E-022   2.2396459059035060E-006   3.3481049014331661E-009   4.2414097232464671        9.3097688781564027        20.089974200563478     
      100001   100000000.00000000        717.42971893039953        110227.63351711068        17.782794100389228        2.3300000000000001       0.84999999999999998       0.14999999999999999        2.9344908572374877E-007   8.4196527619022788E-022   2.3063493497001511E-006   3.9177090327384403E-009   4.5982940729951025        10.102268464891321        21.772379265173051     
      100001   100000000.00000000        731.14679337892119        117039.41713105644        17.782794100389228        2.3300000000000001       0.84999999999999998       0.14999999999999999        4.9332727434642657E-007   7.3987289639884476E-022   2.3184662271952313E-006   4.6176721707605055E-009   4.9444525103835373        10.871262183575771        23.375825726319665     
      100001   100000000.00000000        743.42328054371296        124272.15141338449        17.782794100389228        2.3300000000000001       0.84999999999999998       0.14999999999999999        7.9855538942229127E-007   6.4015289921679817E-022   2.2439320431359328E-006   5.4667246361552814E-009   5.2471363385252756        11.544609309947289        24.723380264579298     
      100001   100000000.00000000        756.45842296978219        131951.85003030242        17.782794100389228        2.3300000000000001       0.84999999999999998       0.14999999999999999        1.2499040216131641E-006   5.4173224653798323E-022   2.0233272115262170E-006   6.4587788732982715E-009   5.3934823202385065        11.872761869260698        25.246213792037118     
      100001   100000000.00000000        770.29910359666565        140106.13422553314        17.782794100389228        2.3300000000000001       0.84999999999999998       0.14999999999999999        1.8659227648904112E-006   4.4267107486419961E-022   1.6094127560230339E-006   7.5559786760011493E-009   5.2257751876328760        11.507263842314362        24.153170076753220     
      100001   100000000.00000000        784.51494105334473        148764.33216446143        17.782794100389228        2.3300000000000001       0.84999999999999998       0.14999999999999999        2.5892116507852532E-006   3.4085805202865967E-022   1.0245673379883800E-006   8.6796236300939852E-009   4.5540820183147908        10.028238097090012        20.519819943927793     
      100001   100000000.00000000        797.93573615782623        157957.58441749270        17.782794100389228        2.3300000000000001       0.84999999999999998       0.14999999999999999        3.2396821659521956E-006   2.3505083280978501E-022   4.3406015739955041E-007   9.6712372720962554E-009   3.2771002808771028        7.2111738721073202        13.951526916459271     
      100001   100000000.00000000        812.18590180453725        167718.95596201083        17.782794100389228        2.3300000000000001       0.84999999999999998       0.14999999999999999        3.6134746793398770E-006   1.2563482030483885E-022   6.9216119341942831E-008   1.0199478074925020E-008   1.4794285604716906        3.2436387910751501        5.2709113250733362     
      100001   100000000.00000000        827.31669095509346        178083.55510577114        17.782794100389228        2.3300000000000001       0.84999999999999998       0.14999999999999999        3.6801110308838155E-006   6.0274827518592729E-024   2.8978981659651652E-009   1.0185429445807730E-008   1.3458054938884774        2.9507763328358814        2.6736373788796430     
      100001   100000000.00000000        842.60899384736103        189088.65975944613        17.782794100389228        2.3300000000000001       0.84999999999999998       0.14999999999999999        3.6831891432236576E-006   1.3711706833629524E-025   6.6438621693065572E-011   9.9407468624218298E-009   1.3269011731938911        2.9109661986441693       0.71342850657904711     
      100001   100000000.00000000        857.01328187006334        200773.85151249589        17.782794100389228        2.3300000000000001       0.84999999999999998       0.14999999999999999        3.6835176637244709E-006   3.1246247658652563E-027   1.4728348056636639E-012   9.6157232998446168E-009   1.3091384413827332        2.8736240869915437       0.12384992747472903     
      100001   100000000.00000000        872.30771776216056        213181.15799457996        17.782794100389228        2.3300000000000001       0.84999999999999998       0.14999999999999999        3.6838070934357629E-006   6.8020997624984219E-029   3.1586778991636068E-014   9.2780545405666144E-009   1.2790216661871308        2.8088695461076245        1.8480083746795634E-002
      100001   100000000.00000000        888.54731036741646        226355.20403453294        17.782794100389228        2.3300000000000001       0.84999999999999998       0.14999999999999999        3.6841207510936903E-006   2.3834125619557568E-030   6.5423203299250639E-016   8.9448814192158658E-009  0.89026957064699319        1.9517865370898593        2.0701050604198419E-003
      100001   100000000.00000000        903.73368820559847        240343.37216058112        17.782794100389228        2.3300000000000001       0.84999999999999998       0.14999999999999999        3.6844604011410330E-006   1.0275535315005478E-030   1.3093211092382645E-017   8.6196157403158553E-009  0.12277264294406226       0.26379359790844875        5.1692953858417537E-004
      100001   100000000.00000000        919.29768154305282        255195.97301905660        17.782794100389228        2.3300000000000001       0.84999999999999998       0.14999999999999999        3.6848261053593126E-006   1.0005516511764944E-030   2.5365004626688473E-019   8.3030476558179627E-009   1.1308356530338882E-002   2.2820477476094322E-002   1.0523171439596293E-003
      100001   100000000.00000000        935.82348954894246        270966.42632454663        17.782794100389228        2.3300000000000001       0.84999999999999998       0.14999999999999999        3.6852186151705045E-006   1.0000121724407450E-030   4.7534778091471372E-021   7.9947738292691677E-009   1.7236430914490046E-003   2.7628857177975866E-003   1.5681183880239674E-003
      100001   100000000.00000000        952.68798990431685        287711.45299229625        17.782794100389228        2.3300000000000001       0.84999999999999998       0.14999999999999999        3.6856386834820771E-006   1.0000005187825658E-030   8.6074700587220348E-023   7.6943118580855237E-009   4.2206186775660382E-004   6.2906399939621348E-004   8.2619055323832709E-004
      100001   100000000.00000000        968.76809002335131        305491.27914390498        17.782794100389228        2.3300000000000001       0.84999999999999998       0.14999999999999999        3.6860862733025426E-006   1.0000000851540517E-030   1.5074740690765565E-024   7.4017540926806709E-009   1.0468549712383323E-004   1.5640015254636026E-004   2.3072078543858539E-004
      100001   100000000.00000000        985.84189887953687        324369.85272003809        17.782794100389228        2.3300000000000001       0.84999999999999998       0.14999999999999999        3.6865615831203465E-006   1.0000000186241342E-030   2.5544715983813197E-026   7.1170418779544028E-009   2.5567470316831956E-005   3.8226775239280725E-005   5.7082429798536964E-005
      100001   100000000.00000000        1003.7945396763956        344415.07347925392        17.782794100389228        2.3300000000000001       0.84999999999999998       0.14999999999999999        3.6870656143813552E-006   1.0000000024511885E-030   4.1921298543735937E-028   6.8396464187403435E-009   1.3030200995437922E-005   1.9482415316321045E-005   2.9119567895487678E-005
      100001   100000000.00000000        1020.6116624194368        365699.03721016186        17.782794100389228        2.3300000000000001       0.84999999999999998       0.14999999999999999        3.6875983075304734E-006   1.0000000000428809E-030   7.6212681494076674E-030   6.5696421413708249E-009   1.2374174670489798E-005   1.8501497572749633E-005   2.7652418618377862E-005
      100001   100000000.00000000        1038.4680399979450        388298.29503526288        17.782794100389228        2.3300000000000001       0.84999999999999998       0.14999999999999999        3.6881596236277203E-006   1.0000000000417619E-030   1.1014383707928600E-030   6.3070311446417844E-009   1.1755467851527479E-005   1.7576387334855192E-005   2.6268717739400333E-005
      100001   100000000.00000000        1057.4278956818305        412294.12873910146        17.782794100389228        2.3300000000000001       0.84999999999999998       0.14999999999999999        3.6887507300715475E-006   1.0000000000381701E-030   1.0015015122005679E-030   6.0512507001859159E-009   1.1171878768323995E-005   1.6703792276605106E-005   2.4963543852223985E-005
      100001   100000000.00000000        1075.2826709695241        437772.84311098437        17.782794100389228        2.3300000000000001       0.84999999999999998       0.14999999999999999        3.6893716112140035E-006   1.0000000000348075E-030   1.0000214865156224E-030   5.8022943951669441E-009   1.0610106020384407E-005   1.5863822822510495E-005   2.3707101856308464E-005
      100001   100000000.00000000        1093.8942547723486        464826.07635372790        17.782794100389228        2.3300000000000001       0.84999999999999998       0.14999999999999999        3.6900219884725685E-006   1.0000000000334867E-030   1.0000002975558477E-030   5.5602190785084863E-009   1.0078683253409277E-005   1.5069239961422900E-005   2.2518516834612935E-005
      100001   100000000.00000000        1113.4988186801977        493551.12967485707        17.782794100389228        2.3300000000000001       0.84999999999999998       0.14999999999999999        3.6907028045216635E-006   1.0000000000309360E-030   1.0000000040279491E-030   5.3246106801096842E-009   9.5767669830746699E-006   1.4318782471507366E-005   2.1395908497418795E-005
      100001   100000000.00000000        1132.4713779423898        524051.31724571524        17.782794100389228        2.3300000000000001       0.84999999999999998       0.14999999999999999        3.6914141532798681E-006   1.0000000000288653E-030   1.0000000000946797E-030   5.0953764141415868E-009   9.0959022249131880E-006   1.3599808507919832E-005   2.0320330731613478E-005
      100001   100000000.00000000        1152.6163924607936        556436.33778711280        17.782794100389228        2.3300000000000001       0.84999999999999998       0.14999999999999999        3.6921562026122254E-006   1.0000000000275871E-030   1.0000000000418884E-030   4.8723858758648280E-009   8.6423719681283886E-006   1.2921712605760350E-005   1.9305876694639044E-005
      100001   100000000.00000000        1173.2681382862388        590822.66911802802        17.782794100389228        2.3300000000000001       0.84999999999999998       0.14999999999999999        3.6929298408624156E-006   1.0000000000242676E-030   1.0000000000362853E-030   4.6552984278143056E-009   8.2119802625255315E-006   1.2278221104051018E-005   1.8343147231594840E-005
      100001   100000000.00000000        1191.8748939633442        627333.98708641471        17.782794100389228        2.3300000000000001       0.84999999999999998       0.14999999999999999        3.6937337784111869E-006   1.0000000000218994E-030   1.0000000000327351E-030   4.4443776619053380E-009   7.7951363080148910E-006   1.1654996076153100E-005   1.7410630110527006E-005
      100001   100000000.00000000        1211.6314991780457        666101.61038881668        17.782794100389228        2.3300000000000001       0.84999999999999998       0.14999999999999999        3.6945670390616286E-006   1.0000000000206249E-030   1.0000000000308442E-030   4.2397288509745121E-009   7.4020632657096398E-006   1.1067310639516481E-005   1.6531282234863059E-005
      100001   100000000.00000000        1231.2433955209719        707264.97287872469        17.782794100389228        2.3300000000000001       0.84999999999999998       0.14999999999999999        3.6954298887722050E-006   1.0000000000188041E-030   1.0000000000281368E-030   4.0411180076266259E-009   7.0274092950466048E-006   1.0507080457639264E-005   1.5693225953990599E-005
      100001   100000000.00000000        1250.6540833551214        750972.12506234914        17.782794100389228        2.3300000000000001       0.84999999999999998       0.14999999999999999        3.6963215944865169E-006   1.0000000000177733E-030   1.0000000000265952E-030   3.8485352344861318E-009   6.6703320200819970E-006   9.9731316635282661E-006   1.4894449218339386E-005
      100001   100000000.00000000        1271.2643016618511        797380.26658555330        17.782794100389228        2.3300000000000001       0.84999999999999998       0.14999999999999999        3.6972423249212332E-006   1.0000000000175582E-030   1.0000000000262723E-030   3.6617561467359556E-009   6.3336226889759488E-006   9.4696394526922744E-006   1.4141225819776026E-005
      100001   100000000.00000000        1293.6563593431772        846656.31162709033        17.782794100389228        2.3300000000000001       0.84999999999999998       0.14999999999999999        3.6981936832189517E-006   1.0000000000174860E-030   1.0000000000261639E-030   3.4802891971572432E-009   6.0172634998236436E-006   8.9965778191258323E-006   1.3433529729510704E-005
      100001   100000000.00000000        1317.9534203696167        898977.48923170695        17.782794100389228        2.3300000000000001       0.84999999999999998       0.14999999999999999        3.6991778264719798E-006   1.0000000000167382E-030   1.0000000000250451E-030   3.3035972308823870E-009   5.7199838414566190E-006   8.5520469491468412E-006   1.2768522697199399E-005
      100001   100000000.00000000        1342.5307574269893        954531.98074225790        17.782794100389228        2.3300000000000001       0.84999999999999998       0.14999999999999999        3.7001957974601685E-006   1.0000000000145004E-030   1.0000000000216995E-030   3.1313946917171685E-009   5.4370318154633428E-006   8.1289396727799176E-006   1.2135541152598352E-005
      100001   100000000.00000000        1364.3062295735047        1013519.5966235163        17.782794100389228        2.3300000000000001       0.84999999999999998       0.14999999999999999        3.7012449575369208E-006   1.0000000000129691E-030   1.0000000000194109E-030   2.9640051636458125E-009   5.1619069554658872E-006   7.7175327301892629E-006   1.1519977675947320E-005
      100001   100000000.00000000        1387.4273697673209        1076152.4951119118        17.782794100389228        2.3300000000000001       0.84999999999999998       0.14999999999999999        3.7023233304271552E-006   1.0000000000121492E-030   1.0000000000181846E-030   2.8015732715694257E-009   4.9024555631290301E-006   7.3295629198124104E-006   1.0939473540835086E-005
      100001   100000000.00000000        1410.1854436403914        1142655.9452759963        17.782794100389228        2.3300000000000001       0.84999999999999998       0.14999999999999999        3.7034307397207401E-006   1.0000000000112798E-030   1.0000000000168847E-030   2.6439365079005683E-009   4.6547953561428610E-006   6.9592233405478386E-006   1.0385307605538783E-005
      100001   100000000.00000000        1433.7139847907829        1213269.1372320827        17.782794100389228        2.3300000000000001       0.84999999999999998       0.14999999999999999        3.7045664758636637E-006   1.0000000000107505E-030   1.0000000000160926E-030   2.4910022330187402E-009   4.4202558096537103E-006   6.6085031180067661E-006   9.8604790944157073E-006
      100001   100000000.00000000        1458.1934285662587        1288246.0424290982        17.782794100389228        2.3300000000000001       0.84999999999999998       0.14999999999999999        3.7057307966699339E-006   1.0000000000100679E-030   1.0000000000150723E-030   2.3425417995456969E-009   4.1983350976567612E-006   6.2766520641395785E-006   9.3638700898129819E-006
      100001   100000000.00000000        1482.7228726618471        1367856.3270968448        17.782794100389228        2.3300000000000001       0.84999999999999998       0.14999999999999999        3.7069233025576768E-006   1.0000000000079955E-030   1.0000000000119749E-030   2.1984146011004756E-009   3.9870577544654312E-006   5.9607153620154863E-006   8.8910418779090843E-006
      100001   100000000.00000000        1500.8872896207452        1452386.3221429936        17.782794100389228        2.3300000000000001       0.84999999999999998       0.14999999999999999        3.7081375379597186E-006   1.0000000000029475E-030   1.0000000000044331E-030   2.0591700046350929E-009   3.7778823999632654E-006   5.6479145926441264E-006   8.4227416017203374E-006
      100001   100000000.00000000        1500.8872896207452        1542140.0529872417        17.782794100389228        2.3300000000000001       0.84999999999999998       0.14999999999999999        3.7093521240507229E-006   1.0000000000000223E-030   1.0000000000000645E-030   1.9268758375768877E-009   3.5579309479811119E-006   5.3189806352805428E-006   7.9298721521486728E-006
      100001   100000000.00000000        1500.8872896207452        1637440.3330365019        17.782794100389228        2.3300000000000001       0.84999999999999998       0.14999999999999999        3.7105511261393615E-006   1.0000000000000227E-030   1.0000000000000665E-030   1.8027081072860737E-009   3.3507777114552208E-006   5.0091822633504023E-006   7.4655698532376291E-006
      100001   100000000.00000000        1500.8872896207452        1738629.9247341277        17.782794100389228        2.3300000000000001       0.84999999999999998       0.14999999999999999        3.7117335278647513E-006   1.0000000000000237E-030   1.0000000000000693E-030   1.6861735743645304E-009   3.1556777165082119E-006   4.7174055345794263E-006   7.0281670434223280E-006
      100001   100000000.00000000        1500.8872896207452        1846072.7723589146        17.782794100389228        2.3300000000000001       0.84999999999999998       0.14999999999999999        3.7128983979959850E-006   1.0000000000000250E-030   1.0000000000000721E-030   1.5768085167306179E-009   2.9719293461843468E-006   4.4426013455199407E-006   6.6160929420570749E-006
      100001   100000000.00000000        1500.8872896207452        1960155.3110079400        17.782794100389228        2.3300000000000001       0.84999999999999998       0.14999999999999999        3.7140448869985323E-006   1.0000000000000260E-030   1.0000000000000747E-030   1.4741769805878013E-009   2.7988718174154440E-006   4.1837816601121053E-006   6.2278680104680542E-006
      100001   100000000.00000000        1500.8872896207452        2081287.8564711413        17.782794100389228        2.3300000000000001       0.84999999999999998       0.14999999999999999        3.7151722236716846E-006   1.0000000000000269E-030   1.0000000000000773E-030   1.3778691343151371E-009   2.6358828048938187E-006   3.9400159580610398E-006   5.8620986423444198E-006
      100001   100000000.00000000        1500.8872896207452        2209906.0809966084        17.782794100389228        2.3300000000000001       0.84999999999999998       0.14999999999999999        3.7162797118582821E-006   1.0000000000000281E-030   1.0000000000000803E-030   1.2874997193121939E-009   2.4823762033102452E-006   3.7104278902730938E-006   5.5174721645216592E-006
      100001   100000000.00000000        1500.8872896207452        2346472.5802543098        17.782794100389228        2.3300000000000001       0.84999999999999998       0.14999999999999999        3.7173667272273283E-006   1.0000000000000292E-030   1.0000000000000831E-030   1.2027065921343003E-009   2.3378000199132714E-006   3.4941921293411172E-006   5.1927521303469636E-006
      100001   100000000.00000000        1500.8872896207452        2491478.5371341542        17.782794100389228        2.3300000000000001       0.84999999999999998       0.14999999999999999        3.7184327141303644E-006   1.0000000000000300E-030   1.0000000000000857E-030   1.1231493525787114E-009   2.2016343898151362E-006   3.2905314037711754E-006   4.8867738888889616E-006
      100001   100000000.00000000        1500.8872896207452        2645445.4883625261        17.782794100389228        2.3300000000000001       0.84999999999999998       0.14999999999999999        3.7194771825317221E-006   1.0000000000000314E-030   1.0000000000000889E-030   1.0485080526888551E-009   2.0733897069116447E-006   3.0987137053057049E-006   4.5984404142690610E-006
      100001   100000000.00000000        1500.8872896207452        2808927.2002911251        17.782794100389228        2.3300000000000001       0.84999999999999998       0.14999999999999999        3.7204997050130294E-006   1.0000000000000327E-030   1.0000000000000919E-030   9.7848198193378164E-010   1.9526048636997675E-006   2.9180496593222525E-006   4.3267183803518945E-006
      100001   100000000.00000000        1500.8872896207452        2982511.6606046911        17.782794100389228        2.3300000000000001       0.84999999999999998       0.14999999999999999        3.7214999138520896E-006   1.0000000000000335E-030   1.0000000000000945E-030   9.1278852409371451E-010   1.8388455936688735E-006   2.7478900488746796E-006   4.0706344669404233E-006
      100001   100000000.00000000        1500.8872896207452        3166823.1931112446        17.782794100389228        2.3300000000000001       0.84999999999999998       0.14999999999999999        3.7224774981761865E-006   1.0000000000000351E-030   1.0000000000000978E-030   8.5116208164140328E-010   1.7317029103109651E-006   2.5876234834974575E-006   3.8292718844809572E-006
      100001   100000000.00000000        1500.8872896207452        3362524.7032207800        17.782794100389228        2.3300000000000001       0.84999999999999998       0.14999999999999999        3.7234322011894936E-006   1.0000000000000360E-030   1.0000000000001005E-030   7.9335306365304997E-010   1.6307916371436822E-006   2.4366742044157546E-006   3.6017671050976705E-006
      100001   100000000.00000000        1500.8872896207452        3570320.0621888377        17.782794100389228        2.3300000000000001       0.84999999999999998       0.14999999999999999        3.7243638174747868E-006   1.0000000000000374E-030   1.0000000000001033E-030   7.3912693351309519E-010   1.5357490234675169E-006   2.2945000182947328E-006   3.3873067885453590E-006
      100001   100000000.00000000        1500.8872896207452        3790956.6387001630        17.782794100389228        2.3300000000000001       0.84999999999999998       0.14999999999999999        3.7252721903689234E-006   1.0000000000000391E-030   1.0000000000001068E-030   6.8826331289432049E-010   1.4462334408879194E-006   2.1605903521242935E-006   3.1851248923972261E-006
      100001   100000000.00000000        1500.8872896207452        4025227.9868976893        17.782794100389228        2.3300000000000001       0.84999999999999998       0.14999999999999999        3.7261572094118741E-006   1.0000000000000398E-030   1.0000000000001092E-030   6.4055513869977575E-010   1.3619231559240580E-006   2.0344644222705085E-006   2.9944999564709441E-006
      100001   100000000.00000000        1500.8872896207452        4273976.7005248405        17.782794100389228        2.3300000000000001       0.84999999999999998       0.14999999999999999        3.7270188078689476E-006   1.0000000000000412E-030   1.0000000000001117E-030   5.9580786984633875E-010   1.2825151743002583E-006   1.9156695111340830E-006   2.8147525521419983E-006
      100001   100000000.00000000        1500.8872896207452        4538097.4434463661        17.782794100389228        2.3300000000000001       0.84999999999999998       0.14999999999999999        3.7278569603256016E-006   1.0000000000000425E-030   1.0000000000001143E-030   5.5383874095199337E-010   1.2077241527746614E-006   1.8037793452406996E-006   2.6452428877985479E-006
      100001   100000000.00000000        1500.8872896207452        4818540.1674476871        17.782794100389228        2.3300000000000001       0.84999999999999998       0.14999999999999999        3.7286716803545694E-006   1.0000000000000440E-030   1.0000000000001166E-030   5.1447606016090141E-010   1.1372813746029351E-006   1.6983925689484773E-006   2.4853685622545809E-006
      100001   100000000.00000000        1500.8872896207452        5116313.5288858227        17.782794100389228        2.3300000000000001       0.84999999999999998       0.14999999999999999        3.7294630182543766E-006   1.0000000000000451E-030   1.0000000000001190E-030   4.7755854850244431E-010   1.0709337849642870E-006   1.5991313082957186E-006   2.3345624584570705E-006
      100001   100000000.00000000        1500.8872896207452        5432488.5164805958        17.782794100389228        2.3300000000000001       0.84999999999999998       0.14999999999999999        3.7302310588589987E-006   1.0000000000000469E-030   1.0000000000001211E-030   4.4293471833333935E-010   1.0084430828928080E-006   1.5056398198274643E-006   2.1922907702934160E-006
      100001   100000000.00000000        1500.8872896207452        5768202.3032940123        17.782794100389228        2.3300000000000001       0.84999999999999998       0.14999999999999999        3.7309759194177735E-006   1.0000000000000477E-030   1.0000000000001223E-030   4.1046228855600049E-010   9.4958486646042078E-007   1.4175832195333195E-006   2.0580511557240300E-006
      100001   100000000.00000000        1500.8872896207452        6124662.3367520031        17.782794100389228        2.3300000000000001       0.84999999999999998       0.14999999999999999        3.7316977475449321E-006   1.0000000000000490E-030   1.0000000000001239E-030   3.8000763444217268E-010   8.9414782814889696E-007   1.3346462873015926E-006   1.9313710098248242E-006
      100001   100000000.00000000        1500.8872896207452        6503150.6814188827        17.782794100389228        2.3300000000000001       0.84999999999999998       0.14999999999999999        3.7323967192376776E-006   1.0000000000000505E-030   1.0000000000001248E-030   3.5144527001880816E-010   8.4193299752809909E-007   1.2565323425461579E-006   1.8118058516179250E-006
      100001   100000000.00000000        1500.8872896207452        6905028.6301442608        17.782794100389228        2.3300000000000001       0.84999999999999998       0.14999999999999999        3.7330730369625321E-006   1.0000000000000514E-030   1.0000000000001251E-030   3.2465736109380369E-010   7.9275302852632608E-007   1.1829621868925809E-006   1.6989378187870350E-006
      100001   100000000.00000000        1500.8872896207452        7331741.6001668191        17.782794100389228        2.3300000000000001       0.84999999999999998       0.14999999999999999        3.7337269278086771E-006   1.0000000000000525E-030   1.0000000000001253E-030   2.9953326711266350E-010   7.4643152873699159E-007   1.1136731100189372E-006   1.5923742645061617E-006
      100001   100000000.00000000        1500.8872896207452        7784824.3317846479        17.782794100389228        2.3300000000000001       0.84999999999999998       0.14999999999999999        3.7343586417073144E-006   1.0000000000000535E-030   1.0000000000001246E-030   2.7596911014410670E-010   7.0280242835391545E-007   1.0484179549335475E-006   1.4917464506446998E-006
      100001   100000000.00000000        1500.8872896207452        8265906.4082901161        17.782794100389228        2.3300000000000001       0.84999999999999998       0.14999999999999999        3.7349684497165814E-006   1.0000000000000542E-030   1.0000000000001232E-030   2.5386736939330525E-010   6.6170938646579942E-007   9.8696423913634754E-007   1.3967083315364831E-006
      100001   100000000.00000000        1500.8872896207452        8776718.1170225106        17.782794100389228        2.3300000000000001       0.84999999999999998       0.14999999999999999        3.7355566423704794E-006   1.0000000000000549E-030   1.0000000000001208E-030   2.3313649973611083E-010   6.2300523256913672E-007   9.2909332825208004E-007   1.3069354223035604E-006
      100001   100000000.00000000        1500.8872896207452        9319096.6726183258        17.782794100389228        2.3300000000000001       0.84999999999999998       0.14999999999999999        3.7361235280912292E-006   1.0000000000000558E-030   1.0000000000001181E-030   2.1369057285680571E-010   5.8655144127795731E-007   8.7459965884111853E-007   1.2221237453972036E-006
      100001   100000000.00000000        1500.8872896207452        9894992.8248428442        17.782794100389228        2.3300000000000001       0.84999999999999998       0.14999999999999999        3.7366694316636511E-006   1.0000000000000560E-030   1.0000000000001138E-030   1.9544893965576653E-010   5.5221763831844438E-007   8.2329000718693264E-007   1.1419888485527767E-006
      100001   100000000.00000000        1500.8872896207452        10506477.874768315        17.782794100389228        2.3300000000000001       0.84999999999999998       0.14999999999999999        3.7371946927708264E-006   1.0000000000000560E-030   1.0000000000001085E-030   1.7833591267235233E-010   5.1988113599676323E-007   7.7498280092789205E-007   1.0662648867522838E-006
      100001   100000000.00000000        1500.8872896207452        11155751.124533957        17.782794100389228        2.3300000000000001       0.84999999999999998       0.14999999999999999        3.7376996645895348E-006   1.0000000000000561E-030   1.0000000000001024E-030   1.6228046734253683E-010   4.8942649641892291E-007   7.2950747044490507E-007   9.9470376005727156E-007
      100001   100000000.00000000        1500.8872896207452        11845147.787482003        17.782794100389228        2.3300000000000001       0.84999999999999998       0.14999999999999999        3.7381847124446200E-006   1.0000000000000556E-030   1.0000000000000941E-030   1.4721596098063735E-010   4.6074512082228166E-007   6.8670383693659924E-007   9.2707429833856566E-007
      100001   100000000.00000000        1500.8872896207452        12577147.387119714        17.782794100389228        2.3300000000000001       0.84999999999999998       0.14999999999999999        3.7386502125210579E-006   1.0000000000000549E-030   1.0000000000000847E-030   1.3307986844016811E-010   4.3373486344895464E-007   6.4642153411208008E-007   8.6316148302710314E-007
      100001   100000000.00000000        1500.8872896207452        13354382.675115502        17.782794100389228        2.3300000000000001       0.84999999999999998       0.14999999999999999        3.7390965506324235E-006   1.0000000000000540E-030   1.0000000000000740E-030   1.1981353347059237E-010   4.0829966845164023E-007   6.0851946041130305E-007   8.0276569510243438E-007
      100001   100000000.00000000        1500.8872896207452        14179649.100404337        17.782794100389228        2.3300000000000001       0.84999999999999998       0.14999999999999999        3.7395241210445451E-006   1.0000000000000523E-030   1.0000000000000607E-030   1.0736193484484607E-010   3.8434922837193018E-007   5.7286525863024442E-007   7.4570197770692320E-007
      100001   100000000.00000000        1500.8872896207452        15055914.863459503        17.782794100389228        2.3300000000000001       0.84999999999999998       0.14999999999999999        3.7399333253532831E-006   1.0000000000000504E-030   1.0000000000000458E-030   9.5673466387145706E-011   3.6179866276981259E-007   5.3933481979050785E-007   6.9179930113493806E-007
      100001   100000000.00000000        1500.8872896207452        15986331.591892287        17.782794100389228        2.3300000000000001       0.84999999999999998       0.14999999999999999        3.7403245714149545E-006   1.0000000000000483E-030   1.0000000000000288E-030   8.4699730081943162E-011   3.4056821561065355E-007   5.0781180806185467E-007   6.4089981763299614E-007
      100001   100000000.00000000        1500.8872896207452        16974245.675776266        17.782794100389228        2.3300000000000001       0.84999999999999998       0.14999999999999999        3.7406982723282165E-006   1.0000000000000449E-030   1.0000000000000094E-030   7.4395341493224937E-011   3.2058297003260008E-007   4.7818720353616507E-007   5.9285809361473553E-007
      100001   100000000.00000000        1500.8872896207452        18023210.303465553        17.782794100389228        2.3300000000000001       0.84999999999999998       0.14999999999999999        3.7410548454663252E-006   1.0000000000000412E-030   9.9999999999998765E-031   6.4717746768793489E-011   3.0177257912361659E-007   4.5035885968114806E-007   5.4754030770985685E-007
      100001   100000000.00000000        1500.8872896207452        19136998.241195228        17.782794100389228        2.3300000000000001       0.84999999999999998       0.14999999999999999        3.7413947115580324E-006   1.0000000000000372E-030   9.9999999999996347E-031   5.5627050546880338E-011   2.8407101133428694E-007   4.2423107239409474E-007   5.0482340468872842E-007
      100001   100000000.00000000        1500.8872896207452        20319615.402428668        17.782794100389228        2.3300000000000001       0.84999999999999998       0.14999999999999999        3.7417182938163143E-006   1.0000000000000318E-030   9.9999999999993615E-031   4.7085854122654509E-011   2.6741630914183874E-007   3.9971415775570306E-007   4.6459419786538867E-007
      100001   100000000.00000000        1500.8872896207452        21575315.255755011        17.782794100389228        2.3300000000000001       0.84999999999999998       0.14999999999999999        3.7420260171133416E-006   1.0000000000000258E-030   9.9999999999990602E-031   3.9059103269974857E-011   2.5175035956544938E-007   3.7672403587928296E-007   4.2674841615609288E-007
      100001   100000000.00000000        1500.8872896207452        22908614.123157904        17.782794100389228        2.3300000000000001       0.84999999999999998       0.14999999999999999        3.7423183072003133E-006   1.0000000000000187E-030   9.9999999999987292E-031   3.1513945149289724E-011   2.3701867511662069E-007   3.5518181868878317E-007   3.9118969654496555E-007
      100001   100000000.00000000        1500.8872896207452        24324307.423677817        17.782794100389228        2.3300000000000001       0.84999999999999998       0.14999999999999999        3.7425955899712621E-006   1.0000000000000111E-030   9.9999999999983771E-031   2.4419593766031346E-011   2.2317018375682048E-007   3.3501340006440879E-007   3.5782852815308059E-007
      100001   100000000.00000000        1500.8872896207452        25827486.920890488        17.782794100389228        2.3300000000000001       0.84999999999999998       0.14999999999999999        3.7428582907688805E-006   1.0000000000000020E-030   9.9999999999979882E-031   1.7747203475305248E-011   2.1015702643467373E-007   3.1614904758350148E-007   3.2658116015364794E-007
      100001   100000000.00000000        1500.8872896207452        27423559.036235455        17.782794100389228        2.3300000000000001       0.84999999999999998       0.14999999999999999        3.7431068337317915E-006   9.9999999999999238E-031   9.9999999999975766E-031   1.1469750058271909E-011   1.9793436079555498E-007   2.9852299606053667E-007   2.9736849201032682E-007
      100001   100000000.00000000        1500.8872896207452        29118264.294060908        17.782794100389228        2.3300000000000001       0.84999999999999998       0.14999999999999999        3.7433416411809148E-006   1.0000000000516630E-030   1.0000000000780326E-030   5.5619189234589480E-012   1.8646016970795987E-007   2.8207304423864938E-007   2.7011497039463684E-007
