        1001   1000000.0000000000        148.40165596035294        308.80279052050048        177.82794100389228        2.3300000000000001       0.84999999999999998       0.14999999999999999        3.5688991263989495E-025   2.5764832584246209E-015   4.0528434659296263E-006   9.0490856580471390E-015   4.7070527610030863     
        1001   1000000.0000000000        149.28906128616057        327.10050620398187        177.82794100389228        2.3300000000000001       0.84999999999999998       0.14999999999999999        3.5688991263989495E-025   2.5764832584246209E-015   4.0528434659296263E-006   9.0490856580471390E-015   4.4570949493175176     
        1001   1000000.0000000000        150.22697493686488        346.48242970394421        177.82794100389228        2.3300000000000001       0.84999999999999998       0.14999999999999999        3.8552293946397157E-025   2.5765593642050695E-015   4.0529177388685607E-006   9.0488328834008616E-015   4.2210338110923908     
        1001   1000000.0000000000        151.16252660015903        367.01280437238137        177.82794100389228        2.3300000000000001       0.84999999999999998       0.14999999999999999        4.3962029684040945E-025   2.5766982888799589E-015   4.0530531174383466E-006   9.0483712109261840E-015   3.9973580559024269     
        1001   1000000.0000000000        152.15351318459915        388.75968021920926        177.82794100389228        2.3300000000000001       0.84999999999999998       0.14999999999999999        5.2118514803424153E-025   2.5768962054225336E-015   4.0532455017546422E-006   9.0477128931943675E-015   3.7861452334793064     
        1001   1000000.0000000000        153.20321941576799        411.79513947092835        177.82794100389228        2.3300000000000001       0.84999999999999998       0.14999999999999999        6.3490650694198097E-025   2.5771519134438773E-015   4.0534932046717883E-006   9.0468612788309383E-015   3.5866968455135551     
        1001   1000000.0000000000        154.31512465147549        436.19553549448273        177.82794100389228        2.3300000000000001       0.84999999999999998       0.14999999999999999        7.8751372372140203E-025   2.5774642372504516E-015   4.0537944109935899E-006   9.0458194625921638E-015   3.3983547844167052     
        1001   1000000.0000000000        155.49291441444271        462.04174587823252        177.82794100389228        2.3300000000000001       0.84999999999999998       0.14999999999999999        9.8829063938306738E-025   2.5778321775543390E-015   4.0541473251980714E-006   9.0445897942541223E-015   3.2204956456463338     
        1001   1000000.0000000000        156.74049260834150        489.41944050893699        177.82794100389228        2.3300000000000001       0.84999999999999998       0.14999999999999999        1.2497514517414065E-024   2.5782550008771703E-015   4.0545502567996365E-006   9.0431735958699613E-015   3.0525318513059934     
        1001   1000000.0000000000        158.06199445767865        518.41936553327446        177.82794100389228        2.3300000000000001       0.84999999999999998       0.14999999999999999        1.5885241747788276E-024   2.5787322278667426E-015   4.0550016045440726E-006   9.0415712152668185E-015   2.8939081131084352     
        1001   1000000.0000000000        159.46180021441779        549.13764414516834        177.82794100389228        2.3300000000000001       0.84999999999999998       0.14999999999999999        2.0265585098316392E-024   2.5792636390489921E-015   4.0554998552126124E-006   9.0397820226654584E-015   2.7441003225256844     
        1001   1000000.0000000000        160.94454967676830        581.67609519585039        177.82794100389228        2.3300000000000001       0.84999999999999998       0.14999999999999999        2.5927568884103359E-024   2.5798492852955846E-015   4.0560435844239683E-006   9.0378043929507999E-015   2.6026132107381494     
        1001   1000000.0000000000        162.51515756826765        616.14257068278266        177.82794100389228        2.3300000000000001       0.84999999999999998       0.14999999999999999        3.3251708598902771E-024   2.5804895002600385E-015   4.0566314564883865E-006   9.0356356830631960E-015   2.4689790725077239     
        1001   1000000.0000000000        164.11077928413940        652.65131323604942        177.82794100389228        2.3300000000000001       0.84999999999999998       0.14999999999999999        4.2735618651012451E-024   2.5811846235386748E-015   4.0572619589199315E-006   9.0332731949109537E-015   2.3422712068188676     
        1001   1000000.0000000000        165.00119766379629        691.32333478713360        177.82794100389228        2.3300000000000001       0.84999999999999998       0.14999999999999999        5.4973897246540843E-024   2.5819315657908290E-015   4.0579303266362097E-006   9.0307259287152618E-015   2.2172262745258187     
        1001   1000000.0000000000        165.94437664941421        732.28681767525836        177.82794100389228        2.3300000000000001       0.84999999999999998       0.14999999999999999        7.0717606946829874E-024   2.5827269883560930E-015   4.0586315370431139E-006   9.0280039177782159E-015   2.0991577186953569     
        1001   1000000.0000000000        166.94344250343889        775.67753952073815        177.82794100389228        2.3300000000000001       0.84999999999999998       0.14999999999999999        9.0996326324998878E-024   2.5835709887309339E-015   4.0593635543294706E-006   9.0251056421662432E-015   1.9876727364608178     
        1001   1000000.0000000000        168.00170673101204        821.63932327369855        177.82794100389228        2.3300000000000001       0.84999999999999998       0.14999999999999999        1.1714710017742015E-023   2.5844639287738706E-015   4.0601244431767048E-006   9.0220288429922171E-015   1.8824028473083474     
        1001   1000000.0000000000        169.12267705629066        870.32451392981056        177.82794100389228        2.3300000000000001       0.84999999999999998       0.14999999999999999        1.5090974435143781E-023   2.5854064479590427E-015   4.0609123691497569E-006   9.0187705139322629E-015   1.7829996422467895     
        1001   1000000.0000000000        170.31006904915532        921.89448349326608        177.82794100389228        2.3300000000000001       0.84999999999999998       0.14999999999999999        1.9455270433117516E-023   2.5863994790721502E-015   4.0617255988274710E-006   9.0153268871309266E-015   1.6891340732065903     
        1001   1000000.0000000000        171.56781844084281        976.52016586063280        177.82794100389228        2.3300000000000001       0.84999999999999998       0.14999999999999999        2.5103973807451071E-023   2.5874442666175480E-015   4.0625624996761960E-006   9.0116934132490551E-015   1.6004952221946733     
        1001   1000000.0000000000        172.90009416932730        1034.3826233986197        177.82794100389228        2.3300000000000001       0.84999999999999998       0.14999999999999999        3.2425130818317784E-023   2.5885423882566131E-015   4.0634215396718092E-006   9.0078647353634372E-015   1.5167900692693721     
        1001   1000000.0000000000        174.31131219768781        1095.6736470936448        177.82794100389228        2.3300000000000001       0.84999999999999998       0.14999999999999999        4.1927952351064239E-023   2.5896957796561452E-015   4.0643012866766184E-006   9.0038346563777970E-015   1.4377408594662349     
        1001   1000000.0000000000        175.80615015126600        1160.5963922625303        177.82794100389228        2.3300000000000001       0.84999999999999998       0.14999999999999999        5.4282228895160343E-023   2.5909067631930162E-015   4.0652004075785582E-006   8.9995960995503411E-015   1.3630865591183761     
        1001   1000000.0000000000        177.38956282213016        1229.3660519314089        177.82794100389228        2.3300000000000001       0.84999999999999998       0.14999999999999999        7.0371174287535132E-023   2.5921780810391505E-015   4.0661176672007745E-006   8.9951410616834925E-015   1.2925804348626215     
        1001   1000000.0000000000        178.49294565763785        1302.2105701148403        177.82794100389228        2.3300000000000001       0.84999999999999998       0.14999999999999999        9.1294276136508460E-023   2.5935085940074947E-015   4.0670488899710004E-006   8.9904757734719134E-015   1.2240245267388081     
        1001   1000000.0000000000        179.40375238901848        1379.3713973593844        177.82794100389228        2.3300000000000001       0.84999999999999998       0.14999999999999999        1.1842346280243249E-022   2.5948949586275352E-015   4.0679884635366183E-006   8.9856148972284259E-015   1.1584573932408972     
        1001   1000000.0000000000        180.36852781215001        1461.1042910559304        177.82794100389228        2.3300000000000001       0.84999999999999998       0.14999999999999999        1.5359207563960231E-022   2.5963377956264489E-015   4.0689336233283572E-006   8.9805599017312359E-015   1.0965480989175538     
        1001   1000000.0000000000        181.39046977306157        1547.6801631735148        177.82794100389228        2.3300000000000001       0.84999999999999998       0.14999999999999999        1.9922584510557588E-022   2.5978398942923441E-015   4.0698829882928882E-006   8.9753053959186983E-015   1.0380921917570733     
        1001   1000000.0000000000        182.47296560207215        1639.3859782245424        177.82794100389228        2.3300000000000001       0.84999999999999998       0.14999999999999999        2.5849111330171191E-022   2.5994044380838561E-015   4.0708352980808730E-006   8.9698454172448193E-015  0.98289546445563969     
        1001   1000000.0000000000        183.61960334144044        1736.5257044377579        177.82794100389228        2.3300000000000001       0.84999999999999998       0.14999999999999999        3.3552791223524444E-022   2.6010350339262383E-015   4.0717894099616938E-006   8.9641734029589763E-015  0.93077526337849692     
        1001   1000000.0000000000        184.83418363829520        1839.4213212918128        177.82794100389228        2.3300000000000001       0.84999999999999998       0.14999999999999999        4.3575848805084610E-022   2.6027357453925693E-015   4.0727442954957305E-006   8.9582821565523691E-015  0.88155996443962248     
        1001   1000000.0000000000        186.12073234226551        1948.4138867488846        177.82794100389228        2.3300000000000001       0.84999999999999998       0.14999999999999999        5.6629673455954650E-022   2.6045111303079709E-015   4.0736990369995573E-006   8.9521638091415213E-015  0.83508775721417261     
        1001   1000000.0000000000        187.48351384956811        2063.8646677259139        177.82794100389228        2.3300000000000001       0.84999999999999998       0.14999999999999999        7.3649295493717670E-022   2.6063662833942630E-015   4.0746528238388267E-006   8.9458097755208345E-015  0.79120277401437034     
        1001   1000000.0000000000        188.92704523778113        2186.1563375504652        177.82794100389228        2.3300000000000001       0.84999999999999998       0.14999999999999999        9.5866063252485481E-022   2.6083068846642937E-015   4.0756049485827207E-006   8.9392107045745770E-015  0.74975967522610498     
        1001   1000000.0000000000        190.45611123815601        2315.6942443702628        177.82794100389228        2.3300000000000001       0.84999999999999998       0.14999999999999999        1.2490487409551747E-021   2.6103392543816303E-015   4.0765548030524971E-006   8.9323564236937100E-015  0.71062125456969327     
        1001   1000000.0000000000        191.93889795336440        2452.9077547208094        177.82794100389228        2.3300000000000001       0.84999999999999998       0.14999999999999999        1.6288715914176545E-021   2.6124688749153669E-015   4.0775011896603972E-006   8.9252410242149419E-015  0.67341816448806913     
        1001   1000000.0000000000        192.96007491287185        2598.2516767042748        177.82794100389228        2.3300000000000001       0.84999999999999998       0.14999999999999999        2.1246254164059667E-021   2.6146953167781423E-015   4.0784402899445736E-006   8.9178795784959859E-015  0.63737743900215293     
        1001   1000000.0000000000        194.04176041129537        2752.2077674971461        177.82794100389228        2.3300000000000001       0.84999999999999998       0.14999999999999999        2.7706611940718364E-021   2.6170192711255631E-015   4.0793690441727763E-006   8.9102842321478388E-015  0.60334720486139548     
        1001   1000000.0000000000        195.18753980497075        2915.2863301832235        177.82794100389228        2.3300000000000001       0.84999999999999998       0.14999999999999999        3.6132850772779385E-021   2.6194477323679676E-015   4.0802870354096279E-006   8.9024475153578026E-015  0.57121375187725187     
        1001   1000000.0000000000        196.40121089595266        3088.0279052049968        177.82794100389228        2.3300000000000001       0.84999999999999998       0.14999999999999999        4.7132243489204336E-021   2.6219883323023029E-015   4.0811939431167183E-006   8.8943614029783343E-015  0.54087095385535733     
        1001   1000000.0000000000        197.68679652021538        3271.0050620398224        177.82794100389228        2.3300000000000001       0.84999999999999998       0.14999999999999999        6.1502489995603982E-021   2.6246493975449018E-015   4.0820895373122035E-006   8.8860172699039922E-015  0.51221817351165366     
        1001   1000000.0000000000        199.04855788174990        3464.8242970394440        177.82794100389228        2.3300000000000001       0.84999999999999998       0.14999999999999999        8.0293150701833293E-021   2.6274400144234535E-015   4.0829736728494545E-006   8.8774058420433414E-015  0.48516086263738012     
        1001   1000000.0000000000        200.49100867675793        3670.1280437238115        177.82794100389228        2.3300000000000001       0.84999999999999998       0.14999999999999999        1.0488751449049833E-020   2.6303701023616994E-015   4.0838462838476005E-006   8.8685171425999922E-015  0.45960906486759578     
        1001   1000000.0000000000        202.01893005475509        3887.5968021920867        177.82794100389228        2.3300000000000001       0.84999999999999998       0.14999999999999999        1.3711198010031643E-020   2.6334504969409005E-015   4.0847073783029518E-006   8.8593404333368043E-015  0.43547822490009069     
        1001   1000000.0000000000        203.63738646617659        4117.9513947092819        177.82794100389228        2.3300000000000001       0.84999999999999998       0.14999999999999999        1.7938258863168114E-020   2.6366930439983720E-015   4.0855570329065314E-006   8.8498641504542946E-015  0.41268873413804258     
        1001   1000000.0000000000        205.35174244901191        4361.9553549448192        177.82794100389228        2.3300000000000001       0.84999999999999998       0.14999999999999999        2.3490187393980900E-020   2.6401107063303343E-015   4.0863953880892249E-006   8.8400758346680503E-015  0.39116488125467114     
        1001   1000000.0000000000        207.16768041011017        4620.4174587823190        177.82794100389228        2.3300000000000001       0.84999999999999998       0.14999999999999999        3.0792408303206480E-020   2.6437176848098781E-015   4.0872226433125099E-006   8.8299620550201870E-015  0.37083554921251677     
        1001   1000000.0000000000        208.92440192203628        4894.1944050893680        177.82794100389228        2.3300000000000001       0.84999999999999998       0.14999999999999999        4.0403576189341724E-020   2.6475264710829267E-015   4.0880383919018645E-006   8.8195167860760914E-015  0.35149309718953192     
        1001   1000000.0000000000        210.71572618878145        5184.1936553327541        177.82794100389228        2.3300000000000001       0.84999999999999998       0.14999999999999999        5.3059529117886294E-020   2.6515491614375483E-015   4.0888420291959090E-006   8.8087374136846976E-015  0.33316914466084974     
        1001   1000000.0000000000        212.61319309133177        5491.3764414516872        177.82794100389228        2.3300000000000001       0.84999999999999998       0.14999999999999999        6.9745616020568708E-020   2.6558018727275583E-015   4.0896336327928819E-006   8.7976129968877671E-015  0.31586141039734883     
        1001   1000000.0000000000        214.62309197625868        5816.7609519584885        177.82794100389228        2.3300000000000001       0.84999999999999998       0.14999999999999999        9.1780867066653892E-020   2.6603035684147237E-015   4.0904135794382541E-006   8.7861282301782977E-015  0.29951270297758237     
        1001   1000000.0000000000        216.75208485734737        6161.4257068278348        177.82794100389228        2.3300000000000001       0.84999999999999998       0.14999999999999999        1.2093017616533645E-019   2.6650750638025289E-015   4.0911822866075050E-006   8.7742666077889068E-015  0.28406885148772804     
        1001   1000000.0000000000        219.00722849751645        6526.5131323604974        177.82794100389228        2.3300000000000001       0.84999999999999998       0.14999999999999999        1.5956136856087513E-019   2.6701392472081934E-015   4.0919402090126108E-006   8.7620103196408266E-015  0.26947926667751226     
        1001   1000000.0000000000        221.39599779917529        6913.2333478713435        177.82794100389228        2.3300000000000001       0.84999999999999998       0.14999999999999999        2.1086015577362086E-019   2.6755213325635557E-015   4.0926878354311642E-006   8.7493401382363053E-015  0.25569522792095611     
        1001   1000000.0000000000        223.92631058054673        7322.8681767525914        177.82794100389228        2.3300000000000001       0.84999999999999998       0.14999999999999999        2.7912541026909661E-019   2.6812491484315158E-015   4.0934256858548565E-006   8.7362352956690481E-015  0.24267125166662906     
        1001   1000000.0000000000        226.60655382007798        7756.7753952073854        177.82794100389228        2.3300000000000001       0.84999999999999998       0.14999999999999999        3.7017634641225047E-019   2.6873534693275355E-015   4.0941543089521671E-006   8.7226733498436663E-015  0.23036010077384250     
        1001   1000000.0000000000        229.44561145593292        8216.3932327369839        177.82794100389228        2.3300000000000001       0.84999999999999998       0.14999999999999999        4.9191628793003491E-019   2.6938683963242305E-015   4.0948742798383754E-006   8.7086300389039792E-015  0.21872341495138670     
        1001   1000000.0000000000        232.35753168189507        8703.2451392981129        177.82794100389228        2.3300000000000001       0.84999999999999998       0.14999999999999999        6.5504860781474051E-019   2.7008288974517891E-015   4.0955859018834128E-006   8.6940851780581717E-015  0.20768207623922916     
        1001   1000000.0000000000        235.38045792853379        9218.9448349326649        177.82794100389228        2.3300000000000001       0.84999999999999998       0.14999999999999999        8.7410474257174370E-019   2.7082716051715483E-015   4.0962893237555513E-006   8.6790211107505272E-015  0.19721939570552890     
        1001   1000000.0000000000        238.58250381622190        9765.2016586063237        177.82794100389228        2.3300000000000001       0.84999999999999998       0.14999999999999999        1.1690241070333727E-018   2.7162399431128465E-015   4.0969850030022326E-006   8.6634129066038753E-015  0.18732927222325510     
        1001   1000000.0000000000        241.97428285094443        10343.826233986212        177.82794100389228        2.3300000000000001       0.84999999999999998       0.14999999999999999        1.5672709198965221E-018   2.7247842705561699E-015   4.0976735946401184E-006   8.6472296620327825E-015  0.17797894844825490     
        1001   1000000.0000000000        245.56703742845241        10956.736470936465        177.82794100389228        2.3300000000000001       0.84999999999999998       0.14999999999999999        2.1067502866454397E-018   2.7339608770754735E-015   4.0983557725403254E-006   8.6304379244539673E-015  0.16913751797090240     
        1001   1000000.0000000000        249.37267609832523        11605.963922625277        177.82794100389228        2.3300000000000001       0.84999999999999998       0.14999999999999999        2.8399989598004437E-018   2.7438328342002924E-015   4.0990322286535330E-006   8.6130014683762512E-015  0.16077590801227043     
        1001   1000000.0000000000        253.40381303606705        12293.660519314064        177.82794100389228        2.3300000000000001       0.84999999999999998       0.14999999999999999        3.8401552424657718E-018   2.7544709897223397E-015   4.0997036724749717E-006   8.5948810512633950E-015  0.15286671224043083     
        1001   1000000.0000000000        257.67380985406976        13022.105701148388        177.82794100389228        2.3300000000000001       0.84999999999999998       0.14999999999999999        5.2095081140903726E-018   2.7659551320631834E-015   4.1003708307322075E-006   8.5760341472477549E-015  0.14538399381443079     
        1001   1000000.0000000000        262.19681989003436        13793.713973593844        177.82794100389228        2.3300000000000001       0.84999999999999998       0.14999999999999999        7.0918066443392636E-018   2.7783753580434739E-015   4.1010344472770826E-006   8.5564146565899520E-015  0.13830311686986113     
        1001   1000000.0000000000        266.67924412698176        14611.042910559312        177.82794100389228        2.3300000000000001       0.84999999999999998       0.14999999999999999        9.6870373848422687E-018   2.7918179055317104E-015   4.1016945083667229E-006   8.5359965558096613E-015  0.13152432598683059     
        1001   1000000.0000000000        269.75801022401487        15476.801631735168        177.82794100389228        2.3300000000000001       0.84999999999999998       0.14999999999999999        1.3254229331829366E-017   2.8062880321305915E-015   4.1023469375900991E-006   8.5148849424966287E-015  0.12472054506221526     
        1001   1000000.0000000000        273.01920468124672        16393.859782245421        177.82794100389228        2.3300000000000001       0.84999999999999998       0.14999999999999999        1.8145956176716419E-017   2.8217978159408612E-015   4.1029885460934177E-006   8.4931727298834176E-015  0.11828890614472376     
        1001   1000000.0000000000        276.47363705859709        17365.257044377595        177.82794100389228        2.3300000000000001       0.84999999999999998       0.14999999999999999        2.4874209282732919E-017   2.8384495694538541E-015   4.1036200615792001E-006   8.4708295438718994E-015  0.11220843517825187     
        1001   1000000.0000000000        280.13275742267854        18394.213212918123        177.82794100389228        2.3300000000000001       0.84999999999999998       0.14999999999999999        3.4154342986839054E-017   2.8563578306737706E-015   4.1042422174308846E-006   8.4478224595367987E-015  0.10645819391662245     
        1001   1000000.0000000000        284.00869429920385        19484.138867488829        177.82794100389228        2.3300000000000001       0.84999999999999998       0.14999999999999999        4.6989720779345210E-017   2.8756512517558524E-015   4.1048557519967388E-006   8.4241157721132235E-015  0.10102010846695451     
        1001   1000000.0000000000        288.11429487421532        20638.646677259141        177.82794100389228        2.3300000000000001       0.84999999999999998       0.14999999999999999        6.4793070961504079E-017   2.8964748056920624E-015   4.1054614080961134E-006   8.3996707485945087E-015   9.5876091013755493E-002
        1001   1000000.0000000000        292.46316757738617        21861.563375504604        177.82794100389228        2.3300000000000001       0.84999999999999998       0.14999999999999999        8.9561286484826041E-017   2.9189923674755233E-015   4.1060599327233876E-006   8.3744453580239029E-015   9.1008981064238603E-002
        1001   1000000.0000000000        297.06972718854183        23156.942443702636        177.82794100389228        2.3300000000000001       0.84999999999999998       0.14999999999999999        1.2412840384903658E-016   2.9433897353291419E-015   4.1066520769254566E-006   8.3483939783485552E-015   8.6403013015839497E-002
        1001   1000000.0000000000        301.94924261690977        24529.077547208130        177.82794100389228        2.3300000000000001       0.84999999999999998       0.14999999999999999        1.7253351632361453E-016   2.9698781676359152E-015   4.1072385958285454E-006   8.3214670774627934E-015   8.2046891182065318E-002
        1001   1000000.0000000000        306.45901920054433        25982.516767042762        177.82794100389228        2.3300000000000001       0.84999999999999998       0.14999999999999999        2.4041050430430500E-016   2.9986358041075716E-015   4.1078189830174207E-006   8.2936714854729263E-015   7.7827668840335887E-002
        1001   1000000.0000000000        311.17688848442435        27522.077674971442        177.82794100389228        2.3300000000000001       0.84999999999999998       0.14999999999999999        3.3571021877622351E-016   3.0298524248390610E-015   4.1083926656504479E-006   8.2650207463897349E-015   7.3834420172304197E-002
        1001   1000000.0000000000        316.17430909827357        29152.863301832149        177.82794100389228        2.3300000000000001       0.84999999999999998       0.14999999999999999        4.6994494601815890E-016   3.0638053994969280E-015   4.1089602854181495E-006   8.2354691928243428E-015   7.0056995161971558E-002
        1001   1000000.0000000000        321.46784549977127        30880.279052050009        177.82794100389228        2.3300000000000001       0.84999999999999998       0.14999999999999999        6.5967892142523588E-016   3.1008167397680823E-015   4.1095225899031505E-006   8.2049616500631850E-015   6.6475839279507509E-002
        1001   1000000.0000000000        327.07504365241942        32710.050620398204        177.82794100389228        2.3300000000000001       0.84999999999999998       0.14999999999999999        9.2882665060315256E-016   3.1412539350641028E-015   4.1100803269719447E-006   8.1734381080251270E-015   6.3083165354468479E-002
        1001   1000000.0000000000        333.01448918341902        34648.242970394473        177.82794100389228        2.3300000000000001       0.84999999999999998       0.14999999999999999        1.3120739073019197E-015   3.1855368692578817E-015   4.1106342449565164E-006   8.1408332919867876E-015   5.9869873119438290E-002
        1001   1000000.0000000000        339.30586898761783        36701.280437238122        177.82794100389228        2.3300000000000001       0.84999999999999998       0.14999999999999999        1.8599696308489857E-015   3.2341456372231208E-015   4.1111850928368146E-006   8.1070761922460186E-015   5.6818176455324013E-002
        1001   1000000.0000000000        345.32148623623573        38875.968021920889        177.82794100389228        2.3300000000000001       0.84999999999999998       0.14999999999999999        2.6450507418433113E-015   3.2875275947274943E-015   4.1117325773358137E-006   8.0721560759487296E-015   5.3877440164038636E-002
        1001   1000000.0000000000        350.68031822994379        41179.513947092892        177.82794100389228        2.3300000000000001       0.84999999999999998       0.14999999999999999        3.7693652188887782E-015   3.3460067499468429E-015   4.1122748409921295E-006   8.0361673616462709E-015   5.1016435960051149E-002
        1001   1000000.0000000000        356.35668098187813        43619.553549448232        177.82794100389228        2.3300000000000001       0.84999999999999998       0.14999999999999999        5.3810619061246462E-015   3.4100231755968529E-015   4.1128110695463084E-006   7.9991462973471520E-015   4.8306620472843217E-002
        1001   1000000.0000000000        362.36938937232219        46204.174587823225        177.82794100389228        2.3300000000000001       0.84999999999999998       0.14999999999999999        7.6994012136844114E-015   3.4802360606054885E-015   4.1133419609570539E-006   7.9610265450249853E-015   4.5735590921121463E-002
        1001   1000000.0000000000        368.73837313330478        48941.944050893537        177.82794100389228        2.3300000000000001       0.84999999999999998       0.14999999999999999        1.1045583747522670E-014   3.5573817587246958E-015   4.1138682036953188E-006   7.9217357072693067E-015   4.3311915608356143E-002
        1001   1000000.0000000000        375.48474290771946        51841.936553327454        177.82794100389228        2.3300000000000001       0.84999999999999998       0.14999999999999999        1.5892182617403367E-014   3.6422797266329773E-015   4.1143904760575437E-006   7.8811947715697382E-015   4.1012410873882646E-002
        1001   1000000.0000000000        382.63086022269187        54913.764414516860        177.82794100389228        2.3300000000000001       0.84999999999999998       0.14999999999999999        2.2937532680482326E-014   3.7358376575341470E-015   4.1149094452142185E-006   7.8393174900735749E-015   3.8823494952261832E-002
        1001   1000000.0000000000        390.03361487115029        58167.609519584992        177.82794100389228        2.3300000000000001       0.84999999999999998       0.14999999999999999        3.3213776287022888E-014   3.8390106297682847E-015   4.1154255420088982E-006   7.7960284636961755E-015   3.6718818198926230E-002
        1001   1000000.0000000000        396.10711672720470        61614.257068278283        177.82794100389228        2.3300000000000001       0.84999999999999998       0.14999999999999999        4.8187760120241663E-014   3.9523213818795495E-015   4.1159368733224350E-006   7.7514471879842283E-015   3.4696725543423033E-002
        1001   1000000.0000000000        402.54049619310183        65265.131323604903        177.82794100389228        2.3300000000000001       0.84999999999999998       0.14999999999999999        6.9988524053826000E-014   4.0762705798691368E-015   4.1164418164201217E-006   7.7056839178431646E-015   3.2767741596273749E-002
        1001   1000000.0000000000        409.35507735783256        69132.333478713568        177.82794100389228        2.3300000000000001       0.84999999999999998       0.14999999999999999        1.0182272644123319E-013   4.2118495496587657E-015   4.1169409423781816E-006   7.6586554171133163E-015   3.0928262962769373E-002
        1001   1000000.0000000000        416.57344784209613        73228.681767525879        177.82794100389228        2.3300000000000001       0.84999999999999998       0.14999999999999999        1.4843974144306729E-013   4.3600904898186434E-015   4.1174347944671992E-006   7.6102703237715413E-015   2.9205948128406659E-002
        1001   1000000.0000000000        424.21953366726217        77567.753952073908        177.82794100389228        2.3300000000000001       0.84999999999999998       0.14999999999999999        2.1689930224758939E-013   4.5220611086019813E-015   4.1179238844149214E-006   7.5604283209539742E-015   2.7565762891479297E-002
        1001   1000000.0000000000        432.31867856059466        82163.932327369650        177.82794100389228        2.3300000000000001       0.84999999999999998       0.14999999999999999        3.1773333144474298E-013   4.6988631152733476E-015   4.1184086875800203E-006   7.5090192016571089E-015   2.6005682887193963E-002
        1001   1000000.0000000000        439.83229089832622        87032.451392980889        177.82794100389228        2.3300000000000001       0.84999999999999998       0.14999999999999999        4.6634640680565512E-013   4.8911670304430770E-015   4.1188884577479864E-006   7.4560519695953315E-015   2.4492920547755183E-002
        1001   1000000.0000000000        446.82449660018165        92189.448349326631        177.82794100389228        2.3300000000000001       0.84999999999999998       0.14999999999999999        6.8502119274505727E-013   5.0991331214158151E-015   4.1193614051237062E-006   7.4016541286135193E-015   2.3015071771265314E-002
        1001   1000000.0000000000        454.23101653707749        97652.016586063502        177.82794100389228        2.3300000000000001       0.84999999999999998       0.14999999999999999        1.0068811497423644E-012   5.3233213531342553E-015   4.1198268624410663E-006   7.3458311927651226E-015   2.1617353891277318E-002
        1001   1000000.0000000000        462.07640037083394        103438.26233986193        177.82794100389228        2.3300000000000001       0.84999999999999998       0.14999999999999999        1.4815817348588913E-012   5.5648590872365371E-015   4.1202850920448621E-006   7.2884677080462387E-015   2.0271366915053348E-002
        1001   1000000.0000000000        470.38665242218678        109567.36470936458        177.82794100389228        2.3300000000000001       0.84999999999999998       0.14999999999999999        2.1830751945048361E-012   5.8251920577729628E-015   4.1207362731685104E-006   7.2294363857602829E-015   1.8959752311619709E-002
        1001   1000000.0000000000        479.18931786474394        116059.63922625296        177.82794100389228        2.3300000000000001       0.84999999999999998       0.14999999999999999        3.2217919125261976E-012   6.1063203170331156E-015   4.1211804819554611E-006   7.1685969479163812E-015   1.7706891315851344E-002
        1001   1000000.0000000000        487.95500180863991        122936.60519314058        177.82794100389228        2.3300000000000001       0.84999999999999998       0.14999999999999999        4.7612898867836835E-012   6.4107974398817573E-015   4.1216171566319455E-006   7.1058677211148025E-015   1.6485404398713481E-002
        1001   1000000.0000000000        495.87418076363849        130221.05701148394        177.82794100389228        2.3300000000000001       0.84999999999999998       0.14999999999999999        7.0388235895716687E-012   6.7415722610870330E-015   4.1220444041375169E-006   7.0413382629716245E-015   1.5289344773576356E-002
        1001   1000000.0000000000        504.26260057206605        137937.13973593831        177.82794100389228        2.3300000000000001       0.84999999999999998       0.14999999999999999        1.0404739358354296E-011   7.1036937502350847E-015   4.1224606970532343E-006   6.9750305486175275E-015   1.4168159554206737E-002
        1001   1000000.0000000000        513.14806550249409        146110.42910559292        177.82794100389228        2.3300000000000001       0.84999999999999998       0.14999999999999999        1.5385510911608412E-011   7.5058045268959875E-015   4.1228653966999569E-006   6.9067864836562869E-015   1.3128415008806526E-002
        1001   1000000.0000000000        522.56002732998195        154768.01631735137        177.82794100389228        2.3300000000000001       0.84999999999999998       0.14999999999999999        2.2764768528272879E-011   7.9603913865182777E-015   4.1232574965211395E-006   6.8364334235466996E-015   1.2169719364714716E-002
        1001   1000000.0000000000        532.52968295697497        163938.59782245383        177.82794100389228        2.3300000000000001       0.84999999999999998       0.14999999999999999        3.3711241354409125E-011   8.4850921290992774E-015   4.1236354783297338E-006   6.7637834047047426E-015   1.1296188353287410E-002
        1001   1000000.0000000000        541.63974628139761        173652.57044377620        177.82794100389228        2.3300000000000001       0.84999999999999998       0.14999999999999999        4.9927568025772041E-011   9.1025811431925559E-015   4.1239961211125212E-006   6.6888361126380265E-015   1.0511182682654024E-002
        1001   1000000.0000000000        550.28471415539525        183942.13212918109        177.82794100389228        2.3300000000000001       0.84999999999999998       0.14999999999999999        7.3871503327698864E-011   9.8415994318205156E-015   4.1243347240734384E-006   6.6117365330452187E-015   9.8107033292668296E-003
        1001   1000000.0000000000        559.44192857996575        194841.38867488838        177.82794100389228        2.3300000000000001       0.84999999999999998       0.14999999999999999        1.0918536620120536E-010   1.0740866651895564E-014   4.1246463277261489E-006   6.5324420212096359E-015   9.2084042106010747E-003
        1001   1000000.0000000000        569.14174207143913        206386.46677259143        177.82794100389228        2.3300000000000001       0.84999999999999998       0.14999999999999999        1.6128609766305723E-010   1.1850687352306379E-014   4.1249246878029698E-006   6.4507694452210434E-015   8.6944245419936263E-003
        1001   1000000.0000000000        579.41630564580714        218615.63375504629        177.82794100389228        2.3300000000000001       0.84999999999999998       0.14999999999999999        2.3817772828745868E-010   1.3233169075024829E-014   4.1251607770152799E-006   6.3665285560971856E-015   8.2459699271030702E-003
        1001   1000000.0000000000        589.63517167610689        231569.42443702623        177.82794100389228        2.3300000000000001       0.84999999999999998       0.14999999999999999        3.5157200562153663E-010   1.4961259364219532E-014   4.1253413004782767E-006   6.2796239166066361E-015   7.8425493920268319E-003
        1001   1000000.0000000000        599.06304551470896        245290.77547208132        177.82794100389228        2.3300000000000001       0.84999999999999998       0.14999999999999999        5.1828319028065425E-010   1.7114640689307779E-014   4.1254470351240547E-006   6.1901795278897963E-015   7.4838027174630086E-003
        1001   1000000.0000000000        609.04955599874893        259825.16767042750        177.82794100389228        2.3300000000000001       0.84999999999999998       0.14999999999999999        7.6283276262026244E-010   1.9783016750940622E-014   4.1254512885796738E-006   6.0982503779127079E-015   7.1654497621943094E-003
        1001   1000000.0000000000        619.62780443049087        275220.77674971428        177.82794100389228        2.3300000000000001       0.84999999999999998       0.14999999999999999        1.1214681098597215E-009   2.3069192191710580E-014   4.1253160350667462E-006   6.0037082835807432E-015   6.8735757457611853E-003
        1001   1000000.0000000000        630.83285348766435        291528.63301832200        177.82794100389228        2.3300000000000001       0.84999999999999998       0.14999999999999999        1.6472331982344815E-009   2.7082750670510398E-014   4.1249861514283418E-006   5.9064415025723913E-015   6.6093105446312170E-003
        1001   1000000.0000000000        641.64412483946285        308802.79052050057        177.82794100389228        2.3300000000000001       0.84999999999999998       0.14999999999999999        2.4164613255044761E-009   3.1928022494138179E-014   4.1243826093877672E-006   5.8065261706640781E-015   6.3546284265486854E-003
        1001   1000000.0000000000        652.36091670446365        327100.50620398164        177.82794100389228        2.3300000000000001       0.84999999999999998       0.14999999999999999        3.5381719720103201E-009   3.7694650807759397E-014   4.1233933335810066E-006   5.7041916410228313E-015   6.1054172586283290E-003
        1001   1000000.0000000000        663.71271840941597        346482.42970394494        177.82794100389228        2.3300000000000001       0.84999999999999998       0.14999999999999999        5.1704643797056118E-009   4.4460965031166592E-014   4.1218572295998662E-006   5.5995458605109066E-015   5.8748781029147011E-003
        1001   1000000.0000000000        675.73715665285988        367012.80437238095        177.82794100389228        2.3300000000000001       0.84999999999999998       0.14999999999999999        7.5425023922806003E-009   5.2281745928843314E-014   4.1195419349182430E-006   5.4926125838781201E-015   5.2796508550876017E-003
        1001   1000000.0000000000        688.47408765539308        388759.68021920888        177.82794100389228        2.3300000000000001       0.84999999999999998       0.14999999999999999        1.0983796717894139E-008   6.1163440307428713E-014   4.1161143213997708E-006   5.3834361467431985E-015   5.4451738868230137E-003
        1001   1000000.0000000000        699.99865988529734        411795.13947092788        177.82794100389228        2.3300000000000001       0.84999999999999998       0.14999999999999999        1.5952193039883617E-008   7.1009728007082157E-014   4.1111125671028881E-006   5.2723925722349802E-015   2.0875723790330725E-003
        1001   1000000.0000000000        711.88814134496454        436195.53549448232        177.82794100389228        2.3300000000000001       0.84999999999999998       0.14999999999999999        2.3082719334017310E-008   8.1606197255140641E-014   4.1038976662700167E-006   5.1599291564047068E-015   1.9774415001879947E-003
        1001   1000000.0000000000        724.48211887154298        462041.74587823276        177.82794100389228        2.3300000000000001       0.84999999999999998       0.14999999999999999        3.3273396656489150E-008   9.2626173942632520E-014   4.0935673379227607E-006   5.0461961538130907E-015   3.6454356511645587E-003
        1001   1000000.0000000000        737.82233648137026        489419.44050893636        177.82794100389228        2.3300000000000001       0.84999999999999998       0.14999999999999999        4.7769302425197066E-008   1.0358738528448018E-013   4.0788718518696027E-006   4.9312847674114041E-015   4.7223621634640408E-003
        1001   1000000.0000000000        750.25958625656631        518419.36553327565        177.82794100389228        2.3300000000000001       0.84999999999999998       0.14999999999999999        6.8225415011059498E-008   1.1381574033673597E-013   4.0581518200338463E-006   4.8155313159206442E-015   1.6421816377918514E-003
        1001   1000000.0000000000        762.07142168855034        549137.64414516836        177.82794100389228        2.3300000000000001       0.84999999999999998       0.14999999999999999        9.6773442729247832E-008   1.2248552988681313E-013   4.0292718876714192E-006   4.6994554437315536E-015   4.3993743397658207E-003
        1001   1000000.0000000000        774.58315237106046        581676.09519584989        177.82794100389228        2.3300000000000001       0.84999999999999998       0.14999999999999999        1.3619136311967352E-007   1.2873720119070263E-013   3.9894502589614869E-006   4.5832825477488625E-015   1.6402570716832570E-003
        1001   1000000.0000000000        787.83624970492485        616142.57068278408        177.82794100389228        2.3300000000000001       0.84999999999999998       0.14999999999999999        1.9003027576992532E-007   1.3177180169120513E-013   3.9351316200953917E-006   4.4669795044468128E-015   9.1416870873394147E-004
        1001   1000000.0000000000        801.66201057471926        652651.31323604856        177.82794100389228        2.3300000000000001       0.84999999999999998       0.14999999999999999        2.6260643876377378E-007   1.3096447969539175E-013   3.8619958340528807E-006   4.3504714258428912E-015   1.6026735827951940E-003
        1001   1000000.0000000000        815.07252100095286        691323.33478713466        177.82794100389228        2.3300000000000001       0.84999999999999998       0.14999999999999999        3.5879987591775425E-007   1.2601065334345970E-013   3.7651603150103797E-006   4.2337803573020964E-015   1.3396108763974904E-003
        1001   1000000.0000000000        829.27765412646932        732286.81767525827        177.82794100389228        2.3300000000000001       0.84999999999999998       0.14999999999999999        4.8386596404980260E-007   1.1704092697754876E-013   3.6393675583604372E-006   4.1168184679584209E-015   7.4246256830407366E-004
        1001   1000000.0000000000        844.32449430631254        775677.53952074063        177.82794100389228        2.3300000000000001       0.84999999999999998       0.14999999999999999        6.4314485812321314E-007   1.0463698586145700E-013   3.4792741385046803E-006   3.9992672086653275E-015   3.6183362065938269E-003
        1001   1000000.0000000000        858.78226731749135        821639.32327369694        177.82794100389228        2.3300000000000001       0.84999999999999998       0.14999999999999999        8.4088255753855001E-007   8.9806014249488049E-014   3.2806306848329636E-006   3.8809914803404737E-015   2.5043833517737740E-003
        1001   1000000.0000000000        872.52361832046324        870324.51392981003        177.82794100389228        2.3300000000000001       0.84999999999999998       0.14999999999999999        1.0789323655569328E-006   7.3848136879196211E-014   3.0415785104226440E-006   3.7621079124695648E-015   3.3451684919408343E-003
        1001   1000000.0000000000        887.07919555933006        921894.48349326500        177.82794100389228        2.3300000000000001       0.84999999999999998       0.14999999999999999        1.3562936507453596E-006   5.8081933104707782E-014   2.7631034897084454E-006   3.6426341815095222E-015   3.2177569142374171E-003
        1001   1000000.0000000000        902.49724497170553        976520.16586063348        177.82794100389228        2.3300000000000001       0.84999999999999998       0.14999999999999999        1.6684316634507665E-006   4.3618314617181121E-014   2.4497094961423843E-006   3.5225268402728980E-015   3.1003699490917708E-003
        1001   1000000.0000000000        917.75011997578827        1034382.6233986198        177.82794100389228        2.3300000000000001       0.84999999999999998       0.14999999999999999        2.0059974102561090E-006   3.1247259645533607E-014   2.1106943831941324E-006   3.4020546777443020E-015   2.8754639393287137E-003
        1001   1000000.0000000000        933.22117448404401        1095673.6470936439        177.82794100389228        2.3300000000000001       0.84999999999999998       0.14999999999999999        2.3551477612763975E-006   2.1354833438314781E-014   1.7598230729830043E-006   3.2817352436433186E-015   2.5677302142794625E-003
        1001   1000000.0000000000        949.60894660433530        1160596.3922625296        177.82794100389228        2.3300000000000001       0.84999999999999998       0.14999999999999999        2.6995154270997122E-006   1.3929945034192519E-014   1.4133509032133900E-006   3.1620616173143018E-015   1.9876260497454193E-003
        1001   1000000.0000000000        966.50135168241957        1229366.0519314078        177.82794100389228        2.3300000000000001       0.84999999999999998       0.14999999999999999        3.0221027059644802E-006   8.6826341609600197E-015   1.0881326170210154E-006   3.0435425281074908E-015   3.3486242975252390E-005
        1001   1000000.0000000000        982.11683153504259        1302210.5701148405        177.82794100389228        2.3300000000000001       0.84999999999999998       0.14999999999999999        3.3071725225177187E-006   5.1862568646340937E-015   7.9974939955355624E-007   2.9269261668763052E-015   3.1866519622787387E-005
        1001   1000000.0000000000        998.65758673936409        1379371.3973593852        177.82794100389228        2.3300000000000001       0.84999999999999998       0.14999999999999999        3.5438394069240065E-006   2.9787228410323179E-015   5.5893309288702903E-007   2.8127901581786622E-015   3.0335325806482498E-005
        1001   1000000.0000000000        1016.1784433067868        1461104.2910559282        177.82794100389228        2.3300000000000001       0.84999999999999998       0.14999999999999999        3.7278796228461740E-006   1.6482791777727287E-015   3.6977184723990730E-007   2.7013088693387164E-015   2.8887642330876032E-005
        1001   1000000.0000000000        1032.1860603715791        1547680.1631735172        177.82794100389228        2.3300000000000001       0.84999999999999998       0.14999999999999999        3.8607075777409251E-006   8.8050234022482406E-016   2.3077837487086436E-007   2.5927878522090532E-015   2.7484711895903822E-005
        1001   1000000.0000000000        1048.6319719264106        1639385.9782245392        177.82794100389228        2.3300000000000001       0.84999999999999998       0.14999999999999999        3.9487384608245351E-006   4.5443748477372689E-016   1.3553958296030404E-007   2.4874435677576887E-015   2.6152179216619931E-005
        1001   1000000.0000000000        1066.0523650048028        1736525.7044377567        177.82794100389228        2.3300000000000001       0.84999999999999998       0.14999999999999999        4.0013999318463894E-006   2.2603602092406954E-016   7.4686082493925787E-008   2.3851422357057090E-015   2.4892528169760035E-005
        1001   1000000.0000000000        1083.7861629530867        1839421.3212918125        177.82794100389228        2.3300000000000001       0.84999999999999998       0.14999999999999999        4.0285168655344373E-006   1.0788116358268507E-016   3.8510187858048878E-008   2.2857246218695257E-015   2.3693752158425833E-005
        1001   1000000.0000000000        1102.2769667367179        1948413.8867488836        177.82794100389228        2.3300000000000001       0.84999999999999998       0.14999999999999999        4.0387156629074427E-006   4.9139353610200592E-017   1.8541932062234042E-008   2.1890400732646880E-015   2.2557386040157812E-005
        1001   1000000.0000000000        1121.8634195260515        2063864.6677259144        177.82794100389228        2.3300000000000001       0.84999999999999998       0.14999999999999999        4.0386235919265519E-006   2.1225428117431970E-017   8.3166641469804588E-009   2.0948770713248378E-015   2.1482952721782724E-005
        1001   1000000.0000000000        1140.6946986086286        2186156.3375504618        177.82794100389228        2.3300000000000001       0.84999999999999998       0.14999999999999999        4.0327735902849146E-006   8.6474683212130933E-018   3.4701701644259764E-009   2.0031692277736798E-015   2.0449720156264883E-005
        1001   1000000.0000000000        1159.2897790287050        2315694.2443702682        177.82794100389228        2.3300000000000001       0.84999999999999998       0.14999999999999999        4.0239802830088105E-006   3.3110693315751105E-018   1.3469059755866510E-009   1.9139588151775515E-015   1.9461467635077240E-005
        1001   1000000.0000000000        1178.9866872336418        2452907.7547208150        177.82794100389228        2.3300000000000001       0.84999999999999998       0.14999999999999999        4.0138163054647091E-006   1.1871490243082151E-018   4.8593867281197831E-010   1.8271421501494177E-015   1.8527205938418127E-005
        1001   1000000.0000000000        1198.0121504926360        2598251.6767042740        177.82794100389228        2.3300000000000001       0.84999999999999998       0.14999999999999999        4.0030920594126176E-006   3.9754738547194390E-019   1.6290941460660307E-010   1.7426573543265811E-015   1.7630300818780271E-005
        1001   1000000.0000000000        1217.2987484883604        2752207.7674971470        177.82794100389228        2.3300000000000001       0.84999999999999998       0.14999999999999999        3.9922024153624315E-006   1.2421391469564517E-019   5.0781604655099082E-011   1.6605021179912380E-015   1.6776429168265873E-005
        1001   1000000.0000000000        1237.7281492613272        2915286.3301832201        177.82794100389228        2.3300000000000001       0.84999999999999998       0.14999999999999999        3.9813138180929808E-006   3.6154907515057294E-020   1.4713029159309742E-011   1.5805514305239955E-015   1.5969235719865077E-005
        1001   1000000.0000000000        1257.2113607747724        3088027.9052050021        177.82794100389228        2.3300000000000001       0.84999999999999998       0.14999999999999999        3.9705066269848169E-006   9.7998847622741792E-021   3.9640886618086599E-012   1.5027674311338716E-015   1.5192990459995597E-005
        1001   1000000.0000000000        1277.5639960932165        3271005.0620398247        177.82794100389228        2.3300000000000001       0.84999999999999998       0.14999999999999999        3.9598219270994851E-006   2.4745180668094927E-021   9.9413669272197843E-013   1.4271270751547863E-015   1.4457604602486573E-005
        1001   1000000.0000000000        1298.6150470486755        3464824.2970394436        177.82794100389228        2.3300000000000001       0.84999999999999998       0.14999999999999999        3.9492708448760939E-006   5.8176611515107077E-022   2.3203709786145037E-013   1.3535121768554146E-015   1.3759706529057961E-005
        1001   1000000.0000000000        1318.7401267736132        3670128.0437238198        177.82794100389228        2.3300000000000001       0.84999999999999998       0.14999999999999999        3.9388737626171033E-006   1.2745449931898722E-022   5.0461115814839945E-014   1.2819134824211884E-015   1.3089076043345106E-005
        1001   1000000.0000000000        1340.0576924417414        3887596.8021920808        177.82794100389228        2.3300000000000001       0.84999999999999998       0.14999999999999999        3.9286445052930166E-006   2.6038072291215072E-023   1.0233416973737913E-014   1.2122913305574336E-015   1.2455171675930201E-005
        1001   1000000.0000000000        1360.5316919792033        4117951.3947092807        177.82794100389228        2.3300000000000001       0.84999999999999998       0.14999999999999999        3.9185954726499654E-006   4.9631829936797831E-024   1.9366471808052268E-015   1.1446037644076706E-015   1.1846688627234086E-005
        1001   1000000.0000000000        1380.0607279209032        4361955.3549448149        177.82794100389228        2.3300000000000001       0.84999999999999998       0.14999999999999999        3.9087535149822163E-006   8.8460452044330383E-025   3.4278171779644210E-016   1.0789115245479318E-015   1.1262687402367905E-005
        1001   1000000.0000000000        1400.7469319912700        4620417.4587823180        177.82794100389228        2.3300000000000001       0.84999999999999998       0.14999999999999999        3.8991288513453957E-006   1.4760089318348981E-025   5.6813494954185009E-017   1.0151702706120048E-015   1.0710767585408801E-005
        1001   1000000.0000000000        1422.6588707125838        4894194.4050893541        177.82794100389228        2.3300000000000001       0.84999999999999998       0.14999999999999999        3.8897160146543330E-006   2.3053562656160432E-026   8.8167218271183580E-018   9.5324163767153700E-016   1.0189115948123985E-005
        1001   1000000.0000000000        1445.8691734289916        5184193.6553327413        177.82794100389228        2.3300000000000001       0.84999999999999998       0.14999999999999999        3.8805088204852310E-006   3.3703202007179892E-027   1.2808000406761877E-018   8.9299403420197628E-016   9.6960206081523882E-006
        1001   1000000.0000000000        1470.0792400414209        5491376.4414516753        177.82794100389228        2.3300000000000001       0.84999999999999998       0.14999999999999999        3.8715026666772311E-006   4.6174326574974700E-028   1.7413145029658533E-019   8.3431725771572202E-016   9.2286765747044817E-006
        1001   1000000.0000000000        1494.3781908534615        5816760.9519584905        177.82794100389228        2.3300000000000001       0.84999999999999998       0.14999999999999999        3.8627000885794508E-006   5.9896893817330446E-029   2.2136929422392023E-020   7.7715775523723345E-016   8.7828428529491267E-006
        1001   1000000.0000000000        1498.8442776414429        6161425.7068278287        177.82794100389228        2.3300000000000001       0.84999999999999998       0.14999999999999999        3.8542221504549359E-006   8.1192660563739303E-030   2.6619236799326336E-021   7.2223905855788008E-016   8.3020638545547846E-006
        1001   1000000.0000000000        1498.8442776414429        6526513.1323604891        177.82794100389228        2.3300000000000001       0.84999999999999998       0.14999999999999999        3.8461948876743961E-006   1.8263554746644536E-030   3.0745954597564407E-022   6.7032263670290214E-016   7.8356178636384469E-006
        1001   1000000.0000000000        1498.8442776414429        6913233.3478713343        177.82794100389228        2.3300000000000001       0.84999999999999998       0.14999999999999999        3.8386219203204333E-006   1.0924765808600704E-030   3.4247657648972432E-023   6.2138775016036619E-016   7.3951964051142592E-006
        1001   1000000.0000000000        1498.8442776414429        7322868.1767525990        177.82794100389228        2.3300000000000001       0.84999999999999998       0.14999999999999999        3.8314817594368810E-006   1.0099909461563993E-030   3.6837727283101962E-024   5.7526250957040089E-016   6.9793430956047320E-006
        1001   1000000.0000000000        1498.8442776414429        7756775.3952074023        177.82794100389228        2.3300000000000001       0.84999999999999998       0.14999999999999999        3.8247530134040617E-006   1.0010433459190741E-030   3.8309251620569474E-025   5.3178497733534563E-016   6.5866832691407906E-006
        1001   1000000.0000000000        1498.8442776414429        8216393.2327369750        177.82794100389228        2.3300000000000001       0.84999999999999998       0.14999999999999999        3.8184145811713514E-006   1.0001054381076016E-030   3.8562486525934976E-026   4.9080255726782477E-016   6.2159194475102442E-006
        1001   1000000.0000000000        1498.8442776414429        8703245.1392981168        177.82794100389228        2.3300000000000001       0.84999999999999998       0.14999999999999999        3.8124458075321247E-006   1.0000103224426271E-030   3.7620376926173712E-027   4.5217143050889668E-016   5.8658270688198578E-006
        1001   1000000.0000000000        1498.8442776414429        9218944.8349326625        177.82794100389228        2.3300000000000001       0.84999999999999998       0.14999999999999999        3.8068266045942614E-006   1.0000009799891520E-030   3.5679218709942147E-028   4.1575603244255682E-016   5.5352504602102468E-006
        1001   1000000.0000000000        1498.8442776414429        9765201.6586063262        177.82794100389228        2.3300000000000001       0.84999999999999998       0.14999999999999999        3.8015375439115920E-006   1.0000000903078019E-030   3.3675747774575673E-029   3.8142856625461122E-016   5.2230990414404082E-006
        1001   1000000.0000000000        1498.8442776414429        10343826.233986206        177.82794100389228        2.3300000000000001       0.84999999999999998       0.14999999999999999        3.7965599236207923E-006   1.0000000080850205E-030   3.9159260245680210E-030   3.4906854948848803E-016   4.9283437467782530E-006
        1001   1000000.0000000000        1498.8442776414429        10956736.470936455        177.82794100389228        2.3300000000000001       0.84999999999999998       0.14999999999999999        3.7918758145663967E-006   1.0000000007038054E-030   1.2530513431063510E-030   3.1856239049167103E-016   4.6500136532952476E-006
        1001   1000000.0000000000        1498.8442776414429        11605963.922625303        177.82794100389228        2.3300000000000001       0.84999999999999998       0.14999999999999999        3.7874680889333177E-006   1.0000000000596175E-030   1.0213727824652694E-030   2.8980299207071299E-016   4.3871928042652118E-006
        1001   1000000.0000000000        1498.8442776414429        12293660.519314045        177.82794100389228        2.3300000000000001       0.84999999999999998       0.14999999999999999        3.7833204344319094E-006   1.0000000000049169E-030   1.0017581432761192E-030   2.6268938001524469E-016   4.1390172169090106E-006
        1001   1000000.0000000000        1498.8442776414429        13022105.701148389        177.82794100389228        2.3300000000000001       0.84999999999999998       0.14999999999999999        3.7794173566448725E-006   1.0000000000003942E-030   1.0001409586195037E-030   2.3712635443619848E-016   3.9046720642032925E-006
        1001   1000000.0000000000        1498.8442776414429        13793713.973593859        177.82794100389228        2.3300000000000001       0.84999999999999998       0.14999999999999999        3.7757441717677129E-006   1.0000000000000304E-030   1.0000110220099738E-030   2.1302416210598757E-016   3.6833890208820240E-006
        1001   1000000.0000000000        1498.8442776414429        14611042.910559298        177.82794100389228        2.3300000000000001       0.84999999999999998       0.14999999999999999        3.7722869916563267E-006   1.0000000000000015E-030   1.0000008410751016E-030   1.9029818819790106E-016   3.4744437640986955E-006
        1001   1000000.0000000000        1498.8442776414429        15476801.631735150        177.82794100389228        2.3300000000000001       0.84999999999999998       0.14999999999999999        3.7690327028283517E-006   1.0000000000000001E-030   1.0000000626719320E-030   1.6886866600402152E-016   3.2771536194835302E-006
        1001   1000000.0000000000        1498.8442776414429        16393859.782245392        177.82794100389228        2.3300000000000001       0.84999999999999998       0.14999999999999999        3.7659689408381463E-006   1.0000000000000001E-030   1.0000000045627072E-030   1.4866040336889855E-016   3.0908753435191511E-006
        1001   1000000.0000000000        1498.8442776414429        17365257.044377591        177.82794100389228        2.3300000000000001       0.84999999999999998       0.14999999999999999        3.7630840612480825E-006   1.0000000000000001E-030   1.0000000003247270E-030   1.2960252471250230E-016   2.9150030332689655E-006
        1001   1000000.0000000000        1498.8442776414429        18394213.212918147        177.82794100389228        2.3300000000000001       0.84999999999999998       0.14999999999999999        3.7603671082437440E-006   1.0000000000000001E-030   1.0000000000226036E-030   1.1162822763272516E-016   2.7489661545251673E-006
        1001   1000000.0000000000        1498.8442776414429        19484138.867488828        177.82794100389228        2.3300000000000001       0.84999999999999998       0.14999999999999999        3.7578077817820384E-006   1.0000000000000001E-030   1.0000000000015389E-030   9.4674553177021629E-017   2.5922276793998267E-006
        1001   1000000.0000000000        1498.8442776414429        20638646.677259117        177.82794100389228        2.3300000000000001       0.84999999999999998       0.14999999999999999        3.7553964040168578E-006   1.0000000000000001E-030   1.0000000000001019E-030   7.8682168956895519E-017   2.4442823242709602E-006
        1001   1000000.0000000000        1498.8442776414429        21861563.375504632        177.82794100389228        2.3300000000000001       0.84999999999999998       0.14999999999999999        3.7531238856155628E-006   1.0000000000000001E-030   1.0000000000000062E-030   6.3595164350033929E-017   2.3046548788275365E-006
        1001   1000000.0000000000        1498.8442776414429        23156942.443702683        177.82794100389228        2.3300000000000001       0.84999999999999998       0.14999999999999999        3.7509816924612495E-006   1.0000000000000001E-030   1.0000000000000001E-030   4.9360857095159692E-017   2.1728986167532076E-006
        1001   1000000.0000000000        1498.8442776414429        24529077.547208119        177.82794100389228        2.3300000000000001       0.84999999999999998       0.14999999999999999        3.7489618131307665E-006   1.0000000000000001E-030   1.0000000000000001E-030   3.5929610636025651E-017   2.0485937783765780E-006
        1001   1000000.0000000000        1498.8442776414429        25982516.767042771        177.82794100389228        2.3300000000000001       0.84999999999999998       0.14999999999999999        3.7470567274464972E-006   1.0000000000000001E-030   1.0000000000000001E-030   2.3254661614999529E-017   1.9313461154349384E-006
        1001   1000000.0000000000        1498.8442776414429        27522077.674971454        177.82794100389228        2.3300000000000001       0.84999999999999998       0.14999999999999999        3.7452593763209683E-006   1.0000000000000001E-030   1.0000000000000001E-030   1.1291956954741881E-017   1.8207854879982556E-006
        1001   1000000.0000000000        1498.8442776414429        29152863.301832128        177.82794100389228        2.3300000000000001       0.84999999999999998       0.14999999999999999        3.7435631330472103E-006   1.0000000000000001E-030   1.0000000000000001E-030   1.0000000000000001E-030   1.7165645036426093E-006
