  0.33999998867511749       0.51500000059604645       0.73000001907348633        1.0850000381469727        1.6700000166893005        2.2599999904632568        3.0000000000000000        3.9500000476837158        6.5499999523162842        14.349999904632568        172.33999633789062     
       10001   1000000.0000000000        10.431738337489184        0.0000000000000000        0.0000000000000000        0.0000000000000000        0.0000000000000000        0.0000000000000000        0.0000000000000000        0.0000000000000000        0.0000000000000000        0.0000000000000000        0.0000000000000000        0.0000000000000000     
       10001   1000000.0000000000        11.345274765696345        0.0000000000000000        0.0000000000000000        0.0000000000000000        0.0000000000000000        0.0000000000000000        0.0000000000000000        0.0000000000000000        0.0000000000000000        0.0000000000000000        0.0000000000000000        0.0000000000000000     
       10001   1000000.0000000000        12.338812127464312        0.0000000000000000        0.0000000000000000        0.0000000000000000        0.0000000000000000        0.0000000000000000        0.0000000000000000        0.0000000000000000        0.0000000000000000        0.0000000000000000        0.0000000000000000        0.0000000000000000     
       10001   1000000.0000000000        13.419356327728012        0.0000000000000000        0.0000000000000000        0.0000000000000000        0.0000000000000000        0.0000000000000000        0.0000000000000000        0.0000000000000000        0.0000000000000000        0.0000000000000000        0.0000000000000000        0.0000000000000000     
       10001   1000000.0000000000        14.594526798062295        0.0000000000000000        0.0000000000000000        0.0000000000000000        0.0000000000000000        0.0000000000000000        0.0000000000000000        0.0000000000000000        0.0000000000000000        0.0000000000000000        0.0000000000000000        0.0000000000000000     
       10001   1000000.0000000000        15.872610224921379        0.0000000000000000        0.0000000000000000        0.0000000000000000        0.0000000000000000        0.0000000000000000        0.0000000000000000        0.0000000000000000        0.0000000000000000        0.0000000000000000        0.0000000000000000        0.0000000000000000     
       10001   1000000.0000000000        17.262618983009986        0.0000000000000000        0.0000000000000000        0.0000000000000000        0.0000000000000000        0.0000000000000000        0.0000000000000000        0.0000000000000000        0.0000000000000000        0.0000000000000000        0.0000000000000000        0.0000000000000000     
       10001   1000000.0000000000        18.774354685828140        0.0000000000000000        0.0000000000000000        0.0000000000000000        0.0000000000000000        0.0000000000000000        0.0000000000000000        0.0000000000000000        0.0000000000000000        0.0000000000000000        0.0000000000000000        0.0000000000000000     
       10001   1000000.0000000000        20.418477301514223        0.0000000000000000        0.0000000000000000        0.0000000000000000        0.0000000000000000        0.0000000000000000        0.0000000000000000        0.0000000000000000        0.0000000000000000        0.0000000000000000        0.0000000000000000        0.0000000000000000     
       10001   1000000.0000000000        22.206580321355077        0.0000000000000000        0.0000000000000000        0.0000000000000000        0.0000000000000000        0.0000000000000000        0.0000000000000000        0.0000000000000000        0.0000000000000000        0.0000000000000000        0.0000000000000000        0.0000000000000000     
       10001   1000000.0000000000        24.151272511012497        0.0000000000000000        0.0000000000000000        0.0000000000000000        0.0000000000000000        0.0000000000000000        0.0000000000000000        0.0000000000000000        0.0000000000000000        0.0000000000000000        0.0000000000000000        0.0000000000000000     
       10001   1000000.0000000000        26.266266820932874        0.0000000000000000        0.0000000000000000        0.0000000000000000        0.0000000000000000        0.0000000000000000        0.0000000000000000        0.0000000000000000        0.0000000000000000        0.0000000000000000        0.0000000000000000        0.0000000000000000     
       10001   1000000.0000000000        28.566477082888710        0.0000000000000000        0.0000000000000000        0.0000000000000000        0.0000000000000000        0.0000000000000000        0.0000000000000000        0.0000000000000000        0.0000000000000000        0.0000000000000000        0.0000000000000000        0.0000000000000000     
       10001   1000000.0000000000        31.068123174506820        0.0000000000000000        0.0000000000000000        0.0000000000000000        0.0000000000000000        0.0000000000000000        0.0000000000000000        0.0000000000000000        0.0000000000000000        0.0000000000000000        0.0000000000000000        0.0000000000000000     
       10001   1000000.0000000000        33.788845393347479        0.0000000000000000        0.0000000000000000        0.0000000000000000        0.0000000000000000        0.0000000000000000        0.0000000000000000        0.0000000000000000        0.0000000000000000        0.0000000000000000        0.0000000000000000        0.0000000000000000     
       10001   1000000.0000000000        36.747828847040090        0.0000000000000000        0.0000000000000000        0.0000000000000000        0.0000000000000000        0.0000000000000000        0.0000000000000000        0.0000000000000000        0.0000000000000000        0.0000000000000000        0.0000000000000000        0.0000000000000000     
       10001   1000000.0000000000        39.965938736611179        0.0000000000000000        0.0000000000000000        0.0000000000000000        0.0000000000000000        0.0000000000000000        0.0000000000000000        0.0000000000000000        0.0000000000000000        0.0000000000000000        0.0000000000000000        0.0000000000000000     
       10001   1000000.0000000000        43.465867486949911        0.0000000000000000        0.0000000000000000        0.0000000000000000        0.0000000000000000        0.0000000000000000        0.0000000000000000        0.0000000000000000        0.0000000000000000        0.0000000000000000        0.0000000000000000        0.0000000000000000     
       10001   1000000.0000000000        47.272294761899261        0.0000000000000000        0.0000000000000000        0.0000000000000000        0.0000000000000000        0.0000000000000000        0.0000000000000000        0.0000000000000000        0.0000000000000000        0.0000000000000000        0.0000000000000000        0.0000000000000000     
       10001   1000000.0000000000        51.412061492314940        0.0000000000000000        0.0000000000000000        0.0000000000000000        0.0000000000000000        0.0000000000000000        0.0000000000000000        0.0000000000000000        0.0000000000000000        0.0000000000000000        0.0000000000000000        0.0000000000000000     
       10001   1000000.0000000000        55.914359144247676        0.0000000000000000        0.0000000000000000        0.0000000000000000        0.0000000000000000        0.0000000000000000        0.0000000000000000        0.0000000000000000        0.0000000000000000        0.0000000000000000        0.0000000000000000        0.0000000000000000     
       10001   1000000.0000000000        60.810935561867311        0.0000000000000000        0.0000000000000000        0.0000000000000000        0.0000000000000000        0.0000000000000000        0.0000000000000000        0.0000000000000000        0.0000000000000000        0.0000000000000000        0.0000000000000000        0.0000000000000000     
       10001   1000000.0000000000        66.136318836625861        0.0000000000000000        0.0000000000000000        0.0000000000000000        0.0000000000000000        0.0000000000000000        0.0000000000000000        0.0000000000000000        0.0000000000000000        0.0000000000000000        0.0000000000000000        0.0000000000000000     
       10001   1000000.0000000000        71.928060781269068        0.0000000000000000        0.0000000000000000        0.0000000000000000        0.0000000000000000        0.0000000000000000        0.0000000000000000        0.0000000000000000        0.0000000000000000        0.0000000000000000        0.0000000000000000        0.0000000000000000     
       10001   1000000.0000000000        78.227001725545264        0.0000000000000000        0.0000000000000000        0.0000000000000000        0.0000000000000000        0.0000000000000000        0.0000000000000000        0.0000000000000000        0.0000000000000000        0.0000000000000000        0.0000000000000000        0.0000000000000000     
       10001   1000000.0000000000        85.077558500813126        0.0000000000000000        0.0000000000000000        0.0000000000000000        0.0000000000000000        0.0000000000000000        0.0000000000000000        0.0000000000000000        0.0000000000000000        0.0000000000000000        0.0000000000000000        0.0000000000000000     
       10001   1000000.0000000000        92.528037644265609        0.0000000000000000        0.0000000000000000        0.0000000000000000        0.0000000000000000        0.0000000000000000        0.0000000000000000        0.0000000000000000        0.0000000000000000        0.0000000000000000        0.0000000000000000        0.0000000000000000     
       10001   1000000.0000000000        100.63097603132084        0.0000000000000000        0.0000000000000000        0.0000000000000000        0.0000000000000000        0.0000000000000000        0.0000000000000000        0.0000000000000000        0.0000000000000000        0.0000000000000000        0.0000000000000000        0.0000000000000000     
       10001   1000000.0000000000        109.44351133814270        0.0000000000000000        0.0000000000000000        0.0000000000000000        0.0000000000000000        0.0000000000000000        0.0000000000000000        0.0000000000000000        0.0000000000000000        0.0000000000000000        0.0000000000000000        0.0000000000000000     
       10001   1000000.0000000000        119.02778494659654        0.0000000000000000        0.0000000000000000        0.0000000000000000        0.0000000000000000        0.0000000000000000        0.0000000000000000        0.0000000000000000        0.0000000000000000        0.0000000000000000        0.0000000000000000        0.0000000000000000     
       10001   1000000.0000000000        129.45138013271696        0.0000000000000000        0.0000000000000000        0.0000000000000000        0.0000000000000000        0.0000000000000000        0.0000000000000000        0.0000000000000000        0.0000000000000000        0.0000000000000000        0.0000000000000000        0.0000000000000000     
       10001   1000000.0000000000        140.78779862856183        0.0000000000000000        0.0000000000000000        0.0000000000000000        0.0000000000000000        0.0000000000000000        0.0000000000000000        0.0000000000000000        0.0000000000000000        0.0000000000000000        0.0000000000000000        0.0000000000000000     
       10001   1000000.0000000000        153.11697891791701        0.0000000000000000        0.0000000000000000        0.0000000000000000        0.0000000000000000        0.0000000000000000        0.0000000000000000        0.0000000000000000        0.0000000000000000        0.0000000000000000        0.0000000000000000        0.0000000000000000     
       10001   1000000.0000000000        166.52585992060216        0.0000000000000000        0.0000000000000000        0.0000000000000000        0.0000000000000000        0.0000000000000000        0.0000000000000000        0.0000000000000000        0.0000000000000000        0.0000000000000000        0.0000000000000000        0.0000000000000000     
       10001   1000000.0000000000        181.10899404018389        0.0000000000000000        0.0000000000000000        0.0000000000000000        0.0000000000000000        0.0000000000000000        0.0000000000000000        0.0000000000000000        0.0000000000000000        0.0000000000000000        0.0000000000000000        0.0000000000000000     
       10001   1000000.0000000000        196.96921389798786        0.0000000000000000        0.0000000000000000        0.0000000000000000        0.0000000000000000        0.0000000000000000        0.0000000000000000        0.0000000000000000        0.0000000000000000        0.0000000000000000        0.0000000000000000        0.0000000000000000     
       10001   1000000.0000000000        214.21835745486533        0.0000000000000000        0.0000000000000000        0.0000000000000000        0.0000000000000000        0.0000000000000000        0.0000000000000000        0.0000000000000000        0.0000000000000000        0.0000000000000000        0.0000000000000000        0.0000000000000000     
       10001   1000000.0000000000        232.97805663390125        0.0000000000000000        0.0000000000000000        0.0000000000000000        0.0000000000000000        0.0000000000000000        0.0000000000000000        0.0000000000000000        0.0000000000000000        0.0000000000000000        0.0000000000000000        0.0000000000000000     
       10001   1000000.0000000000        253.38059500500913       0.90000000000000002       0.90000000000000002       0.90000000000000002       0.90000000000000002       0.90000000000000002       0.88108430689568240       0.86240347944261087       0.83320733469200470       0.74725358125573627       0.31267141288352607        7.9193865867989086E-003
       10001   1000000.0000000000        275.56984057935517       0.90000000000000002       0.90000000000000002       0.90000000000000002       0.90000000000000002       0.90000000000000002       0.88314481319901672       0.86542238675882843       0.83905846005718188       0.75642338577207180       0.36045294421273977        8.5178250664953662E-003
       10001   1000000.0000000000        299.70226029120391       0.90000000000000002       0.90000000000000002       0.90000000000000002       0.90000000000000002       0.90000000000000002       0.88483151298252516       0.86767963367382395       0.84354362753992007       0.76429684293327815       0.40314553096637407        8.9843511038862119E-003
       10001   1000000.0000000000        325.94802332075642       0.90000000000000002       0.90000000000000002       0.90000000000000002       0.90000000000000002       0.90000000000000002       0.88589370792400224       0.86906885282905610       0.84607782568264422       0.77001571352496634       0.43128010616078172        9.2637051235500961E-003
       10001   1000000.0000000000        354.49220103805158       0.90000000000000002       0.90000000000000002       0.90000000000000002       0.90000000000000002       0.90000000000000002       0.88634202974862919       0.86965623259853386       0.84710043652468203       0.77256454337268055       0.44322159896621938        9.3760358245688468E-003
       10001   1000000.0000000000        385.53607202931107       0.90000000000000002       0.90000000000000002       0.90000000000000002       0.90000000000000002       0.90000000000000002       0.88660810396784751       0.87000570114219034       0.84770017295670297       0.77409146760327208       0.45026378377616227        9.4405034436791727E-003
       10001   1000000.0000000000        419.29854140806611       0.90000000000000002       0.90000000000000002       0.90000000000000002       0.90000000000000002       0.90000000000000002       0.88675160157212296       0.87019463852665735       0.84802240835921550       0.77491536335153000       0.45403849447217820        9.4745277639689957E-003
       10001   1000000.0000000000        456.01768441933399       0.90000000000000002       0.90000000000000002       0.90000000000000002       0.90000000000000002       0.90000000000000002       0.88682750775644448       0.87029475785954580       0.84819262901323755       0.77535043363801293       0.45602566534644251        9.4923280795629929E-003
       10001   1000000.0000000000        495.95242522150778       0.90000000000000002       0.90000000000000002       0.90000000000000002       0.90000000000000002       0.90000000000000002       0.90000000000000002       0.87034861683535458       0.84828399808940369       0.77558361255779107       0.45708856698046246        9.5018623239110679E-003
       10001   1000000.0000000000        539.38436268386613       0.90000000000000002       0.90000000000000002       0.90000000000000002       0.90000000000000002       0.90000000000000002       0.90000000000000002       0.87037829895148033       0.84833423305218991       0.77571151631586066       0.45767034589412364        9.5071319730678696E-003
       10001   1000000.0000000000        586.61975607426393       0.90000000000000002       0.90000000000000002       0.90000000000000002       0.90000000000000002       0.90000000000000002       0.90000000000000002       0.87039517070047434       0.84836268823891747       0.77578369462740726       0.45799760957994690        9.5101604272788479E-003
       10001   1000000.0000000000        637.99168463903061       0.90000000000000002       0.90000000000000002       0.90000000000000002       0.90000000000000002       0.90000000000000002       0.90000000000000002       0.87040513976268918       0.84837940715224425       0.77582583810024264       0.45818768493960149        9.5119890492103010E-003
       10001   1000000.0000000000        693.86239630330283       0.90000000000000002       0.90000000000000002       0.90000000000000002       0.90000000000000002       0.90000000000000002       0.90000000000000002       0.87041129689087748       0.84838963966694247       0.77585136647570951       0.45830181248716684        9.5131597935873575E-003
       10001   1000000.0000000000        754.62586205360674       0.90000000000000002       0.90000000000000002       0.90000000000000002       0.90000000000000002       0.90000000000000002       0.90000000000000002       0.87041529357097724       0.84839618932920335       0.77586744239679384       0.45837266263936077        9.5139614804399357E-003
       10001   1000000.0000000000        820.71055401484307       0.90000000000000002       0.90000000000000002       0.90000000000000002       0.90000000000000002       0.90000000000000002       0.90000000000000002       0.87041803594442013       0.84840059365079479       0.77587799205492813       0.45841813617318194        9.5145524365321844E-003
       10001   1000000.0000000000        892.58246681121705       0.90000000000000002       0.90000000000000002       0.90000000000000002       0.90000000000000002       0.90000000000000002       0.90000000000000002       0.87042003509177834       0.84840371935467818       0.77588522745638555       0.45844831359900839        9.5150220075673649E-003
       10001   1000000.0000000000        970.74840351619173       0.90000000000000002       0.90000000000000002       0.90000000000000002       0.90000000000000002       0.90000000000000002       0.90000000000000002       0.87042158732725072       0.84840606859038359       0.77589042916318740       0.45846902692152369        9.5154220990196648E-003
       10001   1000000.0000000000        1055.7595493622257       0.90000000000000002       0.90000000000000002       0.90000000000000002       0.90000000000000002       0.90000000000000002       0.90000000000000002       0.87042286913312827       0.84840794012146448       0.77589435819491581       0.45848373872573245        9.5157837452932281E-003
       10001   1000000.0000000000        1148.2153584102582       0.90000000000000002       0.90000000000000002       0.90000000000000002       0.90000000000000002       0.90000000000000002       0.90000000000000002       0.87042398836212187       0.84840951624469818       0.77589747810319287       0.45849455512243004        9.5161260328180571E-003
       10001   1000000.0000000000        1248.7677805856742       0.90000000000000002       0.90000000000000002       0.90000000000000002       0.90000000000000002       0.90000000000000002       0.90000000000000002       0.87042501254080007       0.84841091083187836       0.77590007770324643       0.45850278551516738        9.5164610274730763E-003
       10001   1000000.0000000000        1358.1258588876030       0.90000000000000002       0.90000000000000002       0.90000000000000002       0.90000000000000002       0.90000000000000002       0.90000000000000002       0.87042598489890000       0.84841219653638111       0.77590234057462282       0.45850925957460081        9.5167965630395552E-003
       10001   1000000.0000000000        1477.0607291886670       0.90000000000000002       0.90000000000000002       0.90000000000000002       0.90000000000000002       0.90000000000000002       0.90000000000000002       0.87042693366218860       0.84841342056610414       0.77590438535457851       0.45851451100855434        9.5171378566337988E-003
       10001   1000000.0000000000        1606.4110578811351       0.90000000000000002       0.90000000000000002       0.90000000000000002       0.90000000000000002       0.90000000000000002       0.90000000000000002       0.87042787756275319       0.84841461403681628       0.77590628963387187       0.45851888655303780        9.5174884658489247E-003
       10001   1000000.0000000000        1747.0889557129149       0.90000000000000002       0.90000000000000002       0.90000000000000002       0.90000000000000002       0.90000000000000002       0.90000000000000002       0.87042882917953279       0.84841579764279673       0.77590810444488501       0.45852261205738709        9.5178508686642634E-003
       10001   1000000.0000000000        1900.0864095146821       0.90000000000000002       0.90000000000000002       0.90000000000000002       0.90000000000000002       0.90000000000000002       0.90000000000000002       0.87042979700743328       0.84841698516949426       0.77590986323712474       0.45852583342781544        9.5182268223911095E-003
       10001   1000000.0000000000        2066.4822771712666       0.90000000000000002       0.90000000000000002       0.90000000000000002       0.90000000000000002       0.90000000000000002       0.90000000000000002       0.87043078676626306       0.84841818571606142       0.77591158755735734       0.45852864254286502        9.5186175904957791E-003
       10001   1000000.0000000000        2247.4498951622236       0.90000000000000002       0.90000000000000002       0.90000000000000002       0.90000000000000002       0.90000000000000002       0.90000000000000002       0.87043180224720063       0.84841940513282887       0.77591329072396487       0.45853109401982239        9.5190240891398943E-003
       10001   1000000.0000000000        2444.2653523159543       0.90000000000000002       0.90000000000000002       0.90000000000000002       0.90000000000000002       0.90000000000000002       0.90000000000000002       0.87043284587301928       0.84842064697266439       0.77591498025877792       0.45853321631149219        9.5194469841276396E-003
       10001   1000000.0000000000        2658.3164881195166       0.90000000000000002       0.90000000000000002       0.90000000000000002       0.90000000000000002       0.90000000000000002       0.90000000000000002       0.87043391907808754       0.84842191313610693       0.77591665953569278       0.45853501922740475        9.5198867567081388E-003
       10001   1000000.0000000000        2891.1126790356084       0.90000000000000002       0.90000000000000002       0.90000000000000002       0.90000000000000002       0.90000000000000002       0.90000000000000002       0.87043502257298067       0.84842320432027929       0.77591832892695534       0.45853649915992467        9.5203437495195286E-003
       10001   1000000.0000000000        3144.2954818345379       0.90000000000000002       0.90000000000000002       0.90000000000000002       0.90000000000000002       0.90000000000000002       0.90000000000000002       0.87043615653392248       0.84842452033976667       0.77591998662123018       0.45853764280906062        9.5208181996705894E-003
       10001   1000000.0000000000        3419.6502089925411       0.90000000000000002       0.90000000000000002       0.90000000000000002       0.90000000000000002       0.90000000000000002       0.90000000000000002       0.87043732074278013       0.84842586036296430       0.77592162922389274       0.45853842990724281        9.5213102635367496E-003
       10001   1000000.0000000000        3719.1185177799598       0.90000000000000002       0.90000000000000002       0.90000000000000002       0.90000000000000002       0.90000000000000002       0.90000000000000002       0.87043851469032307       0.84842722308667173       0.77592325220135627       0.45853883523938949        9.5218200348920548E-003
       10001   1000000.0000000000        4044.8121018110778       0.90000000000000002       0.90000000000000002       0.90000000000000002       0.90000000000000002       0.90000000000000002       0.90000000000000002       0.87043973765266081       0.84842860686590682       0.77592485021301227       0.45853883015803421        9.5223475580604022E-003
       10001   1000000.0000000000        4399.0275816010808       0.90000000000000002       0.90000000000000002       0.90000000000000002       0.90000000000000002       0.90000000000000002       0.90000000000000002       0.87044098875689668       0.84843000982243133       0.77592641738044899       0.45853838378095535        9.5228928405557533E-003
       10001   1000000.0000000000        4784.2626991306734       0.90000000000000002       0.90000000000000002       0.90000000000000002       0.90000000000000002       0.90000000000000002       0.90000000000000002       0.87044226703587479       0.84843142993346343       0.77592794750240168       0.45853746392756445        9.5234558644264299E-003
       10001   1000000.0000000000        5203.2339306138792       0.90000000000000002       0.90000000000000002       0.90000000000000002       0.90000000000000002       0.90000000000000002       0.90000000000000002       0.87044357146773577       0.84843286509601412       0.77592943421136507       0.45853603780399954        9.5240365943233592E-003
       10001   1000000.0000000000        5658.8956416651308       0.90000000000000002       0.90000000000000002       0.90000000000000002       0.90000000000000002       0.90000000000000002       0.90000000000000002       0.87044490100406569       0.84843431317243345       0.77593087108382341       0.45853407248278766        9.5246349833229965E-003
       10001   1000000.0000000000        6154.4609199376109       0.90000000000000002       0.90000000000000002       0.90000000000000002       0.90000000000000002       0.90000000000000002       0.90000000000000002       0.87044625458859837       0.84843577202013187       0.77593225171062474       0.45853153520291656        9.5252509770120883E-003
       10001   1000000.0000000000        6693.4242321340962       0.90000000000000002       0.90000000000000002       0.90000000000000002       0.90000000000000002       0.90000000000000002       0.90000000000000002       0.87044763116601309       0.84843723950509586       0.77593356972769378       0.45852839349547148        9.5258845155710183E-003
       10001   1000000.0000000000        7279.5860651551784       0.90000000000000002       0.90000000000000002       0.90000000000000002       0.90000000000000002       0.90000000000000002       0.90000000000000002       0.87044902968006044       0.84843871349831612       0.77593481880599702       0.45852461513442627        9.5265355335167352E-003
       10001   1000000.0000000000        7917.0797251417562       0.90000000000000002       0.90000000000000002       0.90000000000000002       0.90000000000000002       0.90000000000000002       0.90000000000000002       0.87045044905976099       0.84844019185357944       0.77593599259837653       0.45852016790753725        9.5272039566389518E-003
       10001   1000000.0000000000        8610.4004833844119       0.90000000000000002       0.90000000000000002       0.90000000000000002       0.90000000000000002       0.90000000000000002       0.90000000000000002       0.87045188819198871       0.84844167236442425       0.77593708463969258       0.45851501919888560        9.5278896954925224E-003
       10001   1000000.0000000000        9364.4372746213958       0.90000000000000002       0.90000000000000002       0.90000000000000002       0.90000000000000002       0.90000000000000002       0.90000000000000002       0.87045334587814460       0.84844315269741144       0.77593808819566656       0.45850913537213484        9.5285926346099781E-003
       10001   1000000.0000000000        10184.507171244810       0.90000000000000002       0.90000000000000002       0.90000000000000002       0.90000000000000002       0.90000000000000002       0.90000000000000002       0.87045482077088676       0.84844463029662753       0.77593899605268468       0.45850248093883172        9.5293126158859844E-003
       10001   1000000.0000000000        11076.392876509570       0.90000000000000002       0.90000000000000002       0.90000000000000002       0.90000000000000002       0.90000000000000002       0.90000000000000002       0.87045631129058409       0.84844610225890749       0.77593980024716847       0.45849501750524624        9.5300494160803374E-003
       10001   1000000.0000000000        12046.383501126886       0.90000000000000002       0.90000000000000002       0.90000000000000002       0.90000000000000002       0.90000000000000002       0.90000000000000002       0.87045781237230224       0.84844756140004218       0.77594048645762448       0.45848669492265792        9.5308014627005118E-003
       10001   1000000.0000000000        13101.318910778036       0.90000000000000002       0.90000000000000002       0.90000000000000002       0.90000000000000002       0.90000000000000002       0.90000000000000002       0.87045933034849654       0.84844901410467710       0.77594105887580056       0.45847748665126414        9.5315717739827676E-003
       10001   1000000.0000000000        14248.637957263581       0.90000000000000002       0.90000000000000002       0.90000000000000002       0.90000000000000002       0.90000000000000002       0.90000000000000002       0.87046090795417441       0.84845051031657170       0.77594158201138086       0.45846744932413591        9.5323779231931867E-003
       10001   1000000.0000000000        15496.430933388809       0.90000000000000002       0.90000000000000002       0.90000000000000002       0.90000000000000002       0.90000000000000002       0.90000000000000002       0.87046275866104661       0.84845238479297436       0.77594283305815637       0.45845983415418917        9.5332698794634314E-003
       10001   1000000.0000000000        16853.496621469865       0.90000000000000002       0.90000000000000002       0.90000000000000002       0.90000000000000002       0.90000000000000002       0.90000000000000002       0.87046483270946107       0.84845452913022423       0.77594446878626455       0.45845282586157099        9.5342494527261481E-003
       10001   1000000.0000000000        18329.404337736843       0.90000000000000002       0.90000000000000002       0.90000000000000002       0.90000000000000002       0.90000000000000002       0.90000000000000002       0.87046925156265564       0.84846052790766746       0.77595558646579421       0.45848769385694765        9.5356998844346817E-003
       10001   1000000.0000000000        19934.561410138173       0.90000000000000002       0.90000000000000002       0.90000000000000002       0.90000000000000002       0.90000000000000002       0.90000000000000002       0.87048587214430495       0.84848710853946352       0.77601883473588540       0.45875865963124224        9.5393700825070378E-003
       10001   1000000.0000000000        21680.286565364473       0.90000000000000002       0.90000000000000002       0.90000000000000002       0.90000000000000002       0.90000000000000002       0.90000000000000002       0.87052126766866844       0.84854540608280438       0.77616253152980574       0.45939444181753047        9.5464220582438288E-003
       10001   1000000.0000000000        23578.889742579249       0.90000000000000002       0.90000000000000002       0.90000000000000002       0.90000000000000002       0.90000000000000002       0.90000000000000002       0.87057470598778319       0.84863411912789877       0.77638314811516362       0.46037834297169167        9.5567127432260313E-003
       10001   1000000.0000000000        25643.758896660285       0.90000000000000002       0.90000000000000002       0.90000000000000002       0.90000000000000002       0.90000000000000002       0.90000000000000002       0.87064652920519259       0.84875374668848957       0.77668161490518883       0.46171383306428887        9.5702714196938682E-003
       10001   1000000.0000000000        27889.454403043019       0.90000000000000002       0.90000000000000002       0.90000000000000002       0.90000000000000002       0.90000000000000002       0.90000000000000002       0.87073693659132467       0.84890452270775196       0.77705798939233406       0.46340035718137457        9.5870828159077930E-003
       10001   1000000.0000000000        30331.811729859663       0.90000000000000002       0.90000000000000002       0.90000000000000002       0.90000000000000002       0.90000000000000002       0.90000000000000002       0.87084644019559609       0.84908718565363495       0.77751332604668777       0.46544196256407633        9.6071640734680021E-003
       10001   1000000.0000000000        32988.053101364101       0.90000000000000002       0.90000000000000002       0.90000000000000002       0.90000000000000002       0.90000000000000002       0.90000000000000002       0.87097543839598834       0.84930224897312223       0.77804771765409597       0.46783852958468225        9.6304870649660222E-003
       10001   1000000.0000000000        35876.908940033594       0.90000000000000002       0.90000000000000002       0.90000000000000002       0.90000000000000002       0.90000000000000002       0.90000000000000002       0.87112365270327963       0.84954904103960893       0.77865780184495048       0.47057460452046324        9.6568829218363107E-003
       10001   1000000.0000000000        39018.749943694966       0.90000000000000002       0.90000000000000002       0.90000000000000002       0.90000000000000002       0.90000000000000002       0.90000000000000002       0.87129021629860526       0.84982584573973197       0.77933714125324260       0.47362123384695115        9.6860641095866361E-003
       10001   1000000.0000000000        42435.730729013565       0.90000000000000002       0.90000000000000002       0.90000000000000002       0.90000000000000002       0.90000000000000002       0.90000000000000002       0.87147408218996725       0.85013057394789326       0.78007800027653018       0.47694398344473438        9.7177003991600047E-003
       10001   1000000.0000000000        46151.946054241162       0.90000000000000002       0.90000000000000002       0.90000000000000002       0.90000000000000002       0.90000000000000002       0.90000000000000002       0.87167435774018864       0.85046130012835475       0.78087279839413071       0.48050930645853918        9.7514783448815947E-003
       10001   1000000.0000000000        50193.600722828931       0.90000000000000002       0.90000000000000002       0.90000000000000002       0.90000000000000002       0.90000000000000002       0.90000000000000002       0.87189047665236719       0.85081651848922124       0.78171485866310841       0.48428754357807746        9.7871298200320651E-003
       10001   1000000.0000000000        54589.194365971067       0.90000000000000002       0.90000000000000002       0.90000000000000002       0.90000000000000002       0.90000000000000002       0.90000000000000002       0.87212225471292382       0.85119520303925611       0.78259866555274793       0.48825353034494767        9.8244393330806316E-003
       10001   1000000.0000000000        59369.722407071960       0.90000000000000002       0.90000000000000002       0.90000000000000002       0.90000000000000002       0.90000000000000002       0.90000000000000002       0.87236990182684848       0.85159679955204415       0.78351995633429705       0.49238625839621120        9.8632435601825937E-003
       10001   1000000.0000000000        64568.894625233588       0.90000000000000002       0.90000000000000002       0.90000000000000002       0.90000000000000002       0.90000000000000002       0.90000000000000002       0.87263403749007573       0.85202123337579616       0.78447585336411574       0.49666848200791930        9.9034311128439589E-003
       10001   1000000.0000000000        70223.372858955801       0.90000000000000002       0.90000000000000002       0.90000000000000002       0.90000000000000002       0.90000000000000002       0.90000000000000002       0.87291573300956393       0.85246897504883301       0.78546513520836914       0.50108663435343581        9.9449454909854573E-003
       10001   1000000.0000000000        76373.029526213533       0.90000000000000002       0.90000000000000002       0.90000000000000002       0.90000000000000002       0.90000000000000002       0.90000000000000002       0.87321662705560854       0.85294123850725578       0.78648881157822415       0.50563166848343422        9.9877948534077901E-003
       10001   1000000.0000000000        83061.228783857878       0.90000000000000002       0.90000000000000002       0.90000000000000002       0.90000000000000002       0.90000000000000002       0.90000000000000002       0.87353910832047621       0.85344029375220387       0.78755095873879954       0.51030036150203539        1.0032062233896794E-002
       10001   1000000.0000000000        90335.132308930857       0.90000000000000002       0.90000000000000002       0.90000000000000002       0.90000000000000002       0.90000000000000002       0.90000000000000002       0.87388637805667835       0.85396959525698535       0.78865921141322493       0.51509391268144611        1.0077891753207439E-002
       10001   1000000.0000000000        98246.031858102593       0.90000000000000002       0.90000000000000002       0.90000000000000002       0.90000000000000002       0.90000000000000002       0.90000000000000002       0.87426244848603507       0.85453382980807047       0.78982525439643014       0.52001495026008582        1.0125459993420320E-002
       10001   1000000.0000000000        106849.71095026600       0.90000000000000002       0.90000000000000002       0.90000000000000002       0.90000000000000002       0.90000000000000002       0.90000000000000002       0.87467165892165610       0.85513826603534204       0.79106409714856196       0.52505768372025508        1.0174910924627962E-002
       10001   1000000.0000000000        116206.83822268601       0.90000000000000002       0.90000000000000002       0.90000000000000002       0.90000000000000002       0.90000000000000002       0.90000000000000002       0.87511778414842978       0.85578755623816571       0.79239240349269047       0.53019485830272339        1.0226316435356465E-002
       10001   1000000.0000000000        126383.39523444363       0.90000000000000002       0.90000000000000002       0.90000000000000002       0.90000000000000002       0.90000000000000002       0.90000000000000002       0.87560324839544901       0.85648469945662931       0.79382682335018495       0.53537087378547188        1.0279769827682989E-002
       10001   1000000.0000000000        137451.14173382093       0.90000000000000002       0.90000000000000002       0.90000000000000002       0.90000000000000002       0.90000000000000002       0.90000000000000002       0.87612973643528269       0.85723191069747906       0.79538515511880714       0.54051656272029314        1.0335691905410640E-002
       10001   1000000.0000000000        149488.12167044831       0.90000000000000002       0.90000000000000002       0.90000000000000002       0.90000000000000002       0.90000000000000002       0.90000000000000002       0.87670010529260300       0.85803322412862937       0.79708983935457589       0.54557902643677636        1.0395191733873861E-002
       10001   1000000.0000000000        162579.21352035040       0.90000000000000002       0.90000000000000002       0.90000000000000002       0.90000000000000002       0.90000000000000002       0.90000000000000002       0.87732046897055016       0.85889748388428333       0.79897186632815309       0.55054904259344739        1.0460240554149491E-002
       10001   1000000.0000000000        176816.72880448613       0.90000000000000002       0.90000000000000002       0.90000000000000002       0.90000000000000002       0.90000000000000002       0.90000000000000002       0.87800620468677648       0.85984718041143815       0.80108969147516740       0.55551328082276563        1.0533059144643652E-002
       10001   1000000.0000000000        192301.06302123182       0.90000000000000002       0.90000000000000002       0.90000000000000002       0.90000000000000002       0.90000000000000002       0.90000000000000002       0.87878130473523630       0.86091781950347412       0.80352684096507987       0.56063729896190151        1.0614718541800343E-002
       10001   1000000.0000000000        209141.40358283502       0.90000000000000002       0.90000000000000002       0.90000000000000002       0.90000000000000002       0.90000000000000002       0.90000000000000002       0.87965994790633961       0.86213073700086085       0.80631365752153472       0.56604464167292434        1.0706390942348615E-002
       10001   1000000.0000000000        227456.49974784054       0.90000000000000002       0.90000000000000002       0.90000000000000002       0.90000000000000002       0.90000000000000002       0.90000000000000002       0.88064578430934293       0.86348718652278322       0.80939275884385742       0.57186423926033636        1.0812391838822644E-002
       10001   1000000.0000000000        247375.49997864486       0.90000000000000002       0.90000000000000002       0.90000000000000002       0.90000000000000002       0.90000000000000002       0.90000000000000002       0.88179840235721429       0.86506191374741781       0.81284825649857939       0.57875093387737930        1.0922853611170444E-002
       10001   1000000.0000000000        269038.86262878962       0.90000000000000002       0.90000000000000002       0.90000000000000002       0.90000000000000002       0.90000000000000002       0.90000000000000002       0.90000000000000002       0.86691430160025884       0.81669284474749648       0.58756340169917265        1.1018568118199040E-002
       10001   1000000.0000000000        292599.34638167988       0.90000000000000002       0.90000000000000002       0.90000000000000002       0.90000000000000002       0.90000000000000002       0.90000000000000002       0.90000000000000002       0.86906980941147705       0.82097435538997998       0.59932327240528305        1.1077584577377744E-002
       10001   1000000.0000000000        318223.08742478525       0.90000000000000002       0.90000000000000002       0.90000000000000002       0.90000000000000002       0.90000000000000002       0.90000000000000002       0.90000000000000002       0.87155025281650800       0.82598718503540491       0.61522858389266721        1.1049888215334206E-002
       10001   1000000.0000000000        346090.77095499361       0.90000000000000002       0.90000000000000002       0.90000000000000002       0.90000000000000002       0.90000000000000002       0.90000000000000002       0.90000000000000002       0.87435784392273108       0.83175457630929561       0.63526190912454028        1.0850613675984630E-002
       10001   1000000.0000000000        376398.90527594875       0.90000000000000002       0.90000000000000002       0.90000000000000002       0.90000000000000002       0.90000000000000002       0.90000000000000002       0.90000000000000002       0.87747520820278935       0.83781270033120592       0.65637297280005136        1.0364626026329678E-002
       10001   1000000.0000000000        409361.20747165574       0.90000000000000002       0.90000000000000002       0.90000000000000002       0.90000000000000002       0.90000000000000002       0.90000000000000002       0.90000000000000002       0.90000000000000002       0.84429210477028793       0.67433959891841455        9.4273584883828223E-003
       10001   1000000.0000000000        445210.11042738560       0.90000000000000002       0.90000000000000002       0.90000000000000002       0.90000000000000002       0.90000000000000002       0.90000000000000002       0.90000000000000002       0.90000000000000002       0.85102400699197811       0.68981060168163222        7.8802936620224473E-003
       10001   1000000.0000000000        484198.40182460181       0.90000000000000002       0.90000000000000002       0.90000000000000002       0.90000000000000002       0.90000000000000002       0.90000000000000002       0.90000000000000002       0.90000000000000002       0.85785321006374360       0.70798524382025740        5.5705577840298526E-003
       10001   1000000.0000000000        526601.00666724879       0.90000000000000002       0.90000000000000002       0.90000000000000002       0.90000000000000002       0.90000000000000002       0.90000000000000002       0.90000000000000002       0.90000000000000002       0.86467303397812856       0.72713694094038728        2.3849446807079019E-003
       10001   1000000.0000000000        572716.92590884247       0.90000000000000002       0.90000000000000002       0.90000000000000002       0.90000000000000002       0.90000000000000002       0.90000000000000002       0.90000000000000002       0.90000000000000002       0.87141788107734186       0.74292598284829858        0.0000000000000000     
       10001   1000000.0000000000        622871.34485053364       0.90000000000000002       0.90000000000000002       0.90000000000000002       0.90000000000000002       0.90000000000000002       0.90000000000000002       0.90000000000000002       0.90000000000000002       0.87796720596029110       0.75898134779763970        0.0000000000000000     
       10001   1000000.0000000000        677417.92617748480       0.90000000000000002       0.90000000000000002       0.90000000000000002       0.90000000000000002       0.90000000000000002       0.90000000000000002       0.90000000000000002       0.90000000000000002       0.90000000000000002       0.77359114724111533        0.0000000000000000     
       10001   1000000.0000000000        736741.30380282935       0.90000000000000002       0.90000000000000002       0.90000000000000002       0.90000000000000002       0.90000000000000002       0.90000000000000002       0.90000000000000002       0.90000000000000002       0.90000000000000002       0.78677475948057685        0.0000000000000000     
       10001   1000000.0000000000        801259.79510451166       0.90000000000000002       0.90000000000000002       0.90000000000000002       0.90000000000000002       0.90000000000000002       0.90000000000000002       0.90000000000000002       0.90000000000000002       0.90000000000000002       0.79802206979536261        0.0000000000000000     
       10001   1000000.0000000000        871428.35068025719       0.90000000000000002       0.90000000000000002       0.90000000000000002       0.90000000000000002       0.90000000000000002       0.90000000000000002       0.90000000000000002       0.90000000000000002       0.90000000000000002       0.80680085629483256        0.0000000000000000     
       10001   1000000.0000000000        947741.76242084394       0.90000000000000002       0.90000000000000002       0.90000000000000002       0.90000000000000002       0.90000000000000002       0.90000000000000002       0.90000000000000002       0.90000000000000002       0.90000000000000002       0.81175349881540326        0.0000000000000000     
       10001   1000000.0000000000        1030738.1525232699       0.90000000000000002       0.90000000000000002       0.90000000000000002       0.90000000000000002       0.90000000000000002       0.90000000000000002       0.90000000000000002       0.90000000000000002       0.90000000000000002       0.81062324978164346        0.0000000000000000     
       10001   1000000.0000000000        1121002.7680465493       0.90000000000000002       0.90000000000000002       0.90000000000000002       0.90000000000000002       0.90000000000000002       0.90000000000000002       0.90000000000000002       0.90000000000000002       0.90000000000000002       0.79501814504933777        0.0000000000000000     
       10001   1000000.0000000000        1219172.1077673580       0.90000000000000002       0.90000000000000002       0.90000000000000002       0.90000000000000002       0.90000000000000002       0.90000000000000002       0.90000000000000002       0.90000000000000002       0.90000000000000002       0.73680046178010650        0.0000000000000000     
       10001   1000000.0000000000        1325938.4104359150       0.90000000000000002       0.90000000000000002       0.90000000000000002       0.90000000000000002       0.90000000000000002       0.90000000000000002       0.90000000000000002       0.90000000000000002       0.77715348550518415       0.62346486158951142        0.0000000000000000     
       10001   1000000.0000000000        1442054.5360809742       0.90000000000000002       0.90000000000000002       0.90000000000000002       0.90000000000000002       0.90000000000000002       0.90000000000000002       0.90000000000000002        0.0000000000000000       0.57099340927930153       0.43291167332147085        0.0000000000000000     
       10001   1000000.0000000000        1568339.2747843021       0.90000000000000002       0.90000000000000002       0.90000000000000002        0.0000000000000000        0.0000000000000000        0.0000000000000000        0.0000000000000000       0.53699691948081918       0.48964236505819791       0.34636154425226218        0.0000000000000000     
       10001   1000000.0000000000        1705683.1203593500       0.90000000000000002       0.90000000000000002        0.0000000000000000        0.0000000000000000        0.0000000000000000        0.0000000000000000        0.0000000000000000       0.53606086140594256       0.49253418558264650       0.36485576744491954        0.0000000000000000     
       10001   1000000.0000000000        1855054.5496470677       0.90000000000000002       0.90000000000000002       0.90000000000000002        0.0000000000000000        0.0000000000000000        0.0000000000000000        0.0000000000000000        0.0000000000000000       0.50252678709376286       0.40645168942635562        0.0000000000000000     
       10001   1000000.0000000000        2017506.8517071931       0.90000000000000002       0.90000000000000002       0.90000000000000002        0.0000000000000000        0.0000000000000000        0.0000000000000000        0.0000000000000000        0.0000000000000000       0.51087140599327441       0.43589898904094537        0.0000000000000000     
       10001   1000000.0000000000        2194185.5550608300       0.90000000000000002       0.90000000000000002       0.90000000000000002       0.90000000000000002        0.0000000000000000        0.0000000000000000        0.0000000000000000        0.0000000000000000       0.51740278773235993       0.44875154663302513        0.0000000000000000     
       10001   1000000.0000000000        2386336.5053574229       0.90000000000000002       0.90000000000000002       0.90000000000000002       0.90000000000000002        0.0000000000000000        0.0000000000000000        0.0000000000000000        0.0000000000000000       0.52623586358638741       0.45250976168405838        0.0000000000000000     
       10001   1000000.0000000000        2595314.6504255468       0.90000000000000002       0.90000000000000002       0.90000000000000002       0.90000000000000002       0.90000000000000002       0.90000000000000002        0.0000000000000000        0.0000000000000000       0.55648490843678322       0.45774026557194619        0.0000000000000000     
       10001   1000000.0000000000        2822593.5946550933       0.90000000000000002       0.90000000000000002       0.90000000000000002       0.90000000000000002       0.90000000000000002       0.90000000000000002       0.90000000000000002       0.90000000000000002       0.70912017581766495       0.50292353707731174        0.0000000000000000     
       10001   1000000.0000000000        3069775.9900833662       0.90000000000000002       0.90000000000000002       0.90000000000000002       0.90000000000000002       0.90000000000000002       0.90000000000000002       0.90000000000000002       0.88879594105074267       0.86807135549168657       0.61275759281743514        1.7343127836452074E-004
       10001   1000000.0000000000        3338604.8374575973       0.90000000000000002       0.90000000000000002       0.90000000000000002       0.90000000000000002       0.90000000000000002       0.90000000000000002       0.79168799349940278       0.77295958801393516       0.64632848214612637       0.48695474717818688        0.0000000000000000     
       10001   1000000.0000000000        3630975.7769629848       0.90000000000000002       0.90000000000000002       0.90000000000000002       0.90000000000000002       0.90000000000000002       0.90000000000000002       0.66742873692202320       0.61880127225034720       0.49830655097513754       0.43749060257800493        0.0000000000000000     
       10001   1000000.0000000000        3948950.4552841196       0.90000000000000002       0.90000000000000002       0.90000000000000002       0.90000000000000002       0.90000000000000002       0.50890958686097754       0.43032935355018209       0.36871921640565647       0.18686892593987564       0.42883639402112972        0.0000000000000000     
       10001   1000000.0000000000        4294771.0632572537       0.90000000000000002       0.90000000000000002       0.90000000000000002       0.90000000000000002       0.55075382929140393       0.46984906605216664       0.38203563768193832       0.53969686991125343       0.24268481582790230       0.10907571246678394        0.0000000000000000     
       10001   1000000.0000000000        4670876.1466253446       0.90000000000000002       0.90000000000000002       0.90000000000000002       0.36173507877445527       0.25493902273159930       0.54021969234837830        6.4893299292783910E-002  0.39389515063122305       0.48001481033702220        1.2202136319668197E-003   0.0000000000000000     
       10001   1000000.0000000000        5079917.8013849705       0.46840914194712735       0.51831799203864404       0.49313042319938105        6.9496010593822280E-002  0.29585217426138810       0.43312660158293226       0.31563690439211756       0.15375144381871195        4.8858660428817348E-002   0.0000000000000000        0.0000000000000000     
       10001   1000000.0000000000        5524780.3749778615       0.51198991626991575        8.2044497299363528E-002  0.22490782377557586       0.33438846689451351       0.11529428985403865        6.1166641306853384E-002   3.4060640379154031E-002   1.9183913424570299E-002   6.3805665517572743E-003   0.0000000000000000        0.0000000000000000     
       10001   1000000.0000000000        6008600.8051978257       0.46345327262467856       0.18638510048465701        7.9064409729314888E-002   3.4265742046450873E-002   1.4258178812574098E-002   7.7238268162056079E-003   4.3212489342098342E-003   2.4360216881790125E-003   8.0996030782786853E-004   0.0000000000000000        0.0000000000000000     
       10001   1000000.0000000000        6534790.7402325803        5.0892034273225535E-002   2.0959461789688074E-002   9.6695808360570921E-003   4.2471860203380290E-003   1.7697698748432994E-003   9.5862125163443334E-004   5.3625291953828002E-004   3.0227154925508890E-004   1.0049035283713354E-004   0.0000000000000000        0.0000000000000000     
       10001   1000000.0000000000        7107060.5958192665        6.1049141767306548E-003   2.5429958186427618E-003   1.1766277379633224E-003   5.1695117768625783E-004   2.1539179793417874E-004   1.1666443233151987E-004   6.5260406941735228E-005   3.6784974280911711E-005   0.0000000000000000        0.0000000000000000        0.0000000000000000     
       10001   1000000.0000000000        7729445.7191523332        7.3016488942064092E-004   3.0439800335865927E-004   1.4088046694643331E-004   6.1896652992467205E-005   0.0000000000000000        0.0000000000000000        0.0000000000000000        0.0000000000000000        0.0000000000000000        0.0000000000000000        0.0000000000000000     
       10001   1000000.0000000000        8406334.8440376241        1.2854521480834151E-004   5.3593655275072986E-005   0.0000000000000000        0.0000000000000000        0.0000000000000000        0.0000000000000000        0.0000000000000000        0.0000000000000000        0.0000000000000000        0.0000000000000000        0.0000000000000000     
       10001   1000000.0000000000        9142501.0379438680        1.2854521177381358E-004   5.3593654202537960E-005   0.0000000000000000        0.0000000000000000        0.0000000000000000        0.0000000000000000        0.0000000000000000        0.0000000000000000        0.0000000000000000        0.0000000000000000        0.0000000000000000     
       10001   1000000.0000000000        9943135.3591737300        1.2854512708918318E-004   5.3593624197745974E-005   0.0000000000000000        0.0000000000000000        0.0000000000000000        0.0000000000000000        0.0000000000000000        0.0000000000000000        0.0000000000000000        0.0000000000000000        0.0000000000000000     
       10001   1000000.0000000000        10813883.461487234        1.2854278632564074E-004   5.3592842599800802E-005   0.0000000000000000        0.0000000000000000        0.0000000000000000        0.0000000000000000        0.0000000000000000        0.0000000000000000        0.0000000000000000        0.0000000000000000        0.0000000000000000     
       10001   1000000.0000000000        11760885.404294103        1.2847769781662159E-004   5.3572060692160886E-005   0.0000000000000000        0.0000000000000000        0.0000000000000000        0.0000000000000000        0.0000000000000000        0.0000000000000000        0.0000000000000000        0.0000000000000000        0.0000000000000000     
       10001   1000000.0000000000        12790818.949135916        1.2726869191144002E-004   5.3155119437115317E-005   0.0000000000000000        0.0000000000000000        0.0000000000000000        0.0000000000000000        0.0000000000000000        0.0000000000000000        0.0000000000000000        0.0000000000000000        0.0000000000000000     
       10001   1000000.0000000000        13910946.647761630        1.2277843390884625E-004   5.1602795459479263E-005   0.0000000000000000        0.0000000000000000        0.0000000000000000        0.0000000000000000        0.0000000000000000        0.0000000000000000        0.0000000000000000        0.0000000000000000        0.0000000000000000     
       10001   1000000.0000000000        15129167.053837782        1.1102361457518868E-004   4.7469272651531529E-005   0.0000000000000000        0.0000000000000000        0.0000000000000000        0.0000000000000000        0.0000000000000000        0.0000000000000000        0.0000000000000000        0.0000000000000000        0.0000000000000000     
       10001   1000000.0000000000        16454070.419410402        1.0398473599049069E-004   4.4936784816709523E-005   0.0000000000000000        0.0000000000000000        0.0000000000000000        0.0000000000000000        0.0000000000000000        0.0000000000000000        0.0000000000000000        0.0000000000000000        0.0000000000000000     
       10001   1000000.0000000000        17894999.268861804        1.0301073305800776E-004   4.4581915664970956E-005   0.0000000000000000        0.0000000000000000        0.0000000000000000        0.0000000000000000        0.0000000000000000        0.0000000000000000        0.0000000000000000        0.0000000000000000        0.0000000000000000     
       10001   1000000.0000000000        19462114.277498070        1.0292013789824280E-004   4.4548787121394967E-005   0.0000000000000000        0.0000000000000000        0.0000000000000000        0.0000000000000000        0.0000000000000000        0.0000000000000000        0.0000000000000000        0.0000000000000000        0.0000000000000000     
       10001   1000000.0000000000        21166465.919307370        1.0285034945489511E-004   4.4523387784403987E-005   0.0000000000000000        0.0000000000000000        0.0000000000000000        0.0000000000000000        0.0000000000000000        0.0000000000000000        0.0000000000000000        0.0000000000000000        0.0000000000000000     
       10001   1000000.0000000000        23020072.389113221        1.0275304462255031E-004   4.4487940852609305E-005   0.0000000000000000        0.0000000000000000        0.0000000000000000        0.0000000000000000        0.0000000000000000        0.0000000000000000        0.0000000000000000        0.0000000000000000        0.0000000000000000     
       10001   1000000.0000000000        25036004.348587755        1.0267394888375905E-004   4.4459249645821040E-005   0.0000000000000000        0.0000000000000000        0.0000000000000000        0.0000000000000000        0.0000000000000000        0.0000000000000000        0.0000000000000000        0.0000000000000000        0.0000000000000000     
       10001   1000000.0000000000        27228477.093709577        1.0258080549793476E-004   4.4425751304804410E-005   0.0000000000000000        0.0000000000000000        0.0000000000000000        0.0000000000000000        0.0000000000000000        0.0000000000000000        0.0000000000000000        0.0000000000000000        0.0000000000000000     
       10001   1000000.0000000000        29612950.793583296        1.0250940763434666E-004   4.4400562641856745E-005   0.0000000000000000        0.0000000000000000        0.0000000000000000        0.0000000000000000        0.0000000000000000        0.0000000000000000        0.0000000000000000        0.0000000000000000        0.0000000000000000     
       10001   1000000.0000000000        32206239.507452108        1.0246065464437513E-004   4.4383989094626012E-005   0.0000000000000000        0.0000000000000000        0.0000000000000000        0.0000000000000000        0.0000000000000000        0.0000000000000000        0.0000000000000000        0.0000000000000000        0.0000000000000000     
       10001   1000000.0000000000        35026629.748634435        1.0241086030377496E-004   4.4367321375825587E-005   0.0000000000000000        0.0000000000000000        0.0000000000000000        0.0000000000000000        0.0000000000000000        0.0000000000000000        0.0000000000000000        0.0000000000000000        0.0000000000000000     
       10001   1000000.0000000000        38094009.431434512        1.0232650527032824E-004   4.4338257479260780E-005   0.0000000000000000        0.0000000000000000        0.0000000000000000        0.0000000000000000        0.0000000000000000        0.0000000000000000        0.0000000000000000        0.0000000000000000        0.0000000000000000     
       10001   1000000.0000000000        41430008.110294931        1.0226546495928333E-004   4.4317815084118651E-005   0.0000000000000000        0.0000000000000000        0.0000000000000000        0.0000000000000000        0.0000000000000000        0.0000000000000000        0.0000000000000000        0.0000000000000000        0.0000000000000000     
       10001   1000000.0000000000        45058149.500081860        1.0219294249445168E-004   4.4293224426729124E-005   0.0000000000000000        0.0000000000000000        0.0000000000000000        0.0000000000000000        0.0000000000000000        0.0000000000000000        0.0000000000000000        0.0000000000000000        0.0000000000000000     
       10001   1000000.0000000000        49004017.352997556        1.0211295819599263E-004   4.4265807964607725E-005   0.0000000000000000        0.0000000000000000        0.0000000000000000        0.0000000000000000        0.0000000000000000        0.0000000000000000        0.0000000000000000        0.0000000000000000        0.0000000000000000     
       10001   1000000.0000000000        53295435.861797445        1.0203925344863804E-004   4.4240376624298775E-005   0.0000000000000000        0.0000000000000000        0.0000000000000000        0.0000000000000000        0.0000000000000000        0.0000000000000000        0.0000000000000000        0.0000000000000000        0.0000000000000000     
       10001   1000000.0000000000        57962665.861418702        1.0195890735843516E-004   4.4212022808053605E-005   0.0000000000000000        0.0000000000000000        0.0000000000000000        0.0000000000000000        0.0000000000000000        0.0000000000000000        0.0000000000000000        0.0000000000000000        0.0000000000000000     
       10001   1000000.0000000000        63038618.212534659        1.0193670518020968E-004   4.4204268623033884E-005   0.0000000000000000        0.0000000000000000        0.0000000000000000        0.0000000000000000        0.0000000000000000        0.0000000000000000        0.0000000000000000        0.0000000000000000        0.0000000000000000     
       10001   1000000.0000000000        68559085.871700674        1.0192478840780449E-004   4.4199714889248827E-005   0.0000000000000000        0.0000000000000000        0.0000000000000000        0.0000000000000000        0.0000000000000000        0.0000000000000000        0.0000000000000000        0.0000000000000000        0.0000000000000000     
       10001   1000000.0000000000        74562996.284531817        1.0190596938185415E-004   4.4192282677500134E-005   0.0000000000000000        0.0000000000000000        0.0000000000000000        0.0000000000000000        0.0000000000000000        0.0000000000000000        0.0000000000000000        0.0000000000000000        0.0000000000000000     
       10001   1000000.0000000000        81092685.881652892        1.0186644919007677E-004   4.4177167009355971E-005   0.0000000000000000        0.0000000000000000        0.0000000000000000        0.0000000000000000        0.0000000000000000        0.0000000000000000        0.0000000000000000        0.0000000000000000        0.0000000000000000     
       10001   1000000.0000000000        88194198.613027439        1.0175697195370900E-004   4.4136518046627113E-005   0.0000000000000000        0.0000000000000000        0.0000000000000000        0.0000000000000000        0.0000000000000000        0.0000000000000000        0.0000000000000000        0.0000000000000000        0.0000000000000000     
       10001   1000000.0000000000        95917610.625768691        1.0121945321497416E-004   4.3938979034557890E-005   0.0000000000000000        0.0000000000000000        0.0000000000000000        0.0000000000000000        0.0000000000000000        0.0000000000000000        0.0000000000000000        0.0000000000000000        0.0000000000000000     
