  0.33999998867511749       0.51500000059604645       0.73000001907348633        1.0850000381469727        1.6700000166893005        2.2599999904632568        3.0000000000000000        3.9500000476837158        6.5499999523162842        14.349999904632568        172.33999633789062     
       10001   1000000.0000000000        10.431738337489184        0.0000000000000000        0.0000000000000000        0.0000000000000000        0.0000000000000000        0.0000000000000000        0.0000000000000000        0.0000000000000000        0.0000000000000000        0.0000000000000000        0.0000000000000000        0.0000000000000000     
       10001   1000000.0000000000        11.345274765696345        0.0000000000000000        0.0000000000000000        0.0000000000000000        0.0000000000000000        0.0000000000000000        0.0000000000000000        0.0000000000000000        0.0000000000000000        0.0000000000000000        0.0000000000000000        0.0000000000000000     
       10001   1000000.0000000000        12.338812127464312        0.0000000000000000        0.0000000000000000        0.0000000000000000        0.0000000000000000        0.0000000000000000        0.0000000000000000        0.0000000000000000        0.0000000000000000        0.0000000000000000        0.0000000000000000        0.0000000000000000     
       10001   1000000.0000000000        13.419356327728012        0.0000000000000000        0.0000000000000000        0.0000000000000000        0.0000000000000000        0.0000000000000000        0.0000000000000000        0.0000000000000000        0.0000000000000000        0.0000000000000000        0.0000000000000000        0.0000000000000000     
       10001   1000000.0000000000        14.594526798062295        0.0000000000000000        0.0000000000000000        0.0000000000000000        0.0000000000000000        0.0000000000000000        0.0000000000000000        0.0000000000000000        0.0000000000000000        0.0000000000000000        0.0000000000000000        0.0000000000000000     
       10001   1000000.0000000000        15.872610224921379        0.0000000000000000        0.0000000000000000        0.0000000000000000        0.0000000000000000        0.0000000000000000        0.0000000000000000        0.0000000000000000        0.0000000000000000        0.0000000000000000        0.0000000000000000        0.0000000000000000     
       10001   1000000.0000000000        17.262618983009986        0.0000000000000000        0.0000000000000000        0.0000000000000000        0.0000000000000000        0.0000000000000000        0.0000000000000000        0.0000000000000000        0.0000000000000000        0.0000000000000000        0.0000000000000000        0.0000000000000000     
       10001   1000000.0000000000        18.774354685828140        0.0000000000000000        0.0000000000000000        0.0000000000000000        0.0000000000000000        0.0000000000000000        0.0000000000000000        0.0000000000000000        0.0000000000000000        0.0000000000000000        0.0000000000000000        0.0000000000000000     
       10001   1000000.0000000000        20.418477301514223        0.0000000000000000        0.0000000000000000        0.0000000000000000        0.0000000000000000        0.0000000000000000        0.0000000000000000        0.0000000000000000        0.0000000000000000        0.0000000000000000        0.0000000000000000        0.0000000000000000     
       10001   1000000.0000000000        22.206580321355077        0.0000000000000000        0.0000000000000000        0.0000000000000000        0.0000000000000000        0.0000000000000000        0.0000000000000000        0.0000000000000000        0.0000000000000000        0.0000000000000000        0.0000000000000000        0.0000000000000000     
       10001   1000000.0000000000        24.151272511012497        0.0000000000000000        0.0000000000000000        0.0000000000000000        0.0000000000000000        0.0000000000000000        0.0000000000000000        0.0000000000000000        0.0000000000000000        0.0000000000000000        0.0000000000000000        0.0000000000000000     
       10001   1000000.0000000000        26.266266820932874        0.0000000000000000        0.0000000000000000        0.0000000000000000        0.0000000000000000        0.0000000000000000        0.0000000000000000        0.0000000000000000        0.0000000000000000        0.0000000000000000        0.0000000000000000        0.0000000000000000     
       10001   1000000.0000000000        28.566477082888710        0.0000000000000000        0.0000000000000000        0.0000000000000000        0.0000000000000000        0.0000000000000000        0.0000000000000000        0.0000000000000000        0.0000000000000000        0.0000000000000000        0.0000000000000000        0.0000000000000000     
       10001   1000000.0000000000        31.068123174506820        0.0000000000000000        0.0000000000000000        0.0000000000000000        0.0000000000000000        0.0000000000000000        0.0000000000000000        0.0000000000000000        0.0000000000000000        0.0000000000000000        0.0000000000000000        0.0000000000000000     
       10001   1000000.0000000000        33.788845393347479        0.0000000000000000        0.0000000000000000        0.0000000000000000        0.0000000000000000        0.0000000000000000        0.0000000000000000        0.0000000000000000        0.0000000000000000        0.0000000000000000        0.0000000000000000        0.0000000000000000     
       10001   1000000.0000000000        36.747828847040090        0.0000000000000000        0.0000000000000000        0.0000000000000000        0.0000000000000000        0.0000000000000000        0.0000000000000000        0.0000000000000000        0.0000000000000000        0.0000000000000000        0.0000000000000000        0.0000000000000000     
       10001   1000000.0000000000        39.965938736611179        0.0000000000000000        0.0000000000000000        0.0000000000000000        0.0000000000000000        0.0000000000000000        0.0000000000000000        0.0000000000000000        0.0000000000000000        0.0000000000000000        0.0000000000000000        0.0000000000000000     
       10001   1000000.0000000000        43.465867486949911        0.0000000000000000        0.0000000000000000        0.0000000000000000        0.0000000000000000        0.0000000000000000        0.0000000000000000        0.0000000000000000        0.0000000000000000        0.0000000000000000        0.0000000000000000        0.0000000000000000     
       10001   1000000.0000000000        47.272294761899261        0.0000000000000000        0.0000000000000000        0.0000000000000000        0.0000000000000000        0.0000000000000000        0.0000000000000000        0.0000000000000000        0.0000000000000000        0.0000000000000000        0.0000000000000000        0.0000000000000000     
       10001   1000000.0000000000        51.412061492314940        0.0000000000000000        0.0000000000000000        0.0000000000000000        0.0000000000000000        0.0000000000000000        0.0000000000000000        0.0000000000000000        0.0000000000000000        0.0000000000000000        0.0000000000000000        0.0000000000000000     
       10001   1000000.0000000000        55.914359144247676        0.0000000000000000        0.0000000000000000        0.0000000000000000        0.0000000000000000        0.0000000000000000        0.0000000000000000        0.0000000000000000        0.0000000000000000        0.0000000000000000        0.0000000000000000        0.0000000000000000     
       10001   1000000.0000000000        60.810935561867311        0.0000000000000000        0.0000000000000000        0.0000000000000000        0.0000000000000000        0.0000000000000000        0.0000000000000000        0.0000000000000000        0.0000000000000000        0.0000000000000000        0.0000000000000000        0.0000000000000000     
       10001   1000000.0000000000        66.136318836625861        0.0000000000000000        0.0000000000000000        0.0000000000000000        0.0000000000000000        0.0000000000000000        0.0000000000000000        0.0000000000000000        0.0000000000000000        0.0000000000000000        0.0000000000000000        0.0000000000000000     
       10001   1000000.0000000000        71.928060781269068        0.0000000000000000        0.0000000000000000        0.0000000000000000        0.0000000000000000        0.0000000000000000        0.0000000000000000        0.0000000000000000        0.0000000000000000        0.0000000000000000        0.0000000000000000        0.0000000000000000     
       10001   1000000.0000000000        78.227001725545264        0.0000000000000000        0.0000000000000000        0.0000000000000000        0.0000000000000000        0.0000000000000000        0.0000000000000000        0.0000000000000000        0.0000000000000000        0.0000000000000000        0.0000000000000000        0.0000000000000000     
       10001   1000000.0000000000        85.077558500813126        0.0000000000000000        0.0000000000000000        0.0000000000000000        0.0000000000000000        0.0000000000000000        0.0000000000000000        0.0000000000000000        0.0000000000000000        0.0000000000000000        0.0000000000000000        0.0000000000000000     
       10001   1000000.0000000000        92.528037644265609        0.0000000000000000        0.0000000000000000        0.0000000000000000        0.0000000000000000        0.0000000000000000        0.0000000000000000        0.0000000000000000        0.0000000000000000        0.0000000000000000        0.0000000000000000        0.0000000000000000     
       10001   1000000.0000000000        100.63097603132084        0.0000000000000000        0.0000000000000000        0.0000000000000000        0.0000000000000000        0.0000000000000000        0.0000000000000000        0.0000000000000000        0.0000000000000000        0.0000000000000000        0.0000000000000000        0.0000000000000000     
       10001   1000000.0000000000        109.44351133814270        0.0000000000000000        0.0000000000000000        0.0000000000000000        0.0000000000000000        0.0000000000000000        0.0000000000000000        0.0000000000000000        0.0000000000000000        0.0000000000000000        0.0000000000000000        0.0000000000000000     
       10001   1000000.0000000000        119.02778494659654        0.0000000000000000        0.0000000000000000        0.0000000000000000        0.0000000000000000        0.0000000000000000        0.0000000000000000        0.0000000000000000        0.0000000000000000        0.0000000000000000        0.0000000000000000        0.0000000000000000     
       10001   1000000.0000000000        129.45138013271696        0.0000000000000000        0.0000000000000000        0.0000000000000000        0.0000000000000000        0.0000000000000000        0.0000000000000000        0.0000000000000000        0.0000000000000000        0.0000000000000000        0.0000000000000000        0.0000000000000000     
       10001   1000000.0000000000        140.78779862856183        0.0000000000000000        0.0000000000000000        0.0000000000000000        0.0000000000000000        0.0000000000000000        0.0000000000000000        0.0000000000000000        0.0000000000000000        0.0000000000000000        0.0000000000000000        0.0000000000000000     
       10001   1000000.0000000000        153.11697891791701        0.0000000000000000        0.0000000000000000        0.0000000000000000        0.0000000000000000        0.0000000000000000        0.0000000000000000        0.0000000000000000        0.0000000000000000        0.0000000000000000        0.0000000000000000        0.0000000000000000     
       10001   1000000.0000000000        166.52585992060216        0.0000000000000000        0.0000000000000000        0.0000000000000000        0.0000000000000000        0.0000000000000000        0.0000000000000000        0.0000000000000000        0.0000000000000000        0.0000000000000000        0.0000000000000000        0.0000000000000000     
       10001   1000000.0000000000        181.10899404018389        0.0000000000000000        0.0000000000000000        0.0000000000000000        0.0000000000000000        0.0000000000000000        0.0000000000000000        0.0000000000000000        0.0000000000000000        0.0000000000000000        0.0000000000000000        0.0000000000000000     
       10001   1000000.0000000000        196.96921389798786        0.0000000000000000        0.0000000000000000        0.0000000000000000        0.0000000000000000        0.0000000000000000        0.0000000000000000        0.0000000000000000        0.0000000000000000        0.0000000000000000        0.0000000000000000        0.0000000000000000     
       10001   1000000.0000000000        214.21835745486533        0.0000000000000000        0.0000000000000000        0.0000000000000000        0.0000000000000000        0.0000000000000000        0.0000000000000000        0.0000000000000000        0.0000000000000000        0.0000000000000000        0.0000000000000000        0.0000000000000000     
       10001   1000000.0000000000        232.97805663390125        0.0000000000000000        0.0000000000000000        0.0000000000000000        0.0000000000000000        0.0000000000000000        0.0000000000000000        0.0000000000000000        0.0000000000000000        0.0000000000000000        0.0000000000000000        0.0000000000000000     
       10001   1000000.0000000000        253.38059500500913       0.51681580845397634       0.51978778590991515       0.51871938143286500       0.50818297108168931       0.48412026323457552       0.50490894040948608       0.49354240570579061       0.47906801917072372       0.46619698311960567       0.48248958801986108        1.2729336648859991E-002
       10001   1000000.0000000000        275.56984057935517       0.51624081737386607       0.51952356790624143       0.51944883411342424       0.51096983407531593       0.48873310303667583       0.50809522385127448       0.49737576899666242       0.48350211514920688       0.46955586090262519       0.48451471991002404        1.4348422189781768E-002
       10001   1000000.0000000000        299.70226029120391       0.51575867337348236       0.51922406883719130       0.51985106899312805       0.51300770600189549       0.49246908561861208       0.51076175579546113       0.50029366624159888       0.48734382834924256       0.47158896188499827       0.48505486273806181        1.5808576706415452E-002
       10001   1000000.0000000000        325.94802332075642       0.51544207543037301       0.51899552537254590       0.52002306220347583       0.51419598301421598       0.49486618273060629       0.51249085040546394       0.50214819753053086       0.48990105061883554       0.47277115546597415       0.48550236076433595        1.6825902962194880E-002
       10001   1000000.0000000000        354.49220103805158       0.51530476133100478       0.51888952044036840       0.52007662506152152       0.51467534894411349       0.49589018693786063       0.51322762228388052       0.50294354472155478       0.49097455985081029       0.47333796896867736       0.48583043378670310        1.7282897335163840E-002
       10001   1000000.0000000000        385.53607202931107       0.51522229834149758       0.51882399915885269       0.52010297166968089       0.51495303662229586       0.49649998835564468       0.51366616052118319       0.50341975614706680       0.49160467910391781       0.47370879957681045       0.48608285182193828        1.7562165698184248E-002
       10001   1000000.0000000000        419.29854140806611       0.51517752743389311       0.51878786072569216       0.52011548787539019       0.51510062788806510       0.49682932083975895       0.51390314957189176       0.50367797947868387       0.49194209697548957       0.47392136146559288       0.48623930715288632        1.7715356099122420E-002
       10001   1000000.0000000000        456.01768441933399       0.51515378251375787       0.51876853520815780       0.52012161696865000       0.51517798890458877       0.49700345747549135       0.51402850653496313       0.50381480337164508       0.49211966844224247       0.47403741736516114       0.48632786790768229        1.7797076220525038E-002
       10001   1000000.0000000000        495.95242522150778       0.51514103443152248       0.51875811423028395       0.52012475684266302       0.51521924209202385       0.49709677825920212       0.47536092969959809       0.50388816141066739       0.49221452416111328       0.47410058465725752       0.48637674222449306        1.7841105972126351E-002
       10001   1000000.0000000000        539.38436268386613       0.51513404824895304       0.51875238930321288       0.52012642655644392       0.51524174674015577       0.49714785400270622       0.47542470364160105       0.50392826528106882       0.49226627034375037       0.47413533730550561       0.48640359787105791        1.7865302093651128E-002
       10001   1000000.0000000000        586.61975607426393       0.51513012176032258       0.51874916670630555       0.52012734248832848       0.51525434269583714       0.49717652434120113       0.47546056959579458       0.50395070441661993       0.49229518128874750       0.47415478647293358       0.48641837749903577        1.7878943106667950E-002
       10001   1000000.0000000000        637.99168463903061       0.51512784852326021       0.51874729871460445       0.52012785860716260       0.51526159710974273       0.49719309540302137       0.47548135771677708       0.50396359131823842       0.49231176252301734       0.47416589221115307       0.48642648994205595        1.7886875600506377E-002
       10001   1000000.0000000000        693.86239630330283       0.51512649229457008       0.51874618282578289       0.52012815480080121       0.51526589106410714       0.49720295640839041       0.47549378443665991       0.50397117205291087       0.49232149988854157       0.47417233667012720       0.48643083282806648        1.7891641714569903E-002
       10001   1000000.0000000000        754.62586205360674       0.51512565967200519       0.51874549658460767       0.52012832552347832       0.51526849382751105       0.49720898518006007       0.47550143868269396       0.50397571499268490       0.49232732020443343       0.47417609871224004       0.48643297345623177        1.7894601430235652E-002
       10001   1000000.0000000000        820.71055401484307       0.51512513491759482       0.51874506299088752       0.52012842201055465       0.51527010040061261       0.49721275923528280       0.47550628866986278       0.50397846369272437       0.49233082671753448       0.47417826676379360       0.48643377629291601        1.7896501149367479E-002
       10001   1000000.0000000000        892.58246681121705       0.51512479649862575       0.51874478227427401       0.52012847290972897       0.51527110187197489       0.49721516696818452       0.47550944324209560       0.50398011832197065       0.49233292165158421       0.47417945467098438       0.48643372892214365        1.7897761622650034E-002
       10001   1000000.0000000000        970.74840351619173       0.51512457410600676       0.51874459669194839       0.52012849469581679       0.51527172427543166       0.49721672218423030       0.47551154396478007       0.50398108359361249       0.49233412631751278       0.47418001742679189       0.48643311261255257        1.7898626427416239E-002
       10001   1000000.0000000000        1055.7595493622257       0.51512442601393482       0.51874447196487772       0.52012849708954056       0.51527210161223869       0.49721772970708422       0.47551297165670287       0.50398159935965459       0.49233474957041834       0.47418016530576623       0.48643209303443879        1.7899240239438442E-002
       10001   1000000.0000000000        1148.2153584102582       0.51512432686576337       0.51874438725580618       0.52012848595826200       0.51527231520506356       0.49721837469674979       0.47551395781058342       0.50398181106518181       0.49233497863712450       0.47418002560972078       0.48643076950031394        1.7899691080222994E-002
       10001   1000000.0000000000        1248.7677805856742       0.51512426092080643       0.51874432962554418       0.52012846491179332       0.51527241544258739       0.49721877202499903       0.47551464619710704       0.50398180870343678       0.49233492931706851       0.47417967686970341       0.48642920230121317        1.7900033682765052E-002
       10001   1000000.0000000000        1358.1258588876030       0.51512421822889132       0.51874429089169971       0.52012843620341243       0.51527243409189294       0.49721899424173888       0.47551512776117255       0.50398164888346331       0.49233467441358708       0.47417916824496503       0.48642742823667329        1.7900302729992112E-002
       10001   1000000.0000000000        1477.0607291886670       0.51512419241189034       0.51874426580661481       0.52012840125129189       0.51527239143688508       0.49721908779228946       0.47551546085873608       0.50398136762878099       0.49233426022066534       0.47417853078400679       0.48642546964232714        1.7900520532820704E-002
       10001   1000000.0000000000        1606.4110578811351       0.51512417934767685       0.51874425097632704       0.52012836094742598       0.51527230051239170       0.49721908263755343       0.47551568326151006       0.50398098797096802       0.49233371630365974       0.47417778411065725       0.48642333975723817        1.7900701585098638E-002
       10001   1000000.0000000000        1747.0889557129149       0.51512417637202113       0.51874424420492293       0.52012831584480845       0.51527216967165446       0.49721899808794262       0.47551581943696725       0.50398052455521958       0.49233306143092820       0.47417694048134901       0.48642104598419450        1.7900855325944754E-002
       10001   1000000.0000000000        1900.0864095146821       0.51512418178404307       0.51874424408823239       0.52012826627335573       0.51527200417722652       0.49721884641838804       0.47551588505934467       0.50397998649464670       0.49233230724975779       0.47417600730075771       0.48641859191331038        1.7900987851405117E-002
       10001   1000000.0000000000        2066.4822771712666       0.51512419453312108       0.51874424975659317       0.52012821241329055       0.51527180720819432       0.49721863515700165       0.47551588986537685       0.50397937917776259       0.49233146061410610       0.47417498871567676       0.48641597860612706        1.7901102997973012E-002
       10001   1000000.0000000000        2247.4498951622236       0.51512421401630115       0.51874426070839297       0.52012815434262105       0.51527158051194411       0.49721836856602392       0.47551583950210152       0.50397870543833212       0.49233052509110770       0.47417388664704846       0.48641320542808492        1.7901203043632664E-002
       10001   1000000.0000000000        2444.2653523159543       0.51512423994420464       0.51874427669988987       0.52012809206854727       0.51527132483552651       0.49721804862202973       0.47551573674989317       0.50397796632968539       0.49232950195818759       0.47417270147322227       0.48641027059981490        1.7901289171876347E-002
       10001   1000000.0000000000        2658.3164881195166       0.51512427225015500       0.51874429767053620       0.52012802554871562       0.51527104021791670       0.49721767568016140       0.47551558235135671       0.50397716164930451       0.49232839087853808       0.47417143249279747       0.48640717157006080        1.7901361786212058E-002
       10001   1000000.0000000000        2891.1126790356084       0.51512431102706213       0.51874432369110679       0.52012795470593742       0.51527072619287950       0.49721724893538083       0.47551537558711332       0.50397629030283375       0.49232719036973660       0.47417007824554147       0.48640390527310129        1.7901420728714593E-002
       10001   1000000.0000000000        3144.2954818345379       0.51512435648248078       0.51874435492675708       0.52012787943860550       0.51527038193324881       0.49721676675078286       0.47551511468591445       0.50397535056273801       0.49232589813668315       0.47416863674004500       0.48640046830965311        1.7901465435796869E-002
       10001   1000000.0000000000        3419.6502089925411       0.51512440890581079       0.51874439161004782       0.52012779962820643       0.51527000635595699       0.49721622689700679       0.47551479712416123       0.50397434025621646       0.49232451131330895       0.47416710561834718       0.48639685707469971        1.7901495052163829E-002
       10001   1000000.0000000000        3719.1185177799598       0.51512446864394879       0.51874443402092485       0.52012771514491951       0.51526959820008433       0.49721562673003378       0.47551441984818021       0.50397325690503281       0.49232302664248251       0.47416548227881938       0.48639306785411840        1.7901508515303428E-002
       10001   1000000.0000000000        4044.8121018110778       0.51512453608296582       0.51874448247165406       0.52012762585188521       0.51526915608576374       0.49721496332509924       0.47551397944132656       0.50397209783136587       0.49232144061225669       0.47416376396982274       0.48638909690052406        1.7901504618870242E-002
       10001   1000000.0000000000        4399.0275816010808       0.51512461163391432       0.51874453729512193       0.52012753160819047       0.51526867855884895       0.49721423357972361       0.47551347225420587       0.50397086023656046       0.49231974955679864       0.47416194785645799       0.48638494047633696        1.7901482062777110E-002
       10001   1000000.0000000000        4784.2626991306734       0.51512469572191322       0.51874459883581558       0.52012743227094971       0.51526816412460352       0.49721343429242854       0.47551289450528833       0.50396954125946669       0.49231794973088311       0.47416003106802063       0.48638059487647128        1.7901439492364408E-002
       10001   1000000.0000000000        5203.2339306138792       0.51512478877813395       0.51874466744319991       0.52012732769685599       0.51526761127252430       0.49721256222060994       0.47551224235472195       0.50396813801961815       0.49231603736505186       0.47415801073350089       0.48637605644664850        1.7901375527055587E-002
       10001   1000000.0000000000        5658.8956416651308       0.51512489123421223       0.51874474346709665       0.52012721774322701       0.51526701849355194       0.49721161412082765       0.47551151195587743       0.50396664764707677       0.49231400870365671       0.47415588400589659       0.48637132159488489        1.7901288780436779E-002
       10001   1000000.0000000000        6154.4609199376109       0.51512500351880830       0.51874482725482685       0.52012710226856851       0.51526638429043914       0.49721058677343766       0.47551069948723640       0.50396506730008084       0.49231186002725563       0.47415364807600846       0.48636638679528837        1.7901177872819803E-002
       10001   1000000.0000000000        6693.4242321340962       0.51512512605621463       0.51874491915004339       0.52012698113272249       0.51526570718172848       0.49720947699240758       0.47550980116545111       0.50396339417158020       0.49230958766075589       0.47415130017704599       0.48636124858674629        1.7901041436510622E-002
       10001   1000000.0000000000        7279.5860651551784       0.51512525926697428       0.51874501949322716       0.52012685419665416       0.51526498569959989       0.49720828162069519       0.47550881323980471       0.50396162548532331       0.49230718796824335       0.47414883758109289       0.48635590356896319        1.7900878113771366E-002
       10001   1000000.0000000000        7917.0797251417562       0.51512540357051695       0.51874512862385136       0.52012672132193105       0.51526421838174541       0.49720699751127440       0.47550773196786966       0.50395975848208041       0.49230465733531631       0.47414625758851470       0.48635034839877950        1.7900686547267536E-002
       10001   1000000.0000000000        8610.4004833844119       0.51512555938984450       0.51874524688425538       0.52012658236996334       0.51526340375740454       0.49720562149376757       0.47550655357191196       0.50395779039665922       0.49230199213984482       0.47414355751161230       0.48634457979057355        1.7900465362644898E-002
       10001   1000000.0000000000        9364.4372746213958       0.51512572715829741       0.51874537462525716       0.52012643720110119       0.51526254032775598       0.49720415032664744       0.47550527417544930       0.50395571842652254       0.49229918871237943       0.47414073465427808       0.48633859452577038        1.7900213142794809E-002
       10001   1000000.0000000000        10184.507171244810       0.51512590732841934       0.51874551221353826       0.52012628567377417       0.51526162654123764       0.49720258063541312       0.47550388971943425       0.50395353969410839       0.49229624328906035       0.47413778629130487       0.48633238948134327        1.7899928393167622E-002
       10001   1000000.0000000000        11076.392876509570       0.51512610038298967       0.51874566004085754       0.52012612764365906       0.51526066076353516       0.49720090883615653       0.47550239585734860       0.50395125120230710       0.49229315195641704       0.47413470964695797       0.48632596167696740        1.7899609497859632E-002
       10001   1000000.0000000000        12046.383501126886       0.51512630678735127       0.51874581850094525       0.52012596314386705       0.51525964194837848       0.49719913187596543       0.47550078798979856       0.50394885187429428       0.49228991349375401       0.47413150528765874       0.48631931693880692        1.7899254359450445E-002
       10001   1000000.0000000000        13101.318910778036       0.51512652728353758       0.51874598815602702       0.52012579152665350       0.51525856627559219       0.49719724325362197       0.47549906045020207       0.50394633262018496       0.49228651557384001       0.47412816092730714       0.48631242917530632        1.7898861831912163E-002
       10001   1000000.0000000000        14248.637957263581       0.51512676338254737       0.51874617001454304       0.52012561002015090       0.51525742150629239       0.49719522634648422       0.47549720515306731       0.50394365966805854       0.49228291159916493       0.47412462425555674       0.48630517199734846        1.7898434128203172E-002
       10001   1000000.0000000000        15496.430933388809       0.51512697852789435       0.51874633378614632       0.52012542430934949       0.51525631627135038       0.49719334147420957       0.47549556243673630       0.50394101295684057       0.49227932975742933       0.47412102537587669       0.48629754608075576        1.7898107079140916E-002
       10001   1000000.0000000000        16853.496621469865       0.51512719695810860       0.51874649912427484       0.52012522611774514       0.51525516476170552       0.49719140559254055       0.47549391727365786       0.50393822631223983       0.49227555262739631       0.47411719443540473       0.48628932596201740        1.7897804538660148E-002
       10001   1000000.0000000000        18329.404337736843       0.51512692225886958       0.51874625842524491       0.52012513105252944       0.51525555916934085       0.49719304206126869       0.47549680085341856       0.50393813994938219       0.49227523929390721       0.47411560440057060       0.48628242506727043        1.7899253266622447E-002
       10001   1000000.0000000000        19934.561410138173       0.51512380947477099       0.51874368608141486       0.52012569024115796       0.51526503952579605       0.49721538138070015       0.47552559780309722       0.50395425238240332       0.49229578365223237       0.47412810686568563       0.48628632371017949        1.7910589725830563E-002
       10001   1000000.0000000000        21680.286565364473       0.51511629502591727       0.51873749101703670       0.52012724816086098       0.51528859074584599       0.49726981817942439       0.47559456595684457       0.50399555482970593       0.49234871949554343       0.47416276013916542       0.48630761569354614        1.7937265604449346E-002
       10001   1000000.0000000000        23578.889742579249       0.51510455763435437       0.51872780211741176       0.52012970435161610       0.51532552932048958       0.49735497684930319       0.47570207634447453       0.50406098937241617       0.49243255236512262       0.47421904151043487       0.48634621911688791        1.7978726368568249E-002
       10001   1000000.0000000000        25643.758896660285       0.51508851714550075       0.51871452531986051       0.52013298605157265       0.51537594414009635       0.49747133457888043       0.47584885890666312       0.50415098750760279       0.49254763428330844       0.47429799599354827       0.48640355583836814        1.8035348667976195E-002
       10001   1000000.0000000000        27889.454403043019       0.51506812485893150       0.51869758185174086       0.52013697915425328       0.51543976085686438       0.49761909708118002       0.47603535373134626       0.50426579880715239       0.49269401426669340       0.47440078367092092       0.48648141116450255        1.8107435400398150E-002
       10001   1000000.0000000000        30331.811729859663       0.51504325539216156       0.51867681820796718       0.52014154942324131       0.51551708125316265       0.49779898057259397       0.47626269536798954       0.50440611430282134       0.49287224208278030       0.47452926967560005       0.48658246469081795        1.8195596986210722E-002
       10001   1000000.0000000000        32988.053101364101       0.51501380978641798       0.51865209090463438       0.52014651801323497       0.51560785004747356       0.49801145370819949       0.47653177078319275       0.50457247277197848       0.49308261867442166       0.47468551028665024       0.48670991577157435        1.8300396731643576E-002
       10001   1000000.0000000000        35876.908940033594       0.51497985290459314       0.51862338330644264       0.52015164129413893       0.51571143350038440       0.49825574240405762       0.47684196517790556       0.50476446919608053       0.49332422446429752       0.47487095819546055       0.48686679994930149        1.8421865563554074E-002
       10001   1000000.0000000000        39018.749943694966       0.51494159559418928       0.51859079587055201       0.52015663007028534       0.51582670254792196       0.49852997265475446       0.47719132379718626       0.50498085685766936       0.49359510617833269       0.47508641115749617       0.48705588214421519        1.8559552324268692E-002
       10001   1000000.0000000000        42435.730729013565       0.51489929982882876       0.51855447098103269       0.52016118004135170       0.51595235127880568       0.49883186910080801       0.47757741629451450       0.50522009216116359       0.49389301506881089       0.47533237995495625       0.48727993391946250        1.8712847864154319E-002
       10001   1000000.0000000000        46151.946054241162       0.51485320071029250       0.51851452917319540       0.52016499038914077       0.51608714672268541       0.49915932167655452       0.47799804734422424       0.50548078188527545       0.49421599526347215       0.47560941002001900       0.48754203076987124        1.8881258700480678E-002
       10001   1000000.0000000000        50193.600722828931       0.51480346690595691       0.51847103538071282       0.52016776826527100       0.51623004545266993       0.49951066517321718       0.47845161652757878       0.50576190952149513       0.49456266749941774       0.47591822706607234       0.48784574931497543        1.9064553166637244E-002
       10001   1000000.0000000000        54589.194365971067       0.51475018868292433       0.51842398716872606       0.52016922445024905       0.51638021654347999       0.49988475337620847       0.47893722612576578       0.50606290385112829       0.49493229334521388       0.47625973935788268       0.48819527413777380        1.9262815546668463E-002
       10001   1000000.0000000000        59369.722407071960       0.51469337613317678       0.51837331087611660       0.52016906494785753       0.51653702781489530       0.50028095508050285       0.47945469523817141       0.50638365025678089       0.49532474896977141       0.47663497592665455       0.48859547575854750        1.9476468587361254E-002
       10001   1000000.0000000000        64568.894625233588       0.51463295606461523       0.51831885592762705       0.52016698030557218       0.51670003038846102       0.50069915420414324       0.48000458480739661       0.50672451065840574       0.49574049113290947       0.47704502012069405       0.48905201829589562        1.9706306248849191E-002
       10001   1000000.0000000000        70223.372858955801       0.51456876169395760       0.51826038193543955       0.52016263213743885       0.51686895638462693       0.50113979312130075       0.48058828617217508       0.50708638424620489       0.49618055555023516       0.47749097263112994       0.48957154590509938        1.9953560431441843E-002
       10001   1000000.0000000000        76373.029526213533       0.51450050360490640       0.51819752744363379       0.52015563393644060       0.51704375552982018       0.50160403370141782       0.48120827643232217       0.50747087271580393       0.49664666707102068       0.47797402577535042       0.49016207863008293        2.0220050100762027E-002
       10001   1000000.0000000000        83061.228783857878       0.51442772345373988       0.51812976029143387       0.52014552139365999       0.51722465603344547       0.50209401516554375       0.48186852452521817       0.50788053665368549       0.49714144821331269       0.47849563571939124       0.49083367167511577        2.0508416477927477E-002
       10001   1000000.0000000000        90335.132308930857       0.51434977687179051       0.51805635206499046       0.52013171515477008       0.51741212438681905       0.50261288492836431       0.48257462484048169       0.50831896342986838       0.49766839383157152       0.47905741253186868       0.49159888078750030        2.0822272481900720E-002
       10001   1000000.0000000000        98246.031858102593       0.51426583424673966       0.51797636769064226       0.52011347978400391       0.51760676104309955       0.50316468428113981       0.48333375977532933       0.50879069343140593       0.49823168896692915       0.47966076538440316       0.49247297509014559        2.1166309712929900E-002
       10001   1000000.0000000000        106849.71095026600       0.51417500938130833       0.51788877819627843       0.52008991252702907       0.51780889239815964       0.50375337754512994       0.48415350008103469       0.50930033186724721       0.49883511345877241       0.48030548758773156       0.49347231477925985        2.1545913805650789E-002
       10001   1000000.0000000000        116206.83822268601       0.51407661362389334       0.51779270547527612       0.52006000121991280       0.51801795108233684       0.50438112235314236       0.48503947811488984       0.50985083493213879       0.49948013982355410       0.48098753853244119       0.49461011632558005        2.1966239512813970E-002
       10001   1000000.0000000000        126383.39523444363       0.51397042605446464       0.51768770310733381       0.52002275994496039       0.51823198185722397       0.50504658514495393       0.48599293567306440       0.51044167191166701       0.50016416596743862       0.48169743225341316       0.49589038365557708        2.2431123470264151E-002
       10001   1000000.0000000000        137451.14173382093       0.51385664485102678       0.51757373925339023       0.51997732211632197       0.51844797187288416       0.50574543419037743       0.48701114911290638       0.51106905188184937       0.50088132004226471       0.48242224170962367       0.49730497367388121        2.2943240715447417E-002
       10001   1000000.0000000000        149488.12167044831       0.51373546354578992       0.51745079459716570       0.51992285969790086       0.51866287907752806       0.50647312483916351       0.48809117973822941       0.51172878342918882       0.50162603082983293       0.48315127052172613       0.49883652256077504        2.3505934205682023E-002
       10001   1000000.0000000000        162579.21352035040       0.51360646597918858       0.51731823805291366       0.51985828642118215       0.51887468997867625       0.50722846285933654       0.48923513212459985       0.51242048003292118       0.50239759667942907       0.48388294077553068       0.50046553122668525        2.4126152168380762E-002
       10001   1000000.0000000000        176816.72880448613       0.51346685336792530       0.51717292304891715       0.51978111333952781       0.51908480937327761       0.50802336736164388       0.49046547391515649       0.51315829405871627       0.50321192676677351       0.48463897946979478       0.50219530370191923        2.4823478625754552E-002
       10001   1000000.0000000000        192301.06302123182       0.51331128178291585       0.51700884186635798       0.51968670396072014       0.51929665104511602       0.50888175065328090       0.49182551600491292       0.51397103289191903       0.50410218515202032       0.48546924248224183       0.50404788431329228        2.5633231264748015E-002
       10001   1000000.0000000000        209141.40358283502       0.51313666972948169       0.51682211922822419       0.51957074821978222       0.51950749327194934       0.50981054818256477       0.49333620020137892       0.51487087572587409       0.50508658998306810       0.48642517464276591       0.50597629858208537        2.6585511861343482E-002
       10001   1000000.0000000000        227456.49974784054       0.51294349218002389       0.51661259338783905       0.51943083563661152       0.51970842221950597       0.51079405540623657       0.49498473882005584       0.51584302780084945       0.50615739449768749       0.48754285728581792       0.50783699109046831        2.7698082486971878E-002
       10001   1000000.0000000000        247375.49997864486       0.51271802222913376       0.51636428474235352       0.51925323627426967       0.51990313235544316       0.51188505308373766       0.49687454827663308       0.51695573711939558       0.50739466064603167       0.48895713165553478       0.50960695309460691        2.9074076432432483E-002
       10001   1000000.0000000000        269038.86262878962       0.51245041281742121       0.51606460372113472       0.51902383811748498       0.52008114338556444       0.51309948374057313       0.49906267327185361       0.47787783382484839       0.50884669329379606       0.49072015015261472       0.51108767271785771        3.0820885906010575E-002
       10001   1000000.0000000000        292599.34638167988       0.51213941218083536       0.51571006880110049       0.51873370646706318       0.52021797116633683       0.51439626069229716       0.50151811998901952       0.48124683517440497       0.51051600029922695       0.49269131612038936       0.51195843606616764        3.3025694339510060E-002
       10001   1000000.0000000000        318223.08742478525       0.51177963536842086       0.51529217323954979       0.51836915728674438       0.52028771826176479       0.51573919188639239       0.50422346762237191       0.48511664837370944       0.51245325440221756       0.49479589837025112       0.51218597695938328        3.5840082338605313E-002
       10001   1000000.0000000000        346090.77095499361       0.51136848364798348       0.51480529200824876       0.51791819539754136       0.52025891902881960       0.51706531334298200       0.50711409961776588       0.48947460924746639       0.51464903462470279       0.49727224299070716       0.51242349096420048        3.9458856136217080E-002
       10001   1000000.0000000000        376398.90527594875       0.51091052590166774       0.51425244956980209       0.51737733632264638       0.52010052180496025       0.51827974691110845       0.51005296339892148       0.49420328761793214       0.51707289625222108       0.50017942411228067       0.51404271485054542        4.4101144199447398E-002
       10001   1000000.0000000000        409361.20747165574       0.51041269238224130       0.51364024895974292       0.51674863237956092       0.51979155593831095       0.51928663048335066       0.51287787834221188       0.49912032593381567       0.47838947947120480       0.50312449249141067       0.51754123742586289        5.0058971577679315E-002
       10001   1000000.0000000000        445210.11042738560       0.50988938636479297       0.51298573087158528       0.51604768862959827       0.51933002404588413       0.52000019035387779       0.51539022751519059       0.50393302732467027       0.48518163363183975       0.50623975056416270       0.52071655275890727        5.7647500070758806E-002
       10001   1000000.0000000000        484198.40182460181       0.50935425361847753       0.51230649287506413       0.51529389651189650       0.51873137852366702       0.52038362320927756       0.51744205931769072       0.50835991074176690       0.49196347093278769       0.50923914161566841       0.52187839933175317        6.7274133018997498E-002
       10001   1000000.0000000000        526601.00666724879       0.50881983136376652       0.51161992298608916       0.51450875359993875       0.51802297673006370       0.52044340178611959       0.51895850501273200       0.51217872186704450       0.49839606477085635       0.51213875036555068       0.52362148092216454        7.9440786355734636E-002
       10001   1000000.0000000000        572716.92590884247       0.50829585123477528       0.51094050292973137       0.51371204114664049       0.51723594801142103       0.52022032973710364       0.51993635519772274       0.51525912740818580       0.50418135521609353       0.51484775176755404       0.52601061504710733        9.4767492262122693E-002
       10001   1000000.0000000000        622871.34485053364       0.50778951152658192       0.51027958041835852       0.51292084000165994       0.51640011792635621       0.51977084582481237       0.52042819414155261       0.51756329232163445       0.50910336561342817       0.51735921856632705       0.52713178855855658       0.11399282229799251     
       10001   1000000.0000000000        677417.92617748480       0.50730840458280768       0.50964880023051129       0.51215317319808995       0.51554625547222988       0.51915713082327242       0.52051700821303637       0.51913112033889175       0.51304244739105609       0.48487392551885322       0.52894118734505335       0.13783609640072989     
       10001   1000000.0000000000        736741.30380282935       0.50685712037668607       0.50905538431417718       0.51142173246058287       0.51469883903811253       0.51843572410284366       0.52029924025355567       0.52006929835308713       0.51601420933403586       0.49275660176650143       0.53034020171968677       0.16706211421344000     
       10001   1000000.0000000000        801259.79510451166       0.50645041860864304       0.50851952270016121       0.51075504337695665       0.51390118828308673       0.51767708369943388       0.51987860371291150       0.52049940900941294       0.51806699329132033       0.49940350757910668       0.53221132302504937       0.20128389033383920     
       10001   1000000.0000000000        871428.35068025719       0.50609658220594800       0.50805232695652591       0.51016961066716437       0.51318258793386029       0.51693847799009196       0.51935461453627441       0.52057985464349565       0.51938184030624024       0.50466626692245231       0.53432794326485433       0.23952110184225200     
       10001   1000000.0000000000        947741.76242084394       0.50582127602039639       0.50768754238336655       0.50970944372952232       0.51260569669681022       0.51631092407292922       0.51884716326588964       0.52046736578284136       0.52012523826933754       0.50833889257274845       0.53736684625532383       0.27733566465264647     
       10001   1000000.0000000000        1030738.1525232699       0.50566471476242603       0.50747771389922713       0.50944120174180896       0.51226055393233894       0.51591730600270658       0.51850543460412868       0.52034118967499643       0.52048337876300488       0.51019148876627718       0.54195059385712385       0.30691050775478712     
       10001   1000000.0000000000        1121002.7680465493       0.50595149018401597       0.50785130536559475       0.50990442484261389       0.51282914479190289       0.51653761739601189       0.51905199805161517       0.52062560983717499       0.52007633106138429       0.50614149779424400       0.54702801212404817       0.27538240591479446     
       10001   1000000.0000000000        1219172.1077673580       0.50720228743795936       0.50948529558219968       0.51191762333864155       0.51521145762623799       0.51888370119838012       0.52064802438506363       0.51998463245664317       0.51423822934932639       0.48227021297716632       0.56402965754760137       0.15842188847370514     
       10001   1000000.0000000000        1325938.4104359150       0.50801372604333417       0.51051876028626764       0.51312616625549345       0.51646949491958249       0.51980673814949407       0.52052525998989974       0.51652676664370611       0.50335008622143107       0.58936836150323768       0.66860979658133401       0.16325239295447008     
       10001   1000000.0000000000        1442054.5360809742       0.50985499250838684       0.51283275199185663       0.51571063228822178       0.51888562363376489       0.51956606326371368       0.51105044262568944       0.48615089477797324       0.44452391391283264       0.82646715391604664       0.92181772371178672       0.21004172258385517     
       10001   1000000.0000000000        1568339.2747843021       0.51095042607186048       0.51415218694321929       0.51707265689957027       0.51971320653461517       0.51397926413110062       0.48805151394445240       0.43558279633092123       0.91203829437148043       0.94999999999999996       0.94999999999999996       0.31091675648408512     
       10001   1000000.0000000000        1705683.1203593500       0.51061202712623066       0.51375054631340411       0.51666777247544171       0.51950979538114972       0.51563204821659891       0.49325295481633469       0.44397841622281342       0.91681356899606326       0.94999999999999996       0.94999999999999996       0.36464996029102514     
       10001   1000000.0000000000        1855054.5496470677       0.50950854759212005       0.51240246981361748       0.51524322162981673       0.51846436613511038       0.51911475598650880       0.50840712244537323       0.47486636353288841       0.41942804572193887       0.94999999999999996       0.94999999999999996       0.52170875603430211     
       10001   1000000.0000000000        2017506.8517071931       0.50846236496647268       0.51108046242961469       0.51375821102643859       0.51706696159780363       0.51974520957700576       0.51659098169949491       0.49841377527182329       0.45713870149508051       0.94999999999999996       0.94999999999999996       0.67666509140362086     
       10001   1000000.0000000000        2194185.5550608300       0.50793711062287705       0.51040538404221203       0.51297042033170048       0.51625364259243611       0.51942434802246862       0.51869963853931789       0.50738777333752128       0.47568486346220035       0.94999999999999996       0.94999999999999996       0.73644500026113424     
       10001   1000000.0000000000        2386336.5053574229       0.50787662541306533       0.51032736662763878       0.51287830233824838       0.51615600985811849       0.51938244873518991       0.51905504736019792       0.50934062267209423       0.48091669611547883       0.93458421520478241       0.94999999999999996       0.70437363362387395     
       10001   1000000.0000000000        2595314.6504255468       0.50828483146484482       0.51085344612615813       0.51349584890788658       0.51680246742315505       0.51978947605127146       0.51861821019606447       0.50744929216358692       0.47887516803311464       0.87512303171916750       0.94999999999999996       0.50973256654967758     
       10001   1000000.0000000000        2822593.5946550933       0.50906032847295668       0.51185091331303423       0.51464881906831639       0.51797690892204051       0.52044388566692801       0.51807010843768386       0.50651221990251094       0.48233375927880656       0.64000228093531231       0.82780287562957855       0.14034938879735256     
       10001   1000000.0000000000        3069775.9900833662       0.51075284660184639       0.51424684189600778       0.51737284055805655       0.51870749808342664       0.51151016531463867       0.49936972992417172       0.48328936094371627       0.51090034390233541       0.47738785292942010       0.59147772914628072        5.0594396198730018E-002
       10001   1000000.0000000000        3338604.8374575973       0.51784329152883457       0.52049499115413811       0.51333785426614087       0.50654728729201526       0.51265792125149778       0.54226368261656110       0.60582850662612286       0.60703115567139654       0.50525163630897008       0.64945195753796203        3.9665836874188592E-002
       10001   1000000.0000000000        3630975.7769629848       0.68642727466500397       0.78227719760562564       0.84197869660357494       0.87535908434244003       0.90088742661965004       0.91044998938743238       0.90801707448800184       0.92043311748296686       0.89541757457172211       0.76728680624321122        8.9283507623357697E-002
       10001   1000000.0000000000        3948950.4552841196       0.83882605785194564       0.92300314501378167       0.94999999999999996       0.94999999999999996       0.94999999999999996       0.94999999999999996       0.94999999999999996       0.94999999999999996       0.94051725963707311       0.75097590447911522        8.0672326526784105E-002
       10001   1000000.0000000000        4294771.0632572537       0.88656469922307457       0.94999999999999996       0.94999999999999996       0.94999999999999996       0.94999999999999996       0.94999999999999996       0.94999999999999996       0.94999999999999996       0.94999999999999996       0.75466786228909954        3.6754932485022644E-002
       10001   1000000.0000000000        4670876.1466253446       0.93668537603055357       0.94999999999999996       0.94999999999999996       0.94999999999999996       0.94999999999999996       0.94999999999999996       0.94999999999999996       0.94999999999999996       0.94999999999999996       0.40467603830331306        4.3022948002739503E-003
       10001   1000000.0000000000        5079917.8013849705       0.94999999999999996       0.94999999999999996       0.94999999999999996       0.94999999999999996       0.94999999999999996       0.94999999999999996       0.94999999999999996       0.94999999999999996       0.93716236260031549        3.4075650298965768E-002   2.1820274601054308E-004
       10001   1000000.0000000000        5524780.3749778615       0.94999999999999996       0.94999999999999996       0.94999999999999996       0.94999999999999996       0.94999999999999996       0.94999999999999996       0.94999999999999996       0.94726077568567957       0.43883764176774487        1.6608949203787094E-003   1.0249744407520329E-005
       10001   1000000.0000000000        6008600.8051978257       0.94999999999999996       0.94999999999999996       0.94999999999999996       0.94999999999999996       0.94999999999999996       0.90388784477172768       0.73266992847405654       0.45988043281602980        3.4604477994818368E-002   7.5156929022776565E-005   4.6283369140840574E-007
       10001   1000000.0000000000        6534790.7402325803       0.94999999999999996       0.94999999999999996       0.94999999999999996       0.87748515952649808       0.56716915962126446       0.29549898498928062       0.10803302559442662        3.6084789464200018E-002   1.5666590139665180E-003   3.2833670184643479E-006   2.0221813026464311E-008
       10001   1000000.0000000000        7107060.5958192665       0.69762745322629172       0.53039176996493353       0.58135455513215772       0.23523768832500183        5.2935185025821715E-002   1.7538692623034913E-002   5.1225073468240279E-003   1.5878987102752457E-003   6.6620423846000122E-005   1.3941304325153652E-007   8.5843336200991972E-010
       10001   1000000.0000000000        7729445.7191523332        8.8753898894759126E-002   4.5024454876637580E-002   5.4571743350773590E-002   1.2600787391711601E-002   2.3115333699527058E-003   7.3925276638467906E-004   2.1330272520895169E-004   6.5891487967024911E-005   2.7603421597738538E-006   5.7759326000741244E-009   3.5564238519404577E-011
       10001   1000000.0000000000        8406334.8440376241        7.1593672643107042E-003   3.4740685455719061E-003   4.2477076610273386E-003   9.4206127474576727E-004   1.7115915360240634E-004   5.4656085962523815E-005   1.5762297441725332E-005   4.8684098595772065E-006   2.0393448249911465E-007   4.2672496702817732E-010   2.6274722071818591E-012
       10001   1000000.0000000000        9142501.0379438680        7.1592851745355054E-003   3.4739830688588188E-003   4.2472111181707864E-003   9.4196024099891444E-004   1.7114322398717750E-004   5.4651137913610351E-005   1.5761109069895280E-005   4.8680791441964267E-006   2.0392941439200557E-007   4.2672492320981574E-010   2.6274711417247532E-012
       10001   1000000.0000000000        9943135.3591737300        7.1570532267348566E-003   3.4716671135888578E-003   4.2338039143039723E-003   9.3923447674411093E-004   1.7071387718550215E-004   5.4517841046190415E-005   1.5729091819953440E-005   4.8591684398341567E-006   2.0379267607270298E-007   4.2672370679631076E-010   2.6274416328467259E-012
       10001   1000000.0000000000        10813883.461487234        7.0710067157029339E-003   3.3834150654887744E-003   3.7680433249461785E-003   8.4358285488053773E-004   1.5542323220282334E-004   4.9757120707338518E-005   1.4568085233661541E-005   4.5336414579815723E-006   1.9857955439856340E-007   4.2669756042427787E-010   2.6264281932206162E-012
       10001   1000000.0000000000        11760885.404294103        5.0406568825970971E-003   1.8278220102590399E-003   8.0485488625032750E-004   1.9144656138352499E-004   3.8911423032220643E-005   1.2699053743835962E-005   4.2034742389775383E-006   1.4005737700896480E-006   1.0718258106410896E-007   4.2613049153242877E-010   2.5949833825519432E-012
       10001   1000000.0000000000        12790818.949135916        1.1287968759291645E-003   2.8483544430444810E-004   7.9139902809028452E-005   1.9315359422269722E-005   4.0797189329483090E-006   1.3470763239554995E-006   4.6660890592806808E-007   1.6009947122324998E-007   1.7507439385314017E-008   4.0858390093395371E-010   2.2267447070799485E-012
       10001   1000000.0000000000        13910946.647761630        2.5893624557335243E-004   6.1910681816233797E-005   1.6594617849032004E-005   4.1189984010212481E-006   8.8255118068168435E-007   2.9466576390154535E-007   1.0374173059745550E-007   3.6159093996905626E-008   4.3180720715336918E-009   3.7053502310176785E-010   1.7031382753614379E-012
       10001   1000000.0000000000        15129167.053837782        6.5035511721883132E-005   1.5977370868228668E-005   4.4659493170029231E-006   1.1632021004225711E-006   2.5922847009506185E-007   8.9714493383828368E-008   3.2977523413243469E-008   1.2067637810152308E-008   1.7181536278419939E-009   3.6545605679820018E-010   1.8024433564938251E-012
       10001   1000000.0000000000        16454070.419410402        3.8152017156247007E-005   9.6550667316297959E-006   2.8021357546320307E-006   7.5591778819409091E-007   1.7362973527814060E-007   6.1784938315975431E-008   2.3462022007345469E-008   8.9165017330508266E-009   1.4371928992236889E-009   3.9668661524697170E-010   2.2048913336822487E-012
       10001   1000000.0000000000        17894999.268861804        3.5680496438228664E-005   9.0720379365667371E-006   2.6481534219500260E-006   7.1812843111663205E-007   1.6570732126427520E-007   5.9213002119174428E-008   2.2594084388001107E-008   8.6348648571508970E-009   1.4164960005958734E-009   4.0221141180490362E-010   2.2741452095298828E-012
       10001   1000000.0000000000        19462114.277498070        3.5463528676451394E-005   9.0208616450409922E-006   2.6346333130150016E-006   7.1480948498235442E-007   1.6501166321638255E-007   5.8987216292157684E-008   2.2517928336385143E-008   8.6101860961990691E-009   1.4147173592680825E-009   4.0270552390503571E-010   2.2804824654351032E-012
       10001   1000000.0000000000        21166465.919307370        3.5292626706570544E-005   8.9804784625602842E-006   2.6239556754844461E-006   7.1218753247886872E-007   1.6446228360183327E-007   5.8809135416712530E-008   2.2458005331529357E-008   8.5908584318040475E-009   1.4133814153022728E-009   4.0315425774214223E-010   2.2859108275458511E-012
       10001   1000000.0000000000        23020072.389113221        3.5056968361993414E-005   8.9248022690431836E-006   2.6092345687577417E-006   7.0857262558380496E-007   1.6370487294743860E-007   5.8563614805632257E-008   2.2375385539458791E-008   8.5642090755637846E-009   1.4115415155793307E-009   4.0377035559241690E-010   2.2934113482059604E-012
       10001   1000000.0000000000        25036004.348587755        3.4862021438641104E-005   8.8786880016610764E-006   2.5970339285067965E-006   7.0557629747885447E-007   1.6307736006138726E-007   5.8360444886612015E-008   2.2307162085961113E-008   8.5422934211809279E-009   1.4100867072905427E-009   4.0434498285442413E-010   2.3000677565874053E-012
       10001   1000000.0000000000        27228477.093709577        3.4623213737943052E-005   8.8220701324012948E-006   2.5820379256280722E-006   7.0189272691945986E-007   1.6230650950752588E-007   5.8111388160664053E-008   2.2223842603015180E-008   8.5157228476540415E-009   1.4084468106613695E-009   4.0518674854339576E-010   2.3091724897600074E-012
       10001   1000000.0000000000        29612950.793583296        3.4423450607590567E-005   8.7745141810290559E-006   2.5694178837813660E-006   6.9879195502196539E-007   1.6165855881761633E-007   5.7902851458981738E-008   2.2154562726732472E-008   8.4939296748490165E-009   1.4072927569142140E-009   4.0610593662997986E-010   2.3182411085477131E-012
       10001   1000000.0000000000        32206239.507452108        3.4265076243132675E-005   8.7365916976237019E-006   2.5593276170466613E-006   6.9631203074412270E-007   1.6114143287713274E-007   5.7737347404795720E-008   2.2100132351354450E-008   8.4771519342774423E-009   1.4066253241761886E-009   4.0708105030841996E-010   2.3270797261299373E-012
       10001   1000000.0000000000        35026629.748634435        3.4094902679036386E-005   8.6957684499959397E-006   2.5484564582151981E-006   6.9364013797237543E-007   1.6058477245340710E-007   5.7559564791920577E-008   2.2041886138279025E-008   8.4593377990271032E-009   1.4060096432620964E-009   4.0822497967540757E-010   2.3372468793509391E-012
       10001   1000000.0000000000        38094009.431434512        3.3838464616435301E-005   8.6344830453086515E-006   2.5321636019856301E-006   6.8963681598350950E-007   1.5974992052036099E-007   5.7292118774990233E-008   2.1953769574701510E-008   8.4320779295754067E-009   1.4048684730475990E-009   4.0971896531286251E-010   2.3511302270314748E-012
       10001   1000000.0000000000        41430008.110294931        3.3633637925433250E-005   8.5853581525096367E-006   2.5190827007519608E-006   6.8642266337055971E-007   1.5908077655686932E-007   5.7078617042499016E-008   2.1883934898726076E-008   8.4107920049171502E-009   1.4041876643103261E-009   4.1113523975899295E-010   2.3637465886778603E-012
       10001   1000000.0000000000        45058149.500081860        3.3402891585369576E-005   8.5301056665050509E-006   2.5043803576209513E-006   6.8281081388306922E-007   1.5832871923345708E-007   5.6838435034648510E-008   2.1805232757951220E-008   8.3867149490136750E-009   1.4033637215494506E-009   4.1266171227383572E-010   2.3775683458039387E-012
       10001   1000000.0000000000        49004017.352997556        3.3160877093990476E-005   8.4722440760831305E-006   2.4889937827499891E-006   6.7903155206302738E-007   1.5754168659304177E-007   5.6586857635256757E-008   2.1722656403288776E-008   8.3613650488891387E-009   1.4024435556915261E-009   4.1419400772504649E-010   2.3916814638719447E-012
       10001   1000000.0000000000        53295435.861797445        3.2945467318807821E-005   8.4207964695645793E-006   2.4753185823877557E-006   6.7567312793542187E-007   1.5684229370224624E-007   5.6363191892308511E-008   2.1649176008081214E-008   8.3387667997491322E-009   1.4016008771178571E-009   4.1552414159733257E-010   2.4040780657979102E-012
       10001   1000000.0000000000        57962665.861418702        3.2733795217503120E-005   8.3704212647937677E-006   2.4619490164622788E-006   6.7239002930700852E-007   1.5615772911232659E-007   5.6143524590299958E-008   2.1576566959647337E-008   8.3161617078007798E-009   1.4005814282269761E-009   4.1662928539695225E-010   2.4149823345313437E-012
       10001   1000000.0000000000        63038618.212534659        3.2672819342720822E-005   8.3558780867316156E-006   2.4580857389525724E-006   6.7144120982366630E-007   1.5596004572831724E-007   5.6080224746778368E-008   2.1555725207321885E-008   8.3097249852331499E-009   1.4003251342830935E-009   4.1698077173913510E-010   2.4183687803440371E-012
       10001   1000000.0000000000        68559085.871700674        3.2653047409888719E-005   8.3512350121381139E-006   2.4568626265432241E-006   6.7113963868767198E-007   1.5589629962596527E-007   5.6059251337690202E-008   2.1548506045003083E-008   8.3073079091034073E-009   1.4001041939430265E-009   4.1693899376207172E-010   2.4185388003140758E-012
       10001   1000000.0000000000        74562996.284531817        3.2629381217416279E-005   8.3456827576462713E-006   2.4554053171934966E-006   6.7077737246925241E-007   1.5581849294582254E-007   5.6033088770253108E-008   2.1539222031172999E-008   8.3040523016013402E-009   1.3997127109900587E-009   4.1671684626428424E-010   2.4178653961461747E-012
       10001   1000000.0000000000        81092685.881652892        3.2562244405515748E-005   8.3295502132694865E-006   2.4511273036555490E-006   6.6971317726211389E-007   1.5559198523806325E-007   5.5958600631013218E-008   2.1513750751806892E-008   8.2956868950023466E-009   1.3990287571606500E-009   4.1649301042890860E-010   2.4187690237285027E-012
       10001   1000000.0000000000        88194198.613027439        3.2334773524629887E-005   8.2743746306569905E-006   2.4364307541592363E-006   6.6606048107560211E-007   1.5481900801220371E-007   5.5707415516298769E-008   2.1429555556650020E-008   8.2690460943902390E-009   1.3974740957355903E-009   4.1652210651236745E-010   2.4268955406490543E-012
       10001   1000000.0000000000        95917610.625768691        3.1171781363473825E-005   7.9917275717853870E-006   2.3610475661257360E-006   6.4733389630185635E-007   1.5086603803404183E-007   5.4428404490700777E-008   2.1003956174216363E-008   8.1363047162898816E-009   1.3910219662851909E-009   4.1794112410070935E-010   2.4778684252379495E-012
