  0.33999998867511749       0.51500000059604645       0.73000001907348633        1.0850000381469727        1.6700000166893005        2.2599999904632568        3.0000000000000000        3.9500000476837158        6.5499999523162842        14.349999904632568        172.33999633789062     
       10001   1000000.0000000000        10.431738337489184        0.0000000000000000        0.0000000000000000        0.0000000000000000        0.0000000000000000        0.0000000000000000        0.0000000000000000        0.0000000000000000        0.0000000000000000        0.0000000000000000        0.0000000000000000        0.0000000000000000     
       10001   1000000.0000000000        11.345274765696345        0.0000000000000000        0.0000000000000000        0.0000000000000000        0.0000000000000000        0.0000000000000000        0.0000000000000000        0.0000000000000000        0.0000000000000000        0.0000000000000000        0.0000000000000000        0.0000000000000000     
       10001   1000000.0000000000        12.338812127464312        0.0000000000000000        0.0000000000000000        0.0000000000000000        0.0000000000000000        0.0000000000000000        0.0000000000000000        0.0000000000000000        0.0000000000000000        0.0000000000000000        0.0000000000000000        0.0000000000000000     
       10001   1000000.0000000000        13.419356327728012        0.0000000000000000        0.0000000000000000        0.0000000000000000        0.0000000000000000        0.0000000000000000        0.0000000000000000        0.0000000000000000        0.0000000000000000        0.0000000000000000        0.0000000000000000        0.0000000000000000     
       10001   1000000.0000000000        14.594526798062295        0.0000000000000000        0.0000000000000000        0.0000000000000000        0.0000000000000000        0.0000000000000000        0.0000000000000000        0.0000000000000000        0.0000000000000000        0.0000000000000000        0.0000000000000000        0.0000000000000000     
       10001   1000000.0000000000        15.872610224921379        0.0000000000000000        0.0000000000000000        0.0000000000000000        0.0000000000000000        0.0000000000000000        0.0000000000000000        0.0000000000000000        0.0000000000000000        0.0000000000000000        0.0000000000000000        0.0000000000000000     
       10001   1000000.0000000000        17.262618983009986        0.0000000000000000        0.0000000000000000        0.0000000000000000        0.0000000000000000        0.0000000000000000        0.0000000000000000        0.0000000000000000        0.0000000000000000        0.0000000000000000        0.0000000000000000        0.0000000000000000     
       10001   1000000.0000000000        18.774354685828140        0.0000000000000000        0.0000000000000000        0.0000000000000000        0.0000000000000000        0.0000000000000000        0.0000000000000000        0.0000000000000000        0.0000000000000000        0.0000000000000000        0.0000000000000000        0.0000000000000000     
       10001   1000000.0000000000        20.418477301514223        0.0000000000000000        0.0000000000000000        0.0000000000000000        0.0000000000000000        0.0000000000000000        0.0000000000000000        0.0000000000000000        0.0000000000000000        0.0000000000000000        0.0000000000000000        0.0000000000000000     
       10001   1000000.0000000000        22.206580321355077        0.0000000000000000        0.0000000000000000        0.0000000000000000        0.0000000000000000        0.0000000000000000        0.0000000000000000        0.0000000000000000        0.0000000000000000        0.0000000000000000        0.0000000000000000        0.0000000000000000     
       10001   1000000.0000000000        24.151272511012497        0.0000000000000000        0.0000000000000000        0.0000000000000000        0.0000000000000000        0.0000000000000000        0.0000000000000000        0.0000000000000000        0.0000000000000000        0.0000000000000000        0.0000000000000000        0.0000000000000000     
       10001   1000000.0000000000        26.266266820932874        0.0000000000000000        0.0000000000000000        0.0000000000000000        0.0000000000000000        0.0000000000000000        0.0000000000000000        0.0000000000000000        0.0000000000000000        0.0000000000000000        0.0000000000000000        0.0000000000000000     
       10001   1000000.0000000000        28.566477082888710        0.0000000000000000        0.0000000000000000        0.0000000000000000        0.0000000000000000        0.0000000000000000        0.0000000000000000        0.0000000000000000        0.0000000000000000        0.0000000000000000        0.0000000000000000        0.0000000000000000     
       10001   1000000.0000000000        31.068123174506820        0.0000000000000000        0.0000000000000000        0.0000000000000000        0.0000000000000000        0.0000000000000000        0.0000000000000000        0.0000000000000000        0.0000000000000000        0.0000000000000000        0.0000000000000000        0.0000000000000000     
       10001   1000000.0000000000        33.788845393347479        0.0000000000000000        0.0000000000000000        0.0000000000000000        0.0000000000000000        0.0000000000000000        0.0000000000000000        0.0000000000000000        0.0000000000000000        0.0000000000000000        0.0000000000000000        0.0000000000000000     
       10001   1000000.0000000000        36.747828847040090        0.0000000000000000        0.0000000000000000        0.0000000000000000        0.0000000000000000        0.0000000000000000        0.0000000000000000        0.0000000000000000        0.0000000000000000        0.0000000000000000        0.0000000000000000        0.0000000000000000     
       10001   1000000.0000000000        39.965938736611179        0.0000000000000000        0.0000000000000000        0.0000000000000000        0.0000000000000000        0.0000000000000000        0.0000000000000000        0.0000000000000000        0.0000000000000000        0.0000000000000000        0.0000000000000000        0.0000000000000000     
       10001   1000000.0000000000        43.465867486949911        0.0000000000000000        0.0000000000000000        0.0000000000000000        0.0000000000000000        0.0000000000000000        0.0000000000000000        0.0000000000000000        0.0000000000000000        0.0000000000000000        0.0000000000000000        0.0000000000000000     
       10001   1000000.0000000000        47.272294761899261        0.0000000000000000        0.0000000000000000        0.0000000000000000        0.0000000000000000        0.0000000000000000        0.0000000000000000        0.0000000000000000        0.0000000000000000        0.0000000000000000        0.0000000000000000        0.0000000000000000     
       10001   1000000.0000000000        51.412061492314940        0.0000000000000000        0.0000000000000000        0.0000000000000000        0.0000000000000000        0.0000000000000000        0.0000000000000000        0.0000000000000000        0.0000000000000000        0.0000000000000000        0.0000000000000000        0.0000000000000000     
       10001   1000000.0000000000        55.914359144247676        0.0000000000000000        0.0000000000000000        0.0000000000000000        0.0000000000000000        0.0000000000000000        0.0000000000000000        0.0000000000000000        0.0000000000000000        0.0000000000000000        0.0000000000000000        0.0000000000000000     
       10001   1000000.0000000000        60.810935561867311        0.0000000000000000        0.0000000000000000        0.0000000000000000        0.0000000000000000        0.0000000000000000        0.0000000000000000        0.0000000000000000        0.0000000000000000        0.0000000000000000        0.0000000000000000        0.0000000000000000     
       10001   1000000.0000000000        66.136318836625861        0.0000000000000000        0.0000000000000000        0.0000000000000000        0.0000000000000000        0.0000000000000000        0.0000000000000000        0.0000000000000000        0.0000000000000000        0.0000000000000000        0.0000000000000000        0.0000000000000000     
       10001   1000000.0000000000        71.928060781269068        0.0000000000000000        0.0000000000000000        0.0000000000000000        0.0000000000000000        0.0000000000000000        0.0000000000000000        0.0000000000000000        0.0000000000000000        0.0000000000000000        0.0000000000000000        0.0000000000000000     
       10001   1000000.0000000000        78.227001725545264        0.0000000000000000        0.0000000000000000        0.0000000000000000        0.0000000000000000        0.0000000000000000        0.0000000000000000        0.0000000000000000        0.0000000000000000        0.0000000000000000        0.0000000000000000        0.0000000000000000     
       10001   1000000.0000000000        85.077558500813126        0.0000000000000000        0.0000000000000000        0.0000000000000000        0.0000000000000000        0.0000000000000000        0.0000000000000000        0.0000000000000000        0.0000000000000000        0.0000000000000000        0.0000000000000000        0.0000000000000000     
       10001   1000000.0000000000        92.528037644265609        0.0000000000000000        0.0000000000000000        0.0000000000000000        0.0000000000000000        0.0000000000000000        0.0000000000000000        0.0000000000000000        0.0000000000000000        0.0000000000000000        0.0000000000000000        0.0000000000000000     
       10001   1000000.0000000000        100.63097603132084        0.0000000000000000        0.0000000000000000        0.0000000000000000        0.0000000000000000        0.0000000000000000        0.0000000000000000        0.0000000000000000        0.0000000000000000        0.0000000000000000        0.0000000000000000        0.0000000000000000     
       10001   1000000.0000000000        109.44351133814270        0.0000000000000000        0.0000000000000000        0.0000000000000000        0.0000000000000000        0.0000000000000000        0.0000000000000000        0.0000000000000000        0.0000000000000000        0.0000000000000000        0.0000000000000000        0.0000000000000000     
       10001   1000000.0000000000        119.02778494659654        0.0000000000000000        0.0000000000000000        0.0000000000000000        0.0000000000000000        0.0000000000000000        0.0000000000000000        0.0000000000000000        0.0000000000000000        0.0000000000000000        0.0000000000000000        0.0000000000000000     
       10001   1000000.0000000000        129.45138013271696        0.0000000000000000        0.0000000000000000        0.0000000000000000        0.0000000000000000        0.0000000000000000        0.0000000000000000        0.0000000000000000        0.0000000000000000        0.0000000000000000        0.0000000000000000        0.0000000000000000     
       10001   1000000.0000000000        140.78779862856183        0.0000000000000000        0.0000000000000000        0.0000000000000000        0.0000000000000000        0.0000000000000000        0.0000000000000000        0.0000000000000000        0.0000000000000000        0.0000000000000000        0.0000000000000000        0.0000000000000000     
       10001   1000000.0000000000        153.11697891791701        0.0000000000000000        0.0000000000000000        0.0000000000000000        0.0000000000000000        0.0000000000000000        0.0000000000000000        0.0000000000000000        0.0000000000000000        0.0000000000000000        0.0000000000000000        0.0000000000000000     
       10001   1000000.0000000000        166.52585992060216        0.0000000000000000        0.0000000000000000        0.0000000000000000        0.0000000000000000        0.0000000000000000        0.0000000000000000        0.0000000000000000        0.0000000000000000        0.0000000000000000        0.0000000000000000        0.0000000000000000     
       10001   1000000.0000000000        181.10899404018389        0.0000000000000000        0.0000000000000000        0.0000000000000000        0.0000000000000000        0.0000000000000000        0.0000000000000000        0.0000000000000000        0.0000000000000000        0.0000000000000000        0.0000000000000000        0.0000000000000000     
       10001   1000000.0000000000        196.96921389798786        0.0000000000000000        0.0000000000000000        0.0000000000000000        0.0000000000000000        0.0000000000000000        0.0000000000000000        0.0000000000000000        0.0000000000000000        0.0000000000000000        0.0000000000000000        0.0000000000000000     
       10001   1000000.0000000000        214.21835745486533        0.0000000000000000        0.0000000000000000        0.0000000000000000        0.0000000000000000        0.0000000000000000        0.0000000000000000        0.0000000000000000        0.0000000000000000        0.0000000000000000        0.0000000000000000        0.0000000000000000     
       10001   1000000.0000000000        232.97805663390125        0.0000000000000000        0.0000000000000000        0.0000000000000000        0.0000000000000000        0.0000000000000000        0.0000000000000000        0.0000000000000000        0.0000000000000000        0.0000000000000000        0.0000000000000000        0.0000000000000000     
       10001   1000000.0000000000        253.38059500500913        1.8347730236387064E-009   1.8517706052014044E-009   1.8763848149254480E-009   1.9355389079513317E-009   2.0523982463144161E-009   2.1668864390021948E-009   2.2434971351790111E-009   2.3154840143701005E-009   2.5010031645379637E-009   2.7388204420185090E-009   2.7031967742772115E-011
       10001   1000000.0000000000        275.56984057935517        4.3575569304683759E-009   4.3954863810670825E-009   4.4463262741866845E-009   4.5683748088584479E-009   4.8212252571605076E-009   5.1170927320367674E-009   5.2932636565474988E-009   5.4653028823384170E-009   5.8766768440662040E-009   6.4561419560692382E-009   7.2795833579813545E-011
       10001   1000000.0000000000        299.70226029120391        1.0191723672294260E-008   1.0276849365840875E-008   1.0383597258701565E-008   1.0636308727972242E-008   1.1179164545865778E-008   1.1915696387494981E-008   1.2311158924027394E-008   1.2720497012023583E-008   1.3631750880057242E-008   1.5081228837759324E-008   1.8967983899721664E-010
       10001   1000000.0000000000        325.94802332075642        2.3402480218785951E-008   2.3593564948990607E-008   2.3823082053348796E-008   2.4357421250564670E-008   2.5532134421435528E-008   2.7284165306624763E-008   2.8165525787172043E-008   2.9107150877643638E-008   3.1166165277792812E-008   3.4693398559798681E-008   4.6839481307412782E-010
       10001   1000000.0000000000        354.49220103805158        5.2375688103405092E-008   5.2799552754273720E-008   5.3299445995024028E-008   5.4452637353854067E-008   5.7012831589370407E-008   6.0988963289770741E-008   6.2936332772171370E-008   6.5042707637203475E-008   6.9634214513225358E-008   7.7749711356088577E-008   1.0824177943434459E-009
       10001   1000000.0000000000        385.53607202931107        1.1224300197923298E-007   1.1314673690870397E-007   1.1420111535496365E-007   1.1661875073941761E-007   1.2201718195208488E-007   1.3060641915335646E-007   1.3474822525137212E-007   1.3926057099832547E-007   1.4908271878742771E-007   1.6677634125138633E-007   2.3650984079577698E-009
       10001   1000000.0000000000        419.29854140806611        2.2972387882031457E-007   2.3156854102754800E-007   2.3370822984993674E-007   2.3859747158998234E-007   2.4954857133789601E-007   2.6720194957972416E-007   2.7564458965106364E-007   2.8487792490952035E-007   3.0496152999265177E-007   3.4152022043938220E-007   4.8920630914794238E-009
       10001   1000000.0000000000        456.01768441933399        4.4871585906604922E-007   4.5231393288430020E-007   4.5647471831013187E-007   4.6596430553440841E-007   4.8725386534924674E-007   5.2181161630640816E-007   5.3826745891702413E-007   5.5630076526197130E-007   5.9550972903245638E-007   6.6728295951028575E-007   9.6095074198303663E-009
       10001   1000000.0000000000        495.95242522150778        8.3723886660248793E-007   8.4394731727532816E-007   8.5169224642585923E-007   8.6933814009972410E-007   9.0896025372610864E-007   9.5571060956984995E-007   1.0041845874834258E-006   1.0378300794051486E-006   1.1109679603487839E-006   1.2452535941635502E-006   1.7984268622210773E-008
       10001   1000000.0000000000        539.38436268386613        1.4949966002296256E-006   1.5069704995827205E-006   1.5207820770748815E-006   1.5522322739009587E-006   1.6228837213550941E-006   1.7062935340634251E-006   1.7929580182098526E-006   1.8530342746863551E-006   1.9836110747917252E-006   2.2237557513594574E-006   3.2166506536755495E-008
       10001   1000000.0000000000        586.61975607426393        2.5605655618757139E-006   2.5810692591357740E-006   2.6047079359790179E-006   2.6585181038860377E-006   2.7794317482288098E-006   2.9222259203955006E-006   3.0707648543350766E-006   3.1736588121060573E-006   3.3972854292671178E-006   3.8089423224287309E-006   5.5144778738728916E-008
       10001   1000000.0000000000        637.99168463903061        4.2169741262997488E-006   4.2507370709102714E-006   4.2896511569269751E-006   4.3782172348714939E-006   4.5772583560392485E-006   4.8123611505560430E-006   5.0570871971863314E-006   5.2265403036270221E-006   5.5948100766422381E-006   6.2730953713893687E-006   9.0866468838929666E-008
       10001   1000000.0000000000        693.86239630330283        6.6943802154889063E-006   6.7479742261264975E-006   6.8097345400828311E-006   6.9502816483824706E-006   7.2661707271543830E-006   7.6393319317612935E-006   8.0279233102335769E-006   8.2969252511680254E-006   8.8815293156410279E-006   9.9586090455731977E-006   1.4429544962935651E-007
       10001   1000000.0000000000        754.62586205360674        1.0268757000444189E-005   1.0350963024491536E-005   1.0445685465208538E-005   1.0661229349562554E-005   1.1145702974251425E-005   1.1718050834373276E-005   1.2314211646009101E-005   1.2726841233806991E-005   1.3623569082799002E-005   1.5276033888260986E-005   2.2138367889173097E-007
       10001   1000000.0000000000        820.71055401484307        1.5255957029448684E-005   1.5378084398636836E-005   1.5518797818968055E-005   1.5838981857879445E-005   1.6558673763378192E-005   1.7408937117839332E-005   1.8294712786165870E-005   1.8907740296574910E-005   2.0239961967426415E-005   2.2695245870348382E-005   3.2894313198316497E-007
       10001   1000000.0000000000        892.58246681121705        2.2001147625425452E-005   2.2177268756747896E-005   2.2380185458811048E-005   2.2841896124858726E-005   2.3879720061673254E-005   2.5105861741672358E-005   2.6383340753828828E-005   2.7267405715565343E-005   2.9188631408743113E-005   3.2729729457136464E-005   4.7441790226623415E-007
       10001   1000000.0000000000        970.74840351619173        3.0864272863405239E-005   3.1111341599109419E-005   3.1395993808955851E-005   3.2043671216314014E-005   3.3499518251017844E-005   3.5219558326651157E-005   3.7011729529886264E-005   3.8251934306475411E-005   4.0947104471036896E-005   4.5914949614714623E-005   6.6557060370443909E-007
       10001   1000000.0000000000        1055.7595493622257        4.2202766807879319E-005   4.2540598390623100E-005   4.2929815360620853E-005   4.3815401218692025E-005   4.5806021824289515E-005   4.8157897535476713E-005   5.0608503374595561E-005   5.2304312092372432E-005   5.5989577960423825E-005   6.2782634687439577E-005   9.1010949003330374E-007
       10001   1000000.0000000000        1148.2153584102582        5.6353113826499876E-005   5.6804217279009814E-005   5.7323932379251978E-005   5.8506431147853190E-005   6.1164447704998047E-005   6.4304845848095680E-005   6.7577164612767082E-005   6.9841561116319110E-005   7.4762455024853720E-005   8.3833344196658312E-005   1.2152907088454901E-006
       10001   1000000.0000000000        1248.7677805856742        7.3612970862309057E-005   7.4202238267376903E-005   7.4881131239047912E-005   7.6425796255549900E-005   7.9897872463633427E-005   8.4000065572533659E-005   8.8274655319127388E-005   9.1232582746384740E-005   9.7660627336586646E-005   1.0950987273368000E-004   1.5875326770046435E-006
       10001   1000000.0000000000        1358.1258588876030        9.4225436471881492E-005   9.4979706334088549E-005   9.5848700490829900E-005   9.7825890087675812E-005   1.0227015852877990E-004   1.0752096450606543E-004   1.1299249335736655E-004   1.1677866160959790E-004   1.2500660538508648E-004   1.4017384760402064E-004   2.0320767582034846E-006
       10001   1000000.0000000000        1477.0607291886670        1.1836672209438056E-004   1.1931424401449992E-004   1.2040588975495924E-004   1.2288966472645747E-004   1.2847257303691826E-004   1.3506862785210225E-004   1.4194198828748649E-004   1.4669818611740608E-004   1.5703416247325039E-004   1.7608738792169234E-004   2.5527213201599228E-006
       10001   1000000.0000000000        1606.4110578811351        1.4613803007707977E-004   1.4730786441028766E-004   1.4865564782476305E-004   1.5172219848333954E-004   1.5861497253174452E-004   1.6675855043349688E-004   1.7524450190111867E-004   1.8111658266912103E-004   1.9387755975461892E-004   2.1740102200111386E-004   3.1516465233362699E-006
       10001   1000000.0000000000        1747.0889557129149        1.7756195471943260E-004   1.7898334342043040E-004   1.8062096169239669E-004   1.8434695939285964E-004   1.9272189677875515E-004   2.0261653008644647E-004   2.1292713263126103E-004   2.2006185548588853E-004   2.3556677187707963E-004   2.6414833352046842E-004   3.8293366627649048E-006
       10001   1000000.0000000000        1900.0864095146821        2.1258327045148680E-004   2.1428501422240823E-004   2.1624565827446345E-004   2.2070662343728697E-004   2.3073342421476900E-004   2.4257956717489053E-004   2.5492366088051676E-004   2.6346556365624060E-004   2.8202853294328437E-004   3.1624713428978743E-004   4.5845971333721344E-006
       10001   1000000.0000000000        2066.4822771712666        2.5107360724589863E-004   2.5308348010182860E-004   2.5539916032762077E-004   2.6066792850721726E-004   2.7251024645827534E-004   2.8650119978516810E-004   3.0108015579256939E-004   3.1116861582751671E-004   3.3309253956372069E-004   3.7350641992604024E-004   5.4146552387736541E-006
       10001   1000000.0000000000        2247.4498951622236        2.9283926460653463E-004   2.9518349098116249E-004   2.9788443500281713E-004   3.0402978684209884E-004   3.1784214931227704E-004   3.3416042030388269E-004   3.5116434568971562E-004   3.6293095467981450E-004   3.8850181775861568E-004   4.3563799467596952E-004   6.3153286988660616E-006
       10001   1000000.0000000000        2444.2653523159543        3.3763128644440413E-004   3.4033409893308961E-004   3.4344824223146887E-004   3.5053374473145618E-004   3.6645894764213111E-004   3.8527317184281515E-004   4.0487769966785858E-004   4.1844404340318932E-004   4.4792608928193121E-004   5.0227145967498025E-004   7.2812429287888415E-006
       10001   1000000.0000000000        2658.3164881195166        3.8515689725154579E-004   3.8824018588844774E-004   3.9179276785910856E-004   3.9987585551971323E-004   4.1804289774036320E-004   4.3950539798512692E-004   4.6186914157981125E-004   4.7734503925872936E-004   5.1097694388914177E-004   5.7297122635376985E-004   8.3060776893005796E-006
       10001   1000000.0000000000        2891.1126790356084        4.3509146233390730E-004   4.3857451959821103E-004   4.4258778986615142E-004   4.5171909668938919E-004   4.7224167846378356E-004   4.9648669047692268E-004   5.2174939240885016E-004   5.3923161658124097E-004   5.7722370679336437E-004   6.4725430946296078E-004   9.3828250528531155E-006
       10001   1000000.0000000000        3144.2954818345379        4.8709025456923594E-004   4.9098961457204814E-004   4.9548264778218509E-004   5.0570558607557030E-004   5.2868116235337535E-004   5.5582371608639178E-004   5.8410508058409953E-004   6.0367654994166668E-004   6.4620904936907439E-004   7.2460783226752068E-004   1.0504043210594865E-005
       10001   1000000.0000000000        3419.6502089925411        5.4079946115675819E-004   5.4512882692544931E-004   5.5011743900198226E-004   5.6146800903458425E-004   5.8697736184072614E-004   6.1711277616301110E-004   6.4851194086824003E-004   6.7024135533437046E-004   7.1746359149664572E-004   8.0450540110052905E-004   1.1662093901344738E-005
       10001   1000000.0000000000        3719.1185177799598        5.9586602396829297E-004   6.0063627349213507E-004   6.0613302861272896E-004   6.1863983465119152E-004   6.4674710946127255E-004   6.7995103517323123E-004   7.1454661449111092E-004   7.3848848573336567E-004   7.9051895640577991E-004   8.8642174470429918E-004   1.2849354696170284E-005
       10001   1000000.0000000000        4044.8121018110778        6.5194605975342111E-004   6.5716531942329405E-004   6.6317961461444361E-004   6.7686405754408094E-004   7.0761719667078850E-004   7.4394612867318766E-004   7.8179674625044476E-004   8.0799176654316367E-004   8.6491894138750625E-004   9.6984524086619233E-004   1.4058400663474144E-005
       10001   1000000.0000000000        4399.0275816010808        7.0871174060957898E-004   7.1438551372745695E-004   7.2092372688536488E-004   7.3580034111484015E-004   7.6923184147414231E-004   8.0872401426605636E-004   8.4986923517793773E-004   8.7834492273703953E-004   9.4022864572553488E-004   1.0542881524333476E-003   1.5282152833131191E-005
       10001   1000000.0000000000        4784.2626991306734        7.6585662464879903E-004   7.7198796260227059E-004   7.7905364965120895E-004   7.9513055179050512E-004   8.3125847394818081E-004   8.7393505407178779E-004   9.1839662670852007E-004   9.4916818521718471E-004   1.0160415425052886E-003   1.1392945577221253E-003   1.6513993238829023E-005
       10001   1000000.0000000000        5203.2339306138792        8.2309950996393793E-004   8.2968921424626026E-004   8.3728334182082086E-004   8.5456276015843881E-004   8.9339191901351795E-004   9.3925841214725502E-004   9.8704173403066321E-004   1.0201130670138131E-003   1.0919845913056881E-003   1.2244460840692886E-003   1.7747848110571079E-005
       10001   1000000.0000000000        5658.8956416651308        8.8018694294445009E-004   8.8723378724983842E-004   8.9535498849656857E-004   9.1383384505436727E-004   9.5535711870427178E-004   1.0044049164162328E-003   1.0555006457816654E-003   1.0908654717541922E-003   1.1677215656515146E-003   1.3093656394743873E-003   1.8978242039634290E-005
       10001   1000000.0000000000        6154.4609199376109        9.3689454746665628E-004   9.4439551042364866E-004   9.5304035305383589E-004   9.7271087349474507E-004   1.0169105746882711E-003   1.0691185751489076E-003   1.1235043197920813E-003   1.1611473407983691E-003   1.2429548161677067E-003   1.3937193900569553E-003   2.0200326703346620E-005
       10001   1000000.0000000000        6693.4242321340962        9.9302735837552528E-004   1.0009778589496318E-003   1.0101411163669478E-003   1.0309914468818592E-003   1.0778407101242156E-003   1.1331769573061908E-003   1.1908189828403813E-003   1.2307170663739947E-003   1.3174257127878265E-003   1.4772172561824800E-003   2.1409888101353425E-005
       10001   1000000.0000000000        7279.5860651551784        1.0484193451424685E-003   1.0568134742273969E-003   1.0664883922687611E-003   1.0885032064715675E-003   1.1379673526196797E-003   1.1963906488785931E-003   1.2572455593369773E-003   1.2993689010999247E-003   1.3909140126415025E-003   1.5596122037823904E-003   2.2603336308507837E-005
       10001   1000000.0000000000        7917.0797251417562        1.1029323035608514E-003   1.1117630467014522E-003   1.1219416001700809E-003   1.1451026827638436E-003   1.1971405313451569E-003   1.2586019881931630E-003   1.3226183422352072E-003   1.3669315843442681E-003   1.4632363896009185E-003   1.6406985954592562E-003   2.3777681576816941E-005
       10001   1000000.0000000000        8610.4004833844119        1.1564542783159349E-003   1.1657137258095475E-003   1.1763868604810282E-003   1.2006736578765846E-003   1.2552387650502370E-003   1.3196832660151070E-003   1.3868031014483968E-003   1.4332663872402365E-003   1.5342443415319259E-003   1.7203098436179213E-003   2.4930500295216438E-005
       10001   1000000.0000000000        9364.4372746213958        1.2088976601332968E-003   1.2185772019065102E-003   1.2297350590140248E-003   1.2551251900986284E-003   1.3121669969602436E-003   1.3795345544362896E-003   1.4496948021074164E-003   1.4982647544699601E-003   1.6038216659113693E-003   1.7983155794028332E-003   2.6059893903795276E-005
       10001   1000000.0000000000        10184.507171244810        1.2601970802483783E-003   1.2702875838886307E-003   1.2819197052248471E-003   1.3083894280534884E-003   1.3678543097771390E-003   1.4380813046200194E-003   1.5112150798559910E-003   1.5618456949468744E-003   1.6718816666625863E-003   1.8746185200443021E-003   2.7164443407754730E-005
       10001   1000000.0000000000        11076.392876509570        1.3103072037633948E-003   1.3207991748978721E-003   1.3328946876078353E-003   1.3604193199221002E-003   1.4222515310271190E-003   1.4952718293088432E-003   1.5713095949857769E-003   1.6239530472809268E-003   1.7383642269643736E-003   1.9491511857066869E-003   2.8243161679408923E-005
       10001   1000000.0000000000        12046.383501126886        1.3592005034573007E-003   1.3700842281123054E-003   1.3826320082172005E-003   1.4111862994832824E-003   1.4753288129805875E-003   1.5510747596308159E-003   1.6299453627811483E-003   1.6845527213813825E-003   1.8032328574663983E-003   2.0218725953762128E-003   2.9295445952785804E-005
       10001   1000000.0000000000        13101.318910778036        1.4068651968166953E-003   1.4181308682781116E-003   1.4311196889351646E-003   1.4606781583292776E-003   1.5270734143098636E-003   1.6054767083267247E-003   1.6871082820596277E-003   1.7436301407586601E-003   1.8664719539699007E-003   2.0927651586830219E-003   3.0321030163779453E-005
       10001   1000000.0000000000        14248.637957263581        1.4533029291423048E-003   1.4649407582268121E-003   1.4783594238733867E-003   1.5088966674277314E-003   1.5774872252685829E-003   1.6584796590076905E-003   1.7428003612524098E-003   1.8011873690261175E-003   1.9280837129645020E-003   2.1618311536355595E-003   3.1319928946054204E-005
       10001   1000000.0000000000        15496.430933388809        1.4989294884989377E-003   1.5109329942746821E-003   1.5247740703042598E-003   1.5562731513294908E-003   1.6270207016240482E-003   1.7105568592194348E-003   1.7975194768797779E-003   1.8577389621164413E-003   1.9886188667298122E-003   2.2296899536254880E-003   3.2301371496635606E-005
       10001   1000000.0000000000        16853.496621469865        1.5422524954240020E-003   1.5546032652751372E-003   1.5688456077203336E-003   1.6012584477497647E-003   1.6740545738962113E-003   1.7600060638716915E-003   1.8494764063948946E-003   1.9114357322882033E-003   2.0460979633193312E-003   2.2941208338947481E-003   3.3233020643234231E-005
       10001   1000000.0000000000        18329.404337736843        1.5924670934253568E-003   1.6052199849985419E-003   1.6199260184720057E-003   1.6533933731366713E-003   1.7285562206216113E-003   1.8173018741187770E-003   1.9096873147799536E-003   1.9736631012772349E-003   2.1127077242845435E-003   2.3688166023313538E-003   3.4317052630247657E-005
       10001   1000000.0000000000        19934.561410138173        1.6508860416897812E-003   1.6641045768329816E-003   1.6793420647813093E-003   1.7140100697830773E-003   1.7918823648831372E-003   1.8838480667575852E-003   1.9796729948262622E-003   2.0459938905181534E-003   2.1901277559473503E-003   2.4558052858711823E-003   3.5601988615324804E-005
       10001   1000000.0000000000        21680.286565364473        1.7086710199426813E-003   1.7223464730676586E-003   1.7380961732396921E-003   1.7739075101073972E-003   1.8543849093848584E-003   1.9494829980316543E-003   2.0487917777088525E-003   2.1174307996569821E-003   2.2665825883211583E-003   2.5420009258536528E-003   3.6913672151731880E-005
       10001   1000000.0000000000        23578.889742579249        1.7673088828447751E-003   1.7814442574266040E-003   1.7977000050951328E-003   1.8346262395303463E-003   1.9176702564312868E-003   2.0158925608333130E-003   2.1188205762558273E-003   2.1898103749307487E-003   2.3440371286756125E-003   2.6296261823194190E-003   3.8286801531881915E-005
       10001   1000000.0000000000        25643.758896660285        1.8266761477156318E-003   1.8412730960981213E-003   1.8580262573081835E-003   1.8960316346749797E-003   1.9815894407609115E-003   2.0829143958835767E-003   2.1895992742920274E-003   2.2629673383296849E-003   2.4223125107756759E-003   2.7185182484395129E-003   3.9723870393526492E-005
       10001   1000000.0000000000        27889.454403043019        1.8869720279523564E-003   1.9020334697846082E-003   1.9192760499473379E-003   1.9583245237658402E-003   2.0463443249540991E-003   2.1507547993662207E-003   2.2613550387313801E-003   2.3371366086983648E-003   2.5016575732637338E-003   2.8089954706390771E-003   4.1234519450608828E-005
       10001   1000000.0000000000        30331.811729859663        1.9484161943280791E-003   1.9639464215044115E-003   1.9816710455530569E-003   2.0217258147782894E-003   2.1121559755777862E-003   2.2196388152105869E-003   2.3343370681725402E-003   2.4125758171169576E-003   2.5823442226616958E-003   2.9014117201024217E-003   4.2830169404264449E-005
       10001   1000000.0000000000        32988.053101364101        2.0112563563676454E-003   2.0272612821835932E-003   2.0454615576134521E-003   2.0864857636340526E-003   2.1792759065263436E-003   2.2898229884513233E-003   2.4088280265558105E-003   2.4895769798231730E-003   2.6646796984800799E-003   2.9961639610219795E-003   4.4523369079832852E-005
       10001   1000000.0000000000        35876.908940033594        2.0758021761200242E-003   2.0922899788739027E-003   2.1109616310071300E-003   2.1529212963580660E-003   2.2480275717907555E-003   2.3616405695768626E-003   2.4851883909612544E-003   2.5685121170865004E-003   2.7490553885689646E-003   3.0937363107828614E-003   4.6327127857263973E-005
       10001   1000000.0000000000        39018.749943694966        2.1424322408463807E-003   2.1594140506495073E-003   2.1785560843349113E-003   2.2214231200015167E-003   2.3188137007552679E-003   2.4355092212361108E-003   2.5638646570405863E-003   2.6498415593359070E-003   2.8359555520695435E-003   3.1947091165993660E-003   4.8255092601319758E-005
       10001   1000000.0000000000        42435.730729013565        2.2115850672648862E-003   2.2290754903560635E-003   2.2486909446245902E-003   2.2924449319494064E-003   2.3921033358787237E-003   2.5119163579390602E-003   2.6453760551381320E-003   2.7341000580140399E-003   2.9259421737522101E-003   3.2997477240556019E-003   5.0322309029756819E-005
       10001   1000000.0000000000        46151.946054241162        2.2837511396276468E-003   2.3017686354414781E-003   2.3218649666061435E-003   2.3664937869488948E-003   2.4684201131576107E-003   2.5914057595864881E-003   2.7303025689742553E-003   2.8218842117943960E-003   3.0196412450571460E-003   3.4095928339678370E-003   5.2546045407090043E-005
       10001   1000000.0000000000        50193.600722828931        2.3594717676367061E-003   2.3780389644484571E-003   2.3986282369591653E-003   2.4441280461031884E-003   2.5483389952736923E-003   2.6745733554743678E-003   2.8192819211319427E-003   2.9138491216509524E-003   3.1177389825108545E-003   3.5250597819234432E-003   5.4946522769107109E-005
       10001   1000000.0000000000        54589.194365971067        2.4393442063458440E-003   2.4584882297304747E-003   2.4795872644480790E-003   2.5259622250205678E-003   2.6324906347456240E-003   2.7620712547562140E-003   2.9130146826388250E-003   3.0107134202704234E-003   3.2209870685358374E-003   3.6470458628590275E-003   5.7547597101078742E-005
       10001   1000000.0000000000        59369.722407071960        2.5240303357305155E-003   2.5437831868288206E-003   2.5654137361973178E-003   2.6126756839684813E-003   2.7215698745328911E-003   2.8546161622605456E-003   3.0122738151727477E-003   3.1132688860853082E-003   3.3302128342511069E-003   3.7765420485335881E-003   6.0377512706547392E-005
       10001   1000000.0000000000        64568.894625233588        2.6142667766329720E-003   2.6346657685908238E-003   2.6568547289485224E-003   2.7050227668529120E-003   2.8163456440254905E-003   2.9529991298957569E-003   3.1179157344919340E-003   3.2223916545089356E-003   3.4463311591503339E-003   3.9146461336524016E-003   6.3469844126898953E-005
       10001   1000000.0000000000        70223.372858955801        2.7108751203495734E-003   2.7319633636597564E-003   2.7547430016291886E-003   2.8038429045397304E-003   2.9176705328198028E-003   3.0580947056785862E-003   3.2308910563389687E-003   3.3390531354164869E-003   3.5703560446068779E-003   4.0625752057349617E-003   6.6864739395318358E-005
       10001   1000000.0000000000        76373.029526213533        2.8147686199293930E-003   2.8365955051930722E-003   2.8600036026130249E-003   2.9100666778687206E-003   3.0264855207530134E-003   3.1708644526597133E-003   3.3522501589092956E-003   3.4643255771047163E-003   3.7034063471911276E-003   4.2216718610149388E-003   7.0610678615284263E-005
       10001   1000000.0000000000        83061.228783857878        2.9269545427273399E-003   2.9495761614940293E-003   2.9736559845104245E-003   3.0247170108226550E-003   3.1438189038750634E-003   3.2923536981446936E-003   3.4831424719120501E-003   3.5993810809671761E-003   3.8467044496033058E-003   4.3934015556854724E-003   7.4766923413633815E-005
       10001   1000000.0000000000        90335.132308930857        3.0485461140588380E-003   3.0720257108120125E-003   3.0968259980271463E-003   3.1489207374539169E-003   3.2707963660490455E-003   3.4237000201007392E-003   3.6248276173481649E-003   3.7455028858209543E-003   4.0015889935617671E-003   4.5793575844890614E-003   7.9406396538981642E-005
       10001   1000000.0000000000        98246.031858102593        3.1807826747354412E-003   3.2051911975639917E-003   3.2307663140369240E-003   3.2839289431794740E-003   3.4086603116749892E-003   3.5661513073586945E-003   3.7786964168850805E-003   3.9041069694865462E-003   4.1695404327053319E-003   4.7812698253879397E-003   8.4619231492887411E-005
       10001   1000000.0000000000        106849.71095026600        3.3251009618860770E-003   3.3505182245186682E-003   3.3769293753065322E-003   3.4311925312420191E-003   3.5588499610128901E-003   3.7211498013176429E-003   3.9463573387711120E-003   4.0768320762583441E-003   4.3522846884234620E-003   5.0010759285398021E-003   9.0515746021412190E-005
       10001   1000000.0000000000        116206.83822268601        3.4832743217477966E-003   3.5097914196373509E-003   3.5371099027289741E-003   3.5925104062789156E-003   3.7231609551342214E-003   3.8905025297896467E-003   4.1298093658636474E-003   4.2657202689394573E-003   4.5519997314954694E-003   5.2410865416948763E-003   9.7228256970364975E-005
       10001   1000000.0000000000        126383.39523444363        3.6576000472238815E-003   3.6853234037589511E-003   3.7136362453834906E-003   3.7702276525568802E-003   3.9039583943919535E-003   4.0766091670923540E-003   4.3316741994989345E-003   4.4734590984860448E-003   4.7715901975611836E-003   5.5042330157878874E-003   1.0491235508397465E-004
       10001   1000000.0000000000        137451.14173382093        3.8510075681902271E-003   3.8800636349832405E-003   3.9094796856679447E-003   3.9673455995996318E-003   4.1042893234605480E-003   4.2825777269307050E-003   4.5553212661058173E-003   4.7035097999290638E-003   5.0148297010527160E-003   5.7942231277434888E-003   1.1375264122577062E-004
       10001   1000000.0000000000        149488.12167044831        4.0670256752874919E-003   4.0975647329964063E-003   4.1282187218361988E-003   4.1874786526149305E-003   4.3278230117435711E-003   4.5121488731935016E-003   4.8048045834680380E-003   4.9600363799343393E-003   5.2862727953933786E-003   6.1154892608949428E-003   1.2397697074712633E-004
       10001   1000000.0000000000        162579.21352035040        4.3096348698275682E-003   4.3418327173634251E-003   4.3738858618395399E-003   4.4346886687355357E-003   4.5786547903366830E-003   4.7694678324729841E-003   5.0846452092766581E-003   5.2476729294880960E-003   5.5909806038689207E-003   6.4729174379236955E-003   1.3588106805631785E-004
       10001   1000000.0000000000        176816.72880448613        4.5824205715725101E-003   4.6164710360803076E-003   4.6500992630464843E-003   4.7125750696048073E-003   4.8602919706191676E-003   5.0579569351776486E-003   5.3987129093562404E-003   5.5703488606352533E-003   5.9332283764370148E-003   6.8703265183291846E-003   1.4989354216312601E-004
       10001   1000000.0000000000        192301.06302123182        4.8882282854461230E-003   4.9243317134713476E-003   4.9597117264791801E-003   5.0239158458005011E-003   5.1752583081487794E-003   5.3798666320211712E-003   5.7497613042727545E-003   5.9307976023172384E-003   6.3159519221131985E-003   7.3095489054478581E-003   1.6664003818218868E-004
       10001   1000000.0000000000        209141.40358283502        5.2316705067607236E-003   5.2700462189294488E-003   5.3073771755810387E-003   5.3733490235976320E-003   5.5280373824777469E-003   5.7394836921755617E-003   6.1426187242558244E-003   6.3338816794158833E-003   6.7441632202992364E-003   7.7945232303601028E-003   1.8689214990961928E-004
       10001   1000000.0000000000        227456.49974784054        5.6205626425378857E-003   5.6614733585552343E-003   5.7010116645025014E-003   5.7688746217918370E-003   5.9266843462879512E-003   6.1448668400664597E-003   6.5859934815590757E-003   6.7884527738926847E-003   7.2266592458236139E-003   8.3343130297393406E-003   2.1155950931552422E-004
       10001   1000000.0000000000        247375.49997864486        6.0542218605454988E-003   6.0978803946314950E-003   6.1398341902030975E-003   6.2094580933845182E-003   6.3693032113591097E-003   6.5930362265378710E-003   7.0775251121953323E-003   7.2917639896258836E-003   7.7592216044297252E-003   8.9229779043952084E-003   2.4242717335769609E-004
       10001   1000000.0000000000        269038.86262878962        6.5333250728328582E-003   6.5798959025150008E-003   6.6244541349618951E-003   6.6955691308342273E-003   6.8556677479067645E-003   7.0827163574020925E-003   7.4248137229594629E-003   7.8427562671641009E-003   8.3391234753869073E-003   9.5589209878063491E-003   2.8193024084198888E-004
       10001   1000000.0000000000        292599.34638167988        7.0645023627719586E-003   7.1141429146581716E-003   7.1615435959886892E-003   7.2339974246971219E-003   7.3924483670119194E-003   7.6200441343248475E-003   7.9708574480986741E-003   8.4479860975050277E-003   8.9736108111638027E-003   1.0257135234819744E-002   3.3317409728231522E-004
       10001   1000000.0000000000        318223.08742478525        7.6508231900997495E-003   7.7036265823284787E-003   7.7541114677046954E-003   7.8278278106218204E-003   7.9824162101663886E-003   8.2068380099067483E-003   8.5618682139239934E-003   9.1086680424104331E-003   9.6668631793042723E-003   1.1034254187564825E-002   4.0099860448897321E-004
       10001   1000000.0000000000        346090.77095499361        8.2965321281070984E-003   8.3525112922813970E-003   8.4063210601771771E-003   8.4814271812699450E-003   8.6300066762003101E-003   8.8467971471936618E-003   9.1999491131448605E-003   9.8275284080889952E-003   1.0420013355676421E-002   1.1907501091365427E-002   4.9254545452766794E-004
       10001   1000000.0000000000        376398.90527594875        9.0125611260544088E-003   9.0716835043505983E-003   9.1290758476452287E-003   9.2060760857537206E-003   9.3473418941692251E-003   9.5521921678391897E-003   9.8965191375994573E-003   1.0615306849753862E-002   1.1238315376251536E-002   1.2872322965143223E-002   6.1799020496874088E-004
       10001   1000000.0000000000        409361.20747165574        9.8136138043377619E-003   9.8758083665250185E-003   9.9370243870878037E-003   1.0016795467687406E-002   1.0150604365378886E-002   1.0340050291101265E-002   1.0668257462592031E-002   1.1160432862965804E-002   1.2141994467333696E-002   1.3886084068323879E-002   7.9245777806074701E-004
       10001   1000000.0000000000        445210.11042738560        1.0727867777866121E-002   1.0793127401636926E-002   1.0858428981665216E-002   1.0942226813174942E-002   1.1070096072403543E-002   1.1242593727834784E-002   1.1548618895463712E-002   1.2028757999429113E-002   1.3160187636994216E-002   1.4969125631803203E-002   1.0372729590843095E-003
       10001   1000000.0000000000        484198.40182460181        1.1790553437364053E-002   1.1858972998667932E-002   1.1928635666882105E-002   1.2017897042448416E-002   1.2142772184765789E-002   1.2298847895702306E-002   1.2578638929714683E-002   1.3037497011998501E-002   1.4334649499960710E-002   1.6249535934147144E-002   1.3837611519055830E-003
       10001   1000000.0000000000        526601.00666724879        1.3045343164167075E-002   1.3117162637025353E-002   1.3191501593750073E-002   1.3287683274070334E-002   1.3413458923694270E-002   1.3555765904168108E-002   1.3807991269230295E-002   1.4238105763908519E-002   1.5713515138970700E-002   1.7776664612669177E-002   1.8779151053502398E-003
       10001   1000000.0000000000        572716.92590884247        1.4541887601941451E-002   1.4617501539858193E-002   1.4696894427811365E-002   1.4801359594653620E-002   1.4932338986591180E-002   1.5065087839591391E-002   1.5291244540985313E-002   1.5687623566227112E-002   1.7353300394424495E-002   1.9527493963415240E-002   2.5880146391594754E-003
       10001   1000000.0000000000        622871.34485053364        1.6333875312283128E-002   1.6413821534015882E-002   1.6498726288161628E-002   1.6612698269161289E-002   1.6753122686874913E-002   1.6881476337272220E-002   1.7085388074051605E-002   1.7445964648933492E-002   1.9312622468860882E-002   2.1641389862574405E-002   3.6151967980033247E-003
       10001   1000000.0000000000        677417.92617748480        1.8482845814769340E-002   1.8567834382050626E-002   1.8658852234559670E-002   1.8783479481498448E-002   1.8937303076129178E-002   1.9066883665491030E-002   1.9254440260321276E-002   1.9580691149934312E-002   2.0781344138731211E-002   2.4148893867544000E-002   5.1030611795956794E-003
       10001   1000000.0000000000        736741.30380282935        2.1037816327633168E-002   2.1128636396386700E-002   2.1226449495445079E-002   2.1362758581375037E-002   2.1533350417369080E-002   2.1669520213858554E-002   2.1847490931310099E-002   2.2143640813934790E-002   2.3287698932124491E-002   2.7122255207912574E-002   7.2486578073104003E-003
       10001   1000000.0000000000        801259.79510451166        2.4074720418672393E-002   2.4172516636461611E-002   2.4278203190968121E-002   2.4427552276359184E-002   2.4618083544543673E-002   2.4766031121737957E-002   2.4942254634185385E-002   2.5216395923250562E-002   2.6301596555205687E-002   3.0650408031937856E-002   1.0255306549470392E-002
       10001   1000000.0000000000        871428.35068025719        2.7593183903483504E-002   2.7699162982217827E-002   2.7813907604220488E-002   2.7977701578168181E-002   2.8190717152876976E-002   2.8354527699798317E-002   2.8535764928568987E-002   2.8796371592476708E-002   2.9829957271225616E-002   3.4755375212203198E-002   1.4256941052711065E-002
       10001   1000000.0000000000        947741.76242084394        3.1571507292054081E-002   3.1687376103447726E-002   3.1812938830938810E-002   3.1993312531285026E-002   3.2231451610016872E-002   3.2414379722027827E-002   3.2606510798717098E-002   3.2863307044516746E-002   3.3872563424118415E-002   3.9446255122335371E-002   1.8965757459298353E-002
       10001   1000000.0000000000        1030738.1525232699        3.5836223983850439E-002   3.5964395133308659E-002   3.6103326762241580E-002   3.6303465523873764E-002   3.6569616920342371E-002   3.6773521467137013E-002   3.6980211599813614E-002   3.7242783154737433E-002   3.8284144545576729E-002   4.4632362033628303E-002   2.3093271469597613E-002
       10001   1000000.0000000000        1121002.7680465493        4.2796912530542068E-002   4.2958015044430940E-002   4.3132480007978445E-002   4.3382079787138414E-002   4.3706778314060168E-002   4.3949669112900054E-002   4.4199747308849416E-002   4.4544935119669560E-002   4.6052705010519182E-002   5.3972519072359802E-002   2.2466235976803153E-002
       10001   1000000.0000000000        1219172.1077673580        5.6441087937857168E-002   5.6698784579087086E-002   5.6974671843547771E-002   5.7350910846438674E-002   5.7794871366178426E-002   5.8126690265047486E-002   5.8588467560918074E-002   5.9495678445431084E-002   6.3504748691155230E-002   7.4642276154931894E-002   1.4971394855962491E-002
       10001   1000000.0000000000        1325938.4104359150        5.2167795149622484E-002   5.2433070934017736E-002   5.2711626739540211E-002   5.3072643094298794E-002   5.3465899121007528E-002   5.3796468163808626E-002   5.4468488510833184E-002   5.6014511282907201E-002   6.3803949136465365E-002   7.0885521161126924E-002   6.6390308933714746E-003
       10001   1000000.0000000000        1442054.5360809742        2.9798647582923419E-002   2.9980649389560458E-002   3.0158676195866888E-002   3.0364382872302906E-002   3.0659432019894288E-002   3.1314448585186699E-002   3.2978499107017521E-002   3.6054250920887237E-002   3.6070635315996857E-002   3.5493749864525616E-002   8.1081515244556853E-004
       10001   1000000.0000000000        1568339.2747843021        2.1789490183361172E-002   2.1933065050221492E-002   2.2066077265855223E-002   2.2221973279272857E-002   2.2676585326530999E-002   2.3956667262835574E-002   2.6857769440313303E-002   2.4070778730352887E-002   2.3868864801849691E-002   2.3923350811664482E-002   2.1066779265496914E-004
       10001   1000000.0000000000        1705683.1203593500        1.9748457781380381E-002   1.9875910206645486E-002   1.9996047056853213E-002   2.0135158267514986E-002   2.0485042543746862E-002   2.1491648502755496E-002   2.3899603312128814E-002   2.1701463933572602E-002   2.1553023781023445E-002   2.1558391523366863E-002   1.9863886012101559E-004
       10001   1000000.0000000000        1855054.5496470677        1.4519662636662453E-002   1.4605829275503260E-002   1.4691423035461681E-002   1.4792564083699014E-002   1.4945751810828373E-002   1.5339221093754936E-002   1.6460911446821758E-002   1.8638858806277102E-002   1.5759761267237091E-002   1.5983588083479244E-002   2.0303950016490959E-004
       10001   1000000.0000000000        2017506.8517071931        1.0091430499705624E-002   1.0145464205339252E-002   1.0201330597654440E-002   1.0271454926868595E-002   1.0352897258351578E-002   1.0486141813846874E-002   1.0910426622627239E-002   1.1912875619616981E-002   1.0902349834147448E-002   1.0954261559239200E-002   2.2468425219536440E-004
       10001   1000000.0000000000        2194185.5550608300        7.4511250884053875E-003   7.4886864277079919E-003   7.5281232788542802E-003   7.5792564926338664E-003   7.6366573971367625E-003   7.7047763546742691E-003   7.9134794628317913E-003   8.4597886317969544E-003   8.0672741585759312E-003   8.1093396622809420E-003   2.2682607742853693E-004
       10001   1000000.0000000000        2386336.5053574229        5.5917438191509074E-003   5.6197263251372767E-003   5.6491514675388460E-003   5.6874409689915435E-003   5.7302289348392091E-003   5.7774198006481335E-003   5.9157843735462385E-003   6.2800297563783145E-003   6.1355093822320550E-003   6.1252353952602418E-003   1.8634863313904043E-004
       10001   1000000.0000000000        2595314.6504255468        3.8606593067432578E-003   3.8809259135047318E-003   3.9019969546692395E-003   3.9287314531832778E-003   3.9583462453755529E-003   3.9949748007147975E-003   4.0996990081782021E-003   4.3516585930891633E-003   4.4555026403862996E-003   4.3615500047204650E-003   1.2909898971576032E-004
       10001   1000000.0000000000        2822593.5946550933        2.3421666617067221E-003   2.3555068677234897E-003   2.3690250218751899E-003   2.3853855991349381E-003   2.4035988258058498E-003   2.4287844403627118E-003   2.4915539764947254E-003   2.6177903844306783E-003   2.9657560398924925E-003   3.0666833568450697E-003   1.5905749227795868E-004
       10001   1000000.0000000000        3069775.9900833662        1.0846300975891764E-003   1.0916699477054930E-003   1.0990520856214308E-003   1.1126742913929522E-003   1.1449094837941442E-003   1.1835046746432451E-003   1.2330274530660535E-003   1.2782542892078583E-003   1.3469674340118227E-003   1.6739741825584882E-003   7.2903455379756381E-005
       10001   1000000.0000000000        3338604.8374575973        3.6639650659429489E-004   3.7763635842789233E-004   4.0043466448837027E-004   4.4578536274597061E-004   4.9858055079929277E-004   5.4644054395575254E-004   4.3140707112761934E-004   4.5761709969203838E-004   4.2397282707209798E-004   6.8311588068937178E-004   9.0020656603404845E-006
       10001   1000000.0000000000        3630975.7769629848        2.0659486166637052E-004   2.2068428271744905E-004   2.4178077092249046E-004   2.8074391536861328E-004   3.1947578802500191E-004   3.2549238372104846E-004   2.9515112633672923E-004   3.0193698647787225E-004   1.9451343254939113E-004   4.5682603316399279E-004   1.5442902772983519E-006
       10001   1000000.0000000000        3948950.4552841196        1.1565262382816183E-004   1.2432968437164167E-004   1.4020574506467406E-004   1.6345008434005522E-004   1.6910127342973624E-004   1.1247969907817091E-004   1.0577596026696395E-004   1.2712943836857180E-004   1.3135567985231520E-004   2.8148050346176178E-004   5.9559847488262552E-007
       10001   1000000.0000000000        4294771.0632572537        4.6905887715129879E-005   5.3867931927193277E-005   6.0582415208386787E-005   6.5321444794718751E-005   4.6901573715726575E-005   5.0706373966056715E-005   4.3270049857896211E-005   5.9586601114696622E-005   9.2446911190989485E-005   9.7237422473391358E-005   1.3666706243161430E-007
       10001   1000000.0000000000        4670876.1466253446        1.0126377653279648E-005   1.1710885743375963E-005   1.1502678867365350E-005   6.8986697730526296E-006   6.8739034567101018E-006   8.9709300726140419E-006   4.8923295020564990E-006   1.5366576554968405E-005   7.0896170223639218E-006   1.6851796388502699E-005   8.7856884616329197E-009
       10001   1000000.0000000000        5079917.8013849705        9.2215959744694680E-007   9.1902203980991037E-007   1.0854619970678559E-006   9.8198828078161588E-007   1.7582841928604474E-006   2.3676331745349376E-006   4.0158511524261628E-007   1.1323956056317290E-007   1.1568136929187479E-008   2.6292645365880898E-007   3.4845858487924653E-010
       10001   1000000.0000000000        5524780.3749778615        1.3791698341249903E-007   1.5594928770232036E-007   2.0205326530717607E-007   4.8043553325057598E-008   6.8120021233196598E-009   1.8456709847088112E-009   5.6088196631820216E-010   1.8158493568592502E-010   4.3074651447865778E-011   9.1712119687544779E-009   1.3896234072083781E-011
       10001   1000000.0000000000        6008600.8051978257        2.7826380811675498E-008   1.6972581111506753E-009   3.2721309886041251E-010   5.9713620892456952E-011   1.0341232048751560E-011   3.2184353734960507E-012   1.2434131523068117E-012   6.3346525743906831E-013   9.4486328653244360E-013   3.4938025629258917E-010   5.3753128093706255E-013
       10001   1000000.0000000000        6534790.7402325803        1.2618121622304357E-011   2.2008963821454155E-012   4.8410212586270297E-013   1.0415018190005459E-013   2.8049302101256050E-014   1.5838265563142565E-014   1.3642775899010473E-014   1.3101734338232255E-014   3.3961402288766417E-014   1.3004867743800342E-011   2.0045135489702881E-014
       10001   1000000.0000000000        7107060.5958192665        2.4853435631302016E-014   5.8763195046768969E-015   1.2113563356877198E-015   5.8817560548578945E-016   4.5686034601826139E-016   4.0620113770470301E-016   4.3828288747581019E-016   4.5370764590119969E-016   1.2174058266536055E-015   4.6696181245104518E-013   7.1991612505046528E-016
       10001   1000000.0000000000        7729445.7191523332        2.7705421492346355E-016   9.8749910171974691E-017   1.8450695464496959E-017   1.5716691912363245E-017   1.4981965695539294E-017   1.3802795795108406E-017   1.5076633287340273E-017   1.5662336343475361E-017   4.2091693098790306E-017   1.6146529968645423E-014   2.4893818624615048E-017
       10001   1000000.0000000000        8406334.8440376241        1.5320295971960379E-017   5.7124284258770667E-018   1.0582539473505736E-018   9.3866051996822432E-019   9.0354183708388036E-019   8.3368295973303898E-019   9.1108875887764747E-019   9.4662541228899505E-019   2.5441814402274281E-018   9.7596151737404584E-016   1.5046875767848348E-018
       10001   1000000.0000000000        9142501.0379438680        1.2163190584226201E-017   4.5353085093423870E-018   8.4026456009218826E-019   7.4529895473570986E-019   7.1740445656427485E-019   6.6193542977440537E-019   7.2338386520374695E-019   7.5159355823125474E-019   2.0199204555482318E-018   7.7483279130818165E-016   1.1945982809553654E-018
       10001   1000000.0000000000        9943135.3591737300        9.2109547424502051E-018   3.4357235113028624E-018   6.3813261818896797E-019   5.6586247517011702E-019   5.4447360376236687E-019   5.0234039294331849E-019   5.4874920389507037E-019   5.7003396525042927E-019   1.5301984541303132E-018   5.8658050932351466E-016   9.0437474846101112E-019
       10001   1000000.0000000000        10813883.461487234        6.5058561514473864E-018   2.4600783750846678E-018   5.0035155765121676E-019   4.3965146594793545E-019   4.1733292686160512E-019   3.8409257734825712E-019   4.1345786896839649E-019   4.2635728750490802E-019   1.0958912112121730E-018   4.0923058689217960E-016   6.3133268425172530E-019
       10001   1000000.0000000000        11760885.404294103        5.4579305437055779E-018   2.7235664417535785E-018   1.4011747701561608E-018   1.1589662122051086E-018   9.9737069800683083E-019   9.0054289134923837E-019   8.5757030221900271E-019   8.2608787120951846E-019   1.2160245019506494E-018   2.4255506003715924E-016   3.8198195434850872E-019
       10001   1000000.0000000000        12790818.949135916        1.1467883299662433E-017   8.2319845938066716E-018   6.7208833337606110E-018   5.4271151366041762E-018   4.5004386030317886E-018   4.0215066089923095E-018   3.6651042013106696E-018   3.4339998219743887E-018   3.5592205726082795E-018   1.0694943606211670E-016   2.0963684531574142E-019
       10001   1000000.0000000000        13910946.647761630        2.6424270155537158E-017   2.0108544964699428E-017   1.7118304443069151E-017   1.3690717490582200E-017   1.1259662033924816E-017   1.0007054371509627E-017   9.0345312433027709E-018   8.3971695077850300E-018   8.2134421009605380E-018   4.5185836460302606E-017   1.4608956629628389E-019
       10001   1000000.0000000000        15129167.053837782        5.5999669373620598E-017   4.2213530404681280E-017   3.5242627361300438E-017   2.7550808006407503E-017   2.2290968863450310E-017   1.9533926060232495E-017   1.7336912847906961E-017   1.5838459570673560E-017   1.4630566346844395E-017   1.5604987045828697E-017   7.8832793340402778E-020
       10001   1000000.0000000000        16454070.419410402        8.2182603513062162E-017   6.1129262061295448E-017   5.0136585656024492E-017   3.8629793516582805E-017   3.0924056536418307E-017   2.6841366340374811E-017   2.3551378391515461E-017   2.1254733728404974E-017   1.8888159331509087E-017   1.1111845246087089E-017   5.9680652022473130E-020
       10001   1000000.0000000000        17894999.268861804        8.5185373855559873E-017   6.3235474293202181E-017   5.1730212029926905E-017   3.9775964948984768E-017   3.1792970397528713E-017   2.7557454593035534E-017   2.4139549326630751E-017   2.1746211297257973E-017   1.9211969502661300E-017   1.0537500895044985E-017   5.6761268179052166E-020
       10001   1000000.0000000000        19462114.277498070        8.5913069147137899E-017   6.3763489431824572E-017   5.2149608573012785E-017   4.0090821330479764E-017   3.2040088865715388E-017   2.7768119124489318E-017   2.4320374769389676E-017   2.1905475327393548E-017   1.9342237113968843E-017   1.0543108612119169E-017   5.6804117339771577E-020
       10001   1000000.0000000000        21166465.919307370        8.6758025543691270E-017   6.4381399090696223E-017   5.2645103188055658E-017   4.0465706771735073E-017   3.2336094691535319E-017   2.8021794994963198E-017   2.4539521095280273E-017   2.2099868386020373E-017   1.9505264171435701E-017   1.0577717569017065E-017   5.6999919648235674E-020
       10001   1000000.0000000000        23020072.389113221        8.7680510977675277E-017   6.5052910945389507E-017   5.3180308335159160E-017   4.0868609659963895E-017   3.2652993632547919E-017   2.8292399857827407E-017   2.4772251694692024E-017   2.2305274209359094E-017   1.9674498959570312E-017   1.0594530829472338E-017   5.7103144696786248E-020
       10001   1000000.0000000000        25036004.348587755        8.8467252829591004E-017   6.5626079684902315E-017   5.3637341649866911E-017   4.1212748414469366E-017   3.2923718101317073E-017   2.8523555048556466E-017   2.4971013325585956E-017   2.2480640175718227E-017   1.9818788743888793E-017   1.0607798578416620E-017   5.7184986098516221E-020
       10001   1000000.0000000000        27228477.093709577        8.9314312689534954E-017   6.6242352732444313E-017   5.4127036270074669E-017   4.1580293711370830E-017   3.3212123283204952E-017   2.8769069344468203E-017   2.5181280598399534E-017   2.2665265233069333E-017   1.9968023951931572E-017   1.0603713448880942E-017   5.7175255382958517E-020
       10001   1000000.0000000000        29612950.793583296        9.0098090543780235E-017   6.6815051862058352E-017   5.4583680696776427E-017   4.1923852888368465E-017   3.3482192849372810E-017   2.8999166784957745E-017   2.5378483946068011E-017   2.2838496616258493E-017   2.0108208892886678E-017   1.0600286610690095E-017   5.7166873866879096E-020
       10001   1000000.0000000000        32206239.507452108        9.0831959682812890E-017   6.7354285048417317E-017   5.5015787220457819E-017   4.2250122398410307E-017   3.3739368613005309E-017   2.9218644807372074E-017   2.5566914421713677E-017   2.3004290617221522E-017   2.0243104044471393E-017   1.0600965483367911E-017   5.7178520841080606E-020
       10001   1000000.0000000000        35026629.748634435        9.1574603296416528E-017   6.7900206676810016E-017   5.5452765719062950E-017   4.2579646449438442E-017   3.3998837122580535E-017   2.9439720044691237E-017   2.5756283560030537E-017   2.3170429242156571E-017   2.0376816348966158E-017   1.0592019802796645E-017   5.7138620062758710E-020
       10001   1000000.0000000000        38094009.431434512        9.2507143970725606E-017   6.8582186060095898E-017   5.5995231351714351E-017   4.2986637065971958E-017   3.4318031939620804E-017   2.9710709740554404E-017   2.5987378152776293E-017   2.3372146289059905E-017   2.0536146893913991E-017   1.0564209582956085E-017   5.7000259915837171E-020
       10001   1000000.0000000000        41430008.110294931        9.3324737036043973E-017   6.9182232803951560E-017   5.6473935195006295E-017   4.3346521371129976E-017   3.4600707101707931E-017   2.9950876260687538E-017   2.6192330936918165E-017   2.3551138301174658E-017   2.0677756805342203E-017   1.0541299795677922E-017   5.6885773883027768E-020
       10001   1000000.0000000000        45058149.500081860        9.4169066673695755E-017   6.9800294445733069E-017   5.6965294967711320E-017   4.3714832727106243E-017   3.4889324375651393E-017   3.0195531279659999E-017   2.6400507706469288E-017   2.3732324093227858E-017   2.0819258741589534E-017   1.0508428153801236E-017   5.6718111776523104E-020
       10001   1000000.0000000000        49004017.352997556        9.5057728647701381E-017   7.0449722501324193E-017   5.7480916149637918E-017   4.4100970015894452E-017   3.5191685657277942E-017   3.0451734946959485E-017   2.6618430627712776E-017   2.3921933951404687E-017   2.0967200067890485E-017   1.0475841371337310E-017   5.6551838856636886E-020
       10001   1000000.0000000000        53295435.861797445        9.5862524918908114E-017   7.1037234438318595E-017   5.7947047484464826E-017   4.4449879986519775E-017   3.5464790573357006E-017   3.0683118311876384E-017   2.6815230224118652E-017   2.4093169470332124E-017   2.1100842874829440E-017   1.0448746055396678E-017   5.6413682020383970E-020
       10001   1000000.0000000000        57962665.861418702        9.6594166954795028E-017   7.1568637150580788E-017   5.8366664612804360E-017   4.4762866903071678E-017   3.5709108496054876E-017   3.0889727997708284E-017   2.6990596759891900E-017   2.4245434879948675E-017   2.1218781027957660E-017   1.0422080029381388E-017   5.6276857789409680E-020
       10001   1000000.0000000000        63038618.212534659        9.6673050132679114E-017   7.1624265543304987E-017   5.8408111020361189E-017   4.4792107745470938E-017   3.5730885828336551E-017   3.0907158275936572E-017   2.7004278501328343E-017   2.4256134086305170E-017   2.1223507731247499E-017   1.0398891390431529E-017   5.6153375415163016E-020
       10001   1000000.0000000000        68559085.871700674        9.5876176202600962E-017   7.1032170189920601E-017   5.7923669762931612E-017   4.4419741808886153E-017   3.5433363122285735E-017   3.0649475287852810E-017   2.6778801122400582E-017   2.4053284557906092E-017   2.1045141362484272E-017   1.0308248123388341E-017   5.5662294599348523E-020
       10001   1000000.0000000000        74562996.284531817        9.3621175512711213E-017   6.9359306073085760E-017   5.6557433276545993E-017   4.3371090975904969E-017   3.4596400824351639E-017   2.9925271497120109E-017   2.6145813654115793E-017   2.3484500475512123E-017   2.0546962356297813E-017   1.0065468139854387E-017   5.4344402961133402E-020
       10001   1000000.0000000000        81092685.881652892        8.8945521568553276E-017   6.5892913738921893E-017   5.3726379196633913E-017   4.1197950971402458E-017   3.2861869059419500E-017   2.8423984520337655E-017   2.4833008756704537E-017   2.2304110910606292E-017   1.9510900227165227E-017   9.5485642385691354E-018   5.1533470250127828E-020
       10001   1000000.0000000000        88194198.613027439        8.1393106990186435E-017   6.0294844108333021E-017   4.9149717803228403E-017   3.7682183413583085E-017   3.0054294129481797E-017   2.5992062888201705E-017   2.2704053123349732E-017   2.0387237799207633E-017   1.7820777666136835E-017   8.6708464569006181E-018   4.6738383144806538E-020
       10001   1000000.0000000000        95917610.625768691        4.2664899922720836E-017   3.1599742559512328E-017   2.5726130480051974E-017   1.9706383901100314E-017   1.5708337219836053E-017   1.3574990662398862E-017   1.1845324609814939E-017   1.0622791294176058E-017   9.2465053138823862E-018   4.3490767935109618E-018   2.3292749726378030E-020
