This file contains the corresponding layer temperatures and pressures, and the altitude and the height of each layer.
layer   temp.[K]          press.[10^-6bar]        altitude[cm]         height.of.layer[cm]    conv.unstable?[1:yes,0:no]    conv.lapse-rate?[1:yes,0:no]    pl.eff.temp.[K]   
-1     3948.21           1e+08                   -3.02963e+08         not_avail.             0                             1                               1330.46           
0       3825.72           8.95562e+07             -2.81682e+08         4.25624e+07            0                             1                               
1       3592.02           7.18269e+07             -2.40739e+08         3.9324e+07             0                             1                               
2       3372.6            5.76075e+07             -2.02847e+08         3.64599e+07            0                             1                               
3       3166.59           4.62031e+07             -1.6766e+08          3.39149e+07            0                             1                               
4       2973.16           3.70563e+07             -1.34878e+08         3.16481e+07            0                             1                               
5       2791.54           2.97203e+07             -1.04261e+08         2.95866e+07            0                             1                               
6       2621.02           2.38367e+07             -7.56173e+07         2.77004e+07            0                             1                               
7       2460.91           1.91178e+07             -4.87854e+07         2.59633e+07            0                             1                               
8       2310.59           1.53331e+07             -2.36276e+07         2.43523e+07            0                             1                               
9       2174.32           1.22976e+07             0                    2.29028e+07            0                             0                               
10      2065.52           9.86307e+06             2.23268e+07          2.17507e+07            0                             0                               
11      1979.06           7.91049e+06             4.36208e+07          2.08374e+07            0                             0                               
12      1910.33           6.34447e+06             6.40955e+07          2.01121e+07            0                             0                               
13      1857.39           5.08847e+06             8.39286e+07          1.9554e+07             0                             0                               
14      1817.36           4.08111e+06             1.03272e+08          1.91322e+07            0                             0                               
15      1786.32           3.27318e+06             1.2224e+08           1.88051e+07            0                             0                               
16      1761.96           2.6252e+06              1.40917e+08          1.85486e+07            0                             0                               
17      1741.64           2.10549e+06             1.59359e+08          1.83346e+07            0                             0                               
18      1722.25           1.68867e+06             1.77591e+08          1.81304e+07            0                             0                               
19      1701.14           1.35437e+06             1.95611e+08          1.79081e+07            0                             0                               
20      1677.32           1.08625e+06             2.13393e+08          1.76572e+07            0                             0                               
21      1651.33           871204                  2.30914e+08          1.73835e+07            0                             0                               
22      1622.99           698733                  2.48148e+08          1.70851e+07            0                             0                               
23      1592.32           560406                  2.65071e+08          1.6762e+07             0                             0                               
24      1560.23           449464                  2.81665e+08          1.64242e+07            0                             0                               
25      1527.81           360484                  2.97918e+08          1.60828e+07            0                             0                               
26      1495.94           289120                  3.13833e+08          1.57472e+07            0                             0                               
27      1465.63           231883                  3.29421e+08          1.54281e+07            0                             0                               
28      1437.13           185978                  3.44699e+08          1.5128e+07             0                             0                               
29      1409.07           149160                  3.59679e+08          1.48327e+07            0                             0                               
30      1380.39           119631                  3.74361e+08          1.45307e+07            0                             0                               
31      1351.48           95948                   3.88739e+08          1.42264e+07            0                             0                               
32      1322.65           76953.4                 4.02814e+08          1.39229e+07            0                             0                               
33      1293.24           61719                   4.16582e+08          1.36132e+07            0                             0                               
34      1263.26           49500.6                 4.30037e+08          1.32977e+07            0                             0                               
35      1234.69           39701.1                 4.43185e+08          1.2997e+07             0                             0                               
36      1207.87           31841.5                 4.56041e+08          1.27146e+07            0                             0                               
37      1182.7            25537.9                 4.68623e+08          1.24497e+07            0                             0                               
38      1159.98           20482.2                 4.80953e+08          1.22105e+07            0                             0                               
39      1139.81           16427.4                 4.93057e+08          1.19982e+07            0                             0                               
40      1121.4            13175.3                 5.04958e+08          1.18043e+07            0                             0                               
41      1104.81           10567                   5.16675e+08          1.16297e+07            0                             0                               
42      1089.45           8475.08                 5.28224e+08          1.14681e+07            0                             0                               
43      1074.79           6797.28                 5.39615e+08          1.13137e+07            0                             0                               
44      1060.91           5451.64                 5.50856e+08          1.11676e+07            0                             0                               
45      1048.17           4372.39                 5.61956e+08          1.10335e+07            0                             0                               
46      1037.03           3506.79                 5.72931e+08          1.09163e+07            0                             0                               
47      1026.75           2812.56                 5.83794e+08          1.0808e+07             0                             0                               
48      1017.19           2255.76                 5.94551e+08          1.07074e+07            0                             0                               
49      1008.59           1809.19                 6.05213e+08          1.06168e+07            0                             0                               
50      1000.68           1451.03                 6.15789e+08          1.05336e+07            0                             0                               
51      992.983           1163.77                 6.26282e+08          1.04526e+07            0                             0                               
52      985.329           933.383                 6.36694e+08          1.0372e+07             0                             0                               
53      977.866           748.603                 6.47027e+08          1.02935e+07            0                             0                               
54      970.379           600.403                 6.57281e+08          1.02147e+07            0                             0                               
55      962.919           481.543                 6.67456e+08          1.01361e+07            0                             0                               
56      955.896           386.213                 6.77555e+08          1.00622e+07            0                             0                               
57      948.83            309.755                 6.8758e+08           9.98782e+06            0                             0                               
58      941.116           248.433                 6.97528e+08          9.90662e+06            0                             0                               
59      933.205           199.251                 7.07392e+08          9.82334e+06            0                             0                               
60      925.519           159.806                 7.17175e+08          9.74244e+06            0                             0                               
61      917.89            128.169                 7.26878e+08          9.66213e+06            0                             0                               
62      910.534           102.796                 7.36501e+08          9.5847e+06             0                             0                               
63      903.694           82.4456                 7.4605e+08           9.51269e+06            0                             0                               
64      896.912           66.124                  7.55527e+08          9.44131e+06            0                             0                               
65      889.673           53.0336                 7.6493e+08           9.36511e+06            0                             0                               
66      882.075           42.5346                 7.74255e+08          9.28513e+06            0                             0                               
67      874.36            34.1141                 7.835e+08            9.20391e+06            0                             0                               
68      866.263           27.3606                 7.92661e+08          9.11868e+06            0                             0                               
69      857.714           21.9441                 8.01735e+08          9.02869e+06            0                             0                               
70      848.744           17.5999                 8.10716e+08          8.93427e+06            0                             0                               
71      839.074           14.1156                 8.19599e+08          8.83247e+06            0                             0                               
72      828.692           11.3212                 8.28377e+08          8.72318e+06            0                             0                               
73      817.732           9.07996                 8.37043e+08          8.60781e+06            0                             0                               
74      806.359           7.28242                 8.45591e+08          8.4881e+06             0                             0                               
75      794.673           5.84073                 8.54017e+08          8.36508e+06            0                             0                               
76      782.882           4.68445                 8.6232e+08           8.24096e+06            0                             0                               
77      771.164           3.75708                 8.705e+08            8.1176e+06             0                             0                               
78      759.534           3.0133                  8.78556e+08          7.99518e+06            0                             0                               
79      747.958           2.41676                 8.8649e+08           7.87332e+06            0                             0                               
80      736.456           1.93832                 8.94303e+08          7.75222e+06            0                             0                               
81      725.078           1.55459                 9.01995e+08          7.63242e+06            0                             0                               
82      713.66            1.24683                 9.09568e+08          7.51221e+06            0                             0                               
83      700.939           1                       9.17013e+08          7.3783e+06             0                             0                               
