364 .False.
#Refractive index of NH4SH[s] ice; J. R. Ferraro, G. Sill, and U. Fink, "Infrared intensity measurements of cryodeposited thin films of NH3, NH4HS, H2S, and assignments of absorption bands," Appl. Spectrosc. 34, 525-533 (1980)
#Taken from the NEMESIS GitHub fortran source code: refindex.f
#
#Wavelength (micron) n  k
5.0000E-01    1.7500  1.0000E-09
1.0000E+00    1.7500  1.0000E-09
2.6385E+00    2.1940  2.6600E-02
2.6455E+00    2.1940  2.3700E-02
2.6525E+00    2.1940  2.0800E-02
2.6596E+00    2.1930  1.7900E-02
2.6667E+00    2.1900  1.5000E-02
2.6738E+00    2.1890  1.7100E-02
2.6810E+00    2.1890  1.4400E-02
2.6882E+00    2.1870  1.2100E-02
2.6954E+00    2.1850  1.1500E-02
2.7027E+00    2.1840  1.2100E-02
2.7100E+00    2.1830  8.5000E-03
2.7174E+00    2.1800  8.2000E-03
2.7248E+00    2.1790  9.2000E-03
2.7322E+00    2.1780  6.1000E-03
2.7397E+00    2.1760  5.5000E-03
2.7473E+00    2.1740  6.2000E-03
2.7548E+00    2.1720  3.7000E-03
2.7624E+00    2.1700  5.0000E-03
2.7701E+00    2.1680  3.1000E-03
2.7778E+00    2.1650  3.4000E-03
2.7855E+00    2.1630  3.4000E-03
2.7933E+00    2.1610  3.1000E-03
2.8011E+00    2.1590  2.5000E-03
2.8090E+00    2.1560  3.2000E-03
2.8169E+00    2.1540  2.8000E-03
2.8249E+00    2.1500  3.2000E-03
2.8329E+00    2.1500  3.2000E-03
2.8409E+00    2.1500  3.2000E-03
2.8490E+00    2.1450  3.2000E-03
2.8571E+00    2.1430  3.5000E-03
2.8653E+00    2.1400  3.2000E-03
2.8736E+00    2.1380  3.2000E-03
2.8818E+00    2.1340  3.2000E-03
2.8902E+00    2.1310  4.5000E-03
2.8986E+00    2.1290  5.9000E-03
2.9070E+00    2.1260  4.9000E-03
2.9155E+00    2.1220  6.5000E-03
2.9240E+00    2.1190  6.6000E-03
2.9326E+00    2.1150  6.6000E-03
2.9412E+00    2.1100  9.6000E-03
2.9499E+00    2.1060  1.0300E-02
2.9586E+00    2.1020  1.3300E-02
2.9674E+00    2.0980  1.6000E-02
2.9762E+00    2.0940  2.0000E-02
2.9851E+00    2.0930  2.6800E-02
2.9940E+00    2.0940  2.6900E-02
3.0030E+00    2.0900  2.5600E-02
3.0120E+00    2.0870  3.0400E-02
3.0211E+00    2.0870  3.3900E-02
3.0303E+00    2.0850  3.1300E-02
3.0395E+00    2.0810  3.0700E-02
3.0488E+00    2.0740  3.1500E-02
3.0581E+00    2.0680  3.4300E-02
3.0675E+00    2.0620  3.7200E-02
3.0769E+00    2.0570  4.1400E-02
3.0864E+00    2.0520  4.5000E-02
3.0960E+00    2.0460  4.8600E-02
3.1056E+00    2.0410  5.4400E-02
3.1153E+00    2.0360  5.9400E-02
3.1250E+00    2.0310  6.3100E-02
3.1348E+00    2.0250  6.6800E-02
3.1447E+00    2.0170  7.0600E-02
3.1546E+00    2.0050  7.4300E-02
3.1646E+00    1.9920  8.8100E-02
3.1746E+00    1.9810  9.9700E-02
3.1847E+00    1.9700  1.1790E-01
3.1949E+00    1.9560  1.3620E-01
3.2051E+00    1.9510  1.7980E-01
3.2154E+00    1.9670  2.1650E-01
3.2258E+00    2.0160  2.5700E-01
3.2362E+00    2.0560  2.2510E-01
3.2468E+00    2.0810  2.0770E-01
3.2573E+00    2.0830  1.6810E-01
3.2680E+00    2.0350  1.0270E-01
3.2787E+00    1.9710  1.5160E-01
3.2895E+00    1.9490  1.8450E-01
3.3003E+00    1.9360  2.2220E-01
3.3113E+00    1.9250  2.6010E-01
3.3223E+00    1.9370  3.2060E-01
3.3333E+00    1.9680  3.5310E-01
3.3445E+00    1.9980  3.6780E-01
3.3557E+00    2.0130  3.7350E-01
3.3670E+00    2.0150  3.8610E-01
3.3784E+00    2.0150  4.1700E-01
3.3898E+00    2.0350  4.6780E-01
3.4014E+00    2.0760  5.0380E-01
3.4130E+00    2.1170  5.2080E-01
3.4247E+00    2.1640  5.5720E-01
3.4364E+00    2.2440  5.8610E-01
3.4483E+00    2.3510  5.6880E-01
3.4602E+00    2.4290  4.7750E-01
3.4722E+00    2.4270  3.5840E-01
3.4843E+00    2.3830  3.2450E-01
3.4965E+00    2.3440  3.0210E-01
3.5088E+00    2.3170  3.0870E-01
3.5211E+00    2.2930  3.2000E-01
3.5336E+00    2.2910  3.4890E-01
3.5461E+00    2.2780  3.6210E-01
3.5587E+00    2.2570  4.0330E-01
3.5714E+00    2.3470  5.6900E-01
3.5842E+00    2.5160  5.2280E-01
3.5971E+00    2.5880  3.7940E-01
3.6101E+00    2.5760  3.1600E-01
3.6232E+00    2.5600  2.6020E-01
3.6364E+00    2.5450  2.3660E-01
3.6496E+00    2.5340  2.0880E-01
3.6630E+00    2.5240  1.8910E-01
3.6765E+00    2.5170  1.7740E-01
3.6900E+00    2.5130  1.5730E-01
3.7037E+00    2.5070  1.4130E-01
3.7175E+00    2.4990  1.2510E-01
3.7313E+00    2.4890  1.0890E-01
3.7453E+00    2.4790  1.0090E-01
3.7594E+00    2.4700  8.8600E-02
3.7736E+00    2.4610  8.2100E-02
3.7879E+00    2.4530  7.4800E-02
3.8023E+00    2.4460  6.8300E-02
3.8168E+00    2.4370  6.3400E-02
3.8314E+00    2.4320  5.9300E-02
3.8462E+00    2.4260  5.4400E-02
3.8610E+00    2.4220  5.0300E-02
3.8760E+00    2.4150  4.3500E-02
3.8911E+00    2.4060  3.9300E-02
3.9063E+00    2.4030  4.6500E-02
3.9216E+00    2.4030  3.5200E-02
3.9370E+00    2.3980  3.3600E-02
3.9526E+00    2.3920  2.6600E-02
3.9683E+00    2.3860  2.4900E-02
3.9841E+00    2.3810  2.3700E-02
4.0000E+00    2.3780  2.2400E-02
4.0161E+00    2.3730  1.8900E-02
4.0323E+00    2.3690  1.8100E-02
4.0486E+00    2.3650  1.7300E-02
4.0650E+00    2.3620  1.6000E-02
4.0816E+00    2.3580  1.3700E-02
4.0984E+00    2.3550  1.2400E-02
4.1152E+00    2.3510  1.0600E-02
4.1322E+00    2.3480  9.7000E-03
4.1494E+00    2.3450  8.8000E-03
4.1667E+00    2.3420  7.5000E-03
4.1841E+00    2.3390  6.1000E-03
4.2017E+00    2.3360  5.2000E-03
4.2194E+00    2.3320  4.7000E-03
4.2373E+00    2.3300  4.3000E-03
4.2553E+00    2.3270  2.9000E-03
4.2735E+00    2.3240  1.9000E-03
4.2918E+00    2.3200  1.4000E-03
4.3103E+00    2.3170  1.5000E-03
4.3290E+00    2.3140  1.5000E-03
4.3478E+00    2.3110  1.5000E-03
4.3668E+00    2.3080  2.0000E-03
4.3860E+00    2.3050  3.0000E-03
4.4053E+00    2.3030  4.0000E-03
4.4248E+00    2.3020  4.5000E-03
4.4444E+00    2.3000  5.0000E-03
4.4643E+00    2.3000  5.0000E-03
4.4843E+00    2.2970  3.0000E-03
4.5045E+00    2.2950  3.0000E-03
4.5249E+00    2.2920  3.6000E-03
4.5455E+00    2.2900  3.1000E-03
4.5662E+00    2.2870  3.1000E-03
4.5872E+00    2.2850  3.1000E-03
4.6083E+00    2.2810  3.6000E-03
4.6296E+00    2.2770  4.7000E-03
4.6512E+00    2.2730  7.8000E-03
4.6729E+00    2.2700  1.1500E-02
4.6948E+00    2.2680  1.7400E-02
4.7170E+00    2.2690  2.1200E-02
4.7393E+00    2.2700  2.5500E-02
4.7619E+00    2.2730  2.9400E-02
4.7847E+00    2.2760  3.0600E-02
4.8077E+00    2.2810  3.1800E-02
4.8309E+00    2.2840  2.9300E-02
4.8544E+00    2.2860  2.7200E-02
4.8780E+00    2.2860  2.1900E-02
4.9020E+00    2.2850  2.2000E-02
4.9261E+00    2.2850  2.1000E-02
4.9505E+00    2.2850  1.7800E-02
4.9751E+00    2.2830  1.5600E-02
5.0000E+00    2.2820  1.3500E-02
5.0251E+00    2.2790  1.1300E-02
5.0505E+00    2.2760  1.1300E-02
5.0761E+00    2.2730  1.1400E-02
5.1020E+00    2.2710  1.0300E-02
5.1282E+00    2.2680  1.0400E-02
5.1546E+00    2.2650  1.0400E-02
5.1813E+00    2.2610  1.0500E-02
5.2083E+00    2.2570  1.1700E-02
5.2356E+00    2.2510  1.4100E-02
5.2632E+00    2.2460  2.0100E-02
5.2910E+00    2.2420  2.6100E-02
5.3191E+00    2.2430  3.5800E-02
5.3476E+00    2.2440  4.2000E-02
5.3763E+00    2.2480  4.8300E-02
5.4054E+00    2.2500  5.4600E-02
5.4348E+00    2.2580  6.2200E-02
5.4645E+00    2.2620  6.3800E-02
5.4945E+00    2.2730  7.4000E-02
5.5249E+00    2.2960  8.3100E-02
5.5556E+00    2.3180  5.6100E-02
5.5866E+00    2.3150  3.1300E-02
5.6180E+00    2.3060  2.2700E-02
5.6497E+00    2.2990  1.9000E-02
5.6818E+00    2.2940  1.4000E-02
5.7143E+00    2.2880  1.2800E-02
5.7471E+00    2.2850  1.2900E-02
5.7803E+00    2.2810  1.3000E-02
5.8140E+00    2.2780  1.0400E-02
5.8480E+00    2.2760  1.4400E-02
5.8824E+00    2.2770  1.1900E-02
5.9172E+00    2.2710  6.6000E-03
5.9524E+00    2.2690  1.3400E-02
5.9880E+00    2.2640  9.4000E-03
6.0241E+00    2.2640  1.7600E-02
6.0606E+00    2.2650  2.0400E-02
6.0976E+00    2.2670  1.3700E-02
6.1350E+00    2.2670  2.2000E-02
6.1728E+00    2.2720  1.2500E-02
6.2112E+00    2.2670  7.0000E-03
6.2500E+00    2.2620  7.0000E-03
6.2893E+00    2.2580  7.1000E-03
6.3291E+00    2.2570  5.7000E-03
6.3694E+00    2.2520  5.7000E-03
6.4103E+00    2.2500  5.0000E-03
6.4516E+00    2.2450  4.3000E-03
6.4935E+00    2.2420  1.5000E-03
6.5359E+00    2.2330  0.0000E+00
6.5789E+00    2.2270  3.0000E-03
6.6225E+00    2.2170  3.0000E-03
6.6667E+00    2.2110  6.7000E-03
6.7114E+00    2.1970  9.0000E-03
6.7568E+00    2.1890  1.5200E-02
6.8027E+00    2.1700  2.2900E-02
6.8493E+00    2.1580  3.0700E-02
6.8966E+00    2.1190  4.6400E-02
6.9444E+00    2.0410  7.0100E-02
6.9832E+00    2.0440  2.5230E-01
6.9930E+00    2.0960  2.9820E-01
7.0028E+00    2.1560  2.6720E-01
7.0323E+00    2.1470  1.7360E-01
7.0423E+00    2.0400  1.4220E-01
7.0472E+00    2.0010  2.0240E-01
7.0872E+00    2.1760  6.8700E-01
7.0922E+00    2.3310  7.4800E-01
7.0972E+00    2.4310  6.8970E-01
7.1429E+00    2.6260  1.6030E-01
7.1942E+00    2.4720  6.4600E-02
7.2464E+00    2.3970  5.8500E-02
7.2993E+00    2.3880  4.9100E-02
7.3529E+00    2.3700  3.3000E-02
7.4074E+00    2.3600  2.4900E-02
7.4627E+00    2.3430  1.6700E-02
7.5188E+00    2.3350  1.6900E-02
7.5758E+00    2.3250  1.5300E-02
7.6336E+00    2.3220  1.4600E-02
7.6923E+00    2.3140  1.3800E-02
7.7519E+00    2.3120  1.3000E-02
7.8125E+00    2.3060  1.2300E-02
7.8740E+00    2.3040  1.2400E-02
7.9365E+00    2.3000  1.2500E-02
8.0000E+00    2.2990  1.2600E-02
8.0645E+00    2.2950  1.0900E-02
8.1301E+00    2.2930  1.2800E-02
8.1967E+00    2.2910  1.2900E-02
8.2645E+00    2.2900  1.3000E-02
8.3333E+00    2.2870  1.2200E-02
8.4034E+00    2.2850  1.3200E-02
8.4746E+00    2.2820  1.5200E-02
8.5470E+00    2.2820  1.7300E-02
8.6207E+00    2.2810  1.7400E-02
8.6957E+00    2.2810  1.8500E-02
8.7719E+00    2.2800  1.9700E-02
8.8496E+00    2.2800  1.9900E-02
8.9286E+00    2.2800  2.0000E-02
9.0090E+00    2.2790  2.0200E-02
9.0909E+00    2.2780  2.0400E-02
9.1743E+00    2.2710  2.0600E-02
9.2593E+00    2.2670  3.1200E-02
9.3458E+00    2.2880  5.8700E-02
9.4340E+00    2.3030  2.1200E-02
9.5238E+00    2.2950  1.8200E-02
9.6154E+00    2.2890  1.9400E-02
9.7087E+00    2.2890  1.5300E-02
9.8039E+00    2.2860  1.7600E-02
9.9010E+00    2.2900  1.7800E-02
1.0000E+01    2.2870  9.0000E-03
1.0101E+01    2.2820  9.1000E-03
1.0204E+01    2.2780  1.1400E-02
1.0309E+01    2.2770  1.2700E-02
1.0417E+01    2.2750  1.5200E-02
1.0526E+01    2.2760  1.6500E-02
1.0638E+01    2.2750  1.7900E-02
1.0753E+01    2.2750  1.9300E-02
1.0870E+01    2.2760  2.2000E-02
1.0989E+01    2.2790  2.2200E-02
1.1111E+01    2.2800  2.1200E-02
1.1236E+01    2.2820  2.2700E-02
1.1364E+01    2.2850  2.3000E-02
1.1494E+01    2.2890  1.8100E-02
1.1628E+01    2.2890  1.3000E-02
1.1765E+01    2.2880  1.0600E-02
1.1905E+01    2.2860  5.3000E-03
1.2048E+01    2.2830  4.1000E-03
1.2195E+01    2.2810  2.7000E-03
1.2346E+01    2.2780  1.4000E-03
1.2500E+01    2.2760  1.4000E-03
1.2658E+01    2.2740  0.0000E+00
1.2821E+01    2.2710  0.0000E+00
1.2987E+01    2.2690  0.0000E+00
1.3158E+01    2.2670  0.0000E+00
1.3333E+01    2.2650  0.0000E+00
1.3514E+01    2.2630  0.0000E+00
1.3699E+01    2.2610  0.0000E+00
1.3889E+01    2.2590  0.0000E+00
1.4085E+01    2.2570  0.0000E+00
1.4286E+01    2.2550  0.0000E+00
1.4493E+01    2.2510  0.0000E+00
1.4706E+01    2.2490  0.0000E+00
1.4925E+01    2.2430  0.0000E+00
1.5152E+01    2.2400  3.4000E-03
1.5385E+01    2.2350  6.9000E-03
1.5625E+01    2.2340  1.0500E-02
1.5873E+01    2.2290  1.4200E-02
1.6129E+01    2.2260  1.8100E-02
1.6393E+01    2.2290  3.6800E-02
1.6667E+01    2.2390  2.9900E-02
1.6949E+01    2.2400  3.0400E-02
1.7241E+01    2.2440  2.7100E-02
1.7544E+01    2.2390  1.9700E-02
1.7857E+01    2.2360  2.0000E-02
1.8182E+01    2.2320  2.0400E-02
1.8519E+01    2.2250  6.2000E-03
1.8868E+01    2.2080  1.4800E-02
1.9231E+01    2.2000  1.2900E-02
1.9608E+01    2.1670  1.3200E-02
2.0000E+01    2.1570  5.1600E-02
2.0408E+01    2.1740  9.1600E-02
2.0833E+01    2.1470  1.4000E-02
2.1277E+01    2.0800  1.1940E-01
2.1739E+01    2.0790  1.9510E-01
2.2222E+01    2.2130  3.4910E-01
2.2727E+01    2.2130  3.4910E-01
2.3000E+01    2.2130  3.4910E-01
2.5000E+01    2.2130  3.4910E-01
3.0000E+01    2.2130  3.4910E-01
3.5000E+01    2.2130  3.4910E-01
4.0000E+01    2.2130  3.4910E-01
4.5000E+01    2.2130  3.4910E-01
5.0000E+01    2.2130  3.4910E-01
6.0000E+01    2.2130  3.4910E-01
7.0000E+01    2.2130  3.4910E-01
8.0000E+01    2.2130  3.4910E-01
9.0000E+01    2.2130  3.4910E-01
1.0000E+02    2.2130  3.4910E-01
1.2000E+02    2.2130  3.4910E-01
1.5000E+02    2.2130  3.4910E-01
2.0000E+02    2.2130  3.4910E-01
2.5000E+02    2.2130  3.4910E-01
3.0000E+02    2.2130  3.4910E-01
4.0000E+02    2.2130  3.4910E-01
5.0000E+02    2.2130  3.4910E-01
9.9999E+02    2.2130  3.4910E-01

