  0.33999998867511749       0.51500000059604645       0.73000001907348633        1.0850000381469727        1.6700000166893005        2.2599999904632568        3.0000000000000000        3.9500000476837158        6.5499999523162842        14.349999904632568        172.33999633789062     
      100001   10000000.000000000        1.0689581390222716E-003   0.0000000000000000        0.0000000000000000        0.0000000000000000        0.0000000000000000        0.0000000000000000        0.0000000000000000        0.0000000000000000        0.0000000000000000        0.0000000000000000        0.0000000000000000        0.0000000000000000     
      100001   10000000.000000000        1.2196981497436732E-003   0.0000000000000000        0.0000000000000000        0.0000000000000000        0.0000000000000000        0.0000000000000000        0.0000000000000000        0.0000000000000000        0.0000000000000000        0.0000000000000000        0.0000000000000000        0.0000000000000000     
      100001   10000000.000000000        1.3916948869942074E-003   0.0000000000000000        0.0000000000000000        0.0000000000000000        0.0000000000000000        0.0000000000000000        0.0000000000000000        0.0000000000000000        0.0000000000000000        0.0000000000000000        0.0000000000000000        0.0000000000000000     
      100001   10000000.000000000        1.5879458855396764E-003   0.0000000000000000        0.0000000000000000        0.0000000000000000        0.0000000000000000        0.0000000000000000        0.0000000000000000        0.0000000000000000        0.0000000000000000        0.0000000000000000        0.0000000000000000        0.0000000000000000     
      100001   10000000.000000000        1.8118713799750257E-003   0.0000000000000000        0.0000000000000000        0.0000000000000000        0.0000000000000000        0.0000000000000000        0.0000000000000000        0.0000000000000000        0.0000000000000000        0.0000000000000000        0.0000000000000000        0.0000000000000000     
      100001   10000000.000000000        2.0673739120882551E-003   0.0000000000000000        0.0000000000000000        0.0000000000000000        0.0000000000000000        0.0000000000000000        0.0000000000000000        0.0000000000000000        0.0000000000000000        0.0000000000000000        0.0000000000000000        0.0000000000000000     
      100001   10000000.000000000        2.3589063438057079E-003   0.0000000000000000        0.0000000000000000        0.0000000000000000        0.0000000000000000        0.0000000000000000        0.0000000000000000        0.0000000000000000        0.0000000000000000        0.0000000000000000        0.0000000000000000        0.0000000000000000     
      100001   10000000.000000000        2.6915494610388023E-003   0.0000000000000000        0.0000000000000000        0.0000000000000000        0.0000000000000000        0.0000000000000000        0.0000000000000000        0.0000000000000000        0.0000000000000000        0.0000000000000000        0.0000000000000000        0.0000000000000000     
      100001   10000000.000000000        3.0711005209009459E-003   0.0000000000000000        0.0000000000000000        0.0000000000000000        0.0000000000000000        0.0000000000000000        0.0000000000000000        0.0000000000000000        0.0000000000000000        0.0000000000000000        0.0000000000000000        0.0000000000000000     
      100001   10000000.000000000        3.5041742854831017E-003   0.0000000000000000        0.0000000000000000        0.0000000000000000        0.0000000000000000        0.0000000000000000        0.0000000000000000        0.0000000000000000        0.0000000000000000        0.0000000000000000        0.0000000000000000        0.0000000000000000     
      100001   10000000.000000000        3.9983183029902039E-003   0.0000000000000000        0.0000000000000000        0.0000000000000000        0.0000000000000000        0.0000000000000000        0.0000000000000000        0.0000000000000000        0.0000000000000000        0.0000000000000000        0.0000000000000000        0.0000000000000000     
      100001   10000000.000000000        4.5621444453418439E-003   0.0000000000000000        0.0000000000000000        0.0000000000000000        0.0000000000000000        0.0000000000000000        0.0000000000000000        0.0000000000000000        0.0000000000000000        0.0000000000000000        0.0000000000000000        0.0000000000000000     
      100001   10000000.000000000        5.2054789946558285E-003   0.0000000000000000        0.0000000000000000        0.0000000000000000        0.0000000000000000        0.0000000000000000        0.0000000000000000        0.0000000000000000        0.0000000000000000        0.0000000000000000        0.0000000000000000        0.0000000000000000     
      100001   10000000.000000000        5.9395338943005844E-003   0.0000000000000000        0.0000000000000000        0.0000000000000000        0.0000000000000000        0.0000000000000000        0.0000000000000000        0.0000000000000000        0.0000000000000000        0.0000000000000000        0.0000000000000000        0.0000000000000000     
      100001   10000000.000000000        6.7771021490555467E-003   0.0000000000000000        0.0000000000000000        0.0000000000000000        0.0000000000000000        0.0000000000000000        0.0000000000000000        0.0000000000000000        0.0000000000000000        0.0000000000000000        0.0000000000000000        0.0000000000000000     
      100001   10000000.000000000        7.7327807797857116E-003   0.0000000000000000        0.0000000000000000        0.0000000000000000        0.0000000000000000        0.0000000000000000        0.0000000000000000        0.0000000000000000        0.0000000000000000        0.0000000000000000        0.0000000000000000        0.0000000000000000     
      100001   10000000.000000000        8.8232252182529648E-003   0.0000000000000000        0.0000000000000000        0.0000000000000000        0.0000000000000000        0.0000000000000000        0.0000000000000000        0.0000000000000000        0.0000000000000000        0.0000000000000000        0.0000000000000000        0.0000000000000000     
      100001   10000000.000000000        1.0067439575620863E-002   0.0000000000000000        0.0000000000000000        0.0000000000000000        0.0000000000000000        0.0000000000000000        0.0000000000000000        0.0000000000000000        0.0000000000000000        0.0000000000000000        0.0000000000000000        0.0000000000000000     
      100001   10000000.000000000        1.1487107843411212E-002   0.0000000000000000        0.0000000000000000        0.0000000000000000        0.0000000000000000        0.0000000000000000        0.0000000000000000        0.0000000000000000        0.0000000000000000        0.0000000000000000        0.0000000000000000        0.0000000000000000     
      100001   10000000.000000000        1.3106971799035774E-002   0.0000000000000000        0.0000000000000000        0.0000000000000000        0.0000000000000000        0.0000000000000000        0.0000000000000000        0.0000000000000000        0.0000000000000000        0.0000000000000000        0.0000000000000000        0.0000000000000000     
      100001   10000000.000000000        1.4955262201987275E-002   0.0000000000000000        0.0000000000000000        0.0000000000000000        0.0000000000000000        0.0000000000000000        0.0000000000000000        0.0000000000000000        0.0000000000000000        0.0000000000000000        0.0000000000000000        0.0000000000000000     
      100001   10000000.000000000        1.7064190795515619E-002   0.0000000000000000        0.0000000000000000        0.0000000000000000        0.0000000000000000        0.0000000000000000        0.0000000000000000        0.0000000000000000        0.0000000000000000        0.0000000000000000        0.0000000000000000        0.0000000000000000     
      100001   10000000.000000000        1.9470511688325115E-002   0.0000000000000000        0.0000000000000000        0.0000000000000000        0.0000000000000000        0.0000000000000000        0.0000000000000000        0.0000000000000000        0.0000000000000000        0.0000000000000000        0.0000000000000000        0.0000000000000000     
      100001   10000000.000000000        2.2216161899973073E-002   0.0000000000000000        0.0000000000000000        0.0000000000000000        0.0000000000000000        0.0000000000000000        0.0000000000000000        0.0000000000000000        0.0000000000000000        0.0000000000000000        0.0000000000000000        0.0000000000000000     
      100001   10000000.000000000        2.5348992233304328E-002   0.0000000000000000        0.0000000000000000        0.0000000000000000        0.0000000000000000        0.0000000000000000        0.0000000000000000        0.0000000000000000        0.0000000000000000        0.0000000000000000        0.0000000000000000        0.0000000000000000     
      100001   10000000.000000000        2.8923601211463194E-002   0.0000000000000000        0.0000000000000000        0.0000000000000000        0.0000000000000000        0.0000000000000000        0.0000000000000000        0.0000000000000000        0.0000000000000000        0.0000000000000000        0.0000000000000000        0.0000000000000000     
      100001   10000000.000000000        3.3002286613218350E-002   0.0000000000000000        0.0000000000000000        0.0000000000000000        0.0000000000000000        0.0000000000000000        0.0000000000000000        0.0000000000000000        0.0000000000000000        0.0000000000000000        0.0000000000000000        0.0000000000000000     
      100001   10000000.000000000        3.7656131189823985E-002   0.0000000000000000        0.0000000000000000        0.0000000000000000        0.0000000000000000        0.0000000000000000        0.0000000000000000        0.0000000000000000        0.0000000000000000        0.0000000000000000        0.0000000000000000        0.0000000000000000     
      100001   10000000.000000000        4.2966241485136766E-002   0.0000000000000000        0.0000000000000000        0.0000000000000000        0.0000000000000000        0.0000000000000000        0.0000000000000000        0.0000000000000000        0.0000000000000000        0.0000000000000000        0.0000000000000000        0.0000000000000000     
      100001   10000000.000000000        4.9025161348969587E-002   0.0000000000000000        0.0000000000000000        0.0000000000000000        0.0000000000000000        0.0000000000000000        0.0000000000000000        0.0000000000000000        0.0000000000000000        0.0000000000000000        0.0000000000000000        0.0000000000000000     
      100001   10000000.000000000        5.5938484778193291E-002   0.0000000000000000        0.0000000000000000        0.0000000000000000        0.0000000000000000        0.0000000000000000        0.0000000000000000        0.0000000000000000        0.0000000000000000        0.0000000000000000        0.0000000000000000        0.0000000000000000     
      100001   10000000.000000000        6.3826696193952093E-002   0.0000000000000000        0.0000000000000000        0.0000000000000000        0.0000000000000000        0.0000000000000000        0.0000000000000000        0.0000000000000000        0.0000000000000000        0.0000000000000000        0.0000000000000000        0.0000000000000000     
      100001   10000000.000000000        7.2827270227083157E-002   0.0000000000000000        0.0000000000000000        0.0000000000000000        0.0000000000000000        0.0000000000000000        0.0000000000000000        0.0000000000000000        0.0000000000000000        0.0000000000000000        0.0000000000000000        0.0000000000000000     
      100001   10000000.000000000        8.3097067606503469E-002   0.0000000000000000        0.0000000000000000        0.0000000000000000        0.0000000000000000        0.0000000000000000        0.0000000000000000        0.0000000000000000        0.0000000000000000        0.0000000000000000        0.0000000000000000        0.0000000000000000     
      100001   10000000.000000000        9.4815068905766964E-002   0.0000000000000000        0.0000000000000000        0.0000000000000000        0.0000000000000000        0.0000000000000000        0.0000000000000000        0.0000000000000000        0.0000000000000000        0.0000000000000000        0.0000000000000000        0.0000000000000000     
      100001   10000000.000000000       0.10818549379114023        0.0000000000000000        0.0000000000000000        0.0000000000000000        0.0000000000000000        0.0000000000000000        0.0000000000000000        0.0000000000000000        0.0000000000000000        0.0000000000000000        0.0000000000000000        0.0000000000000000     
      100001   10000000.000000000       0.12344136013300884        0.0000000000000000        0.0000000000000000        0.0000000000000000        0.0000000000000000        0.0000000000000000        0.0000000000000000        0.0000000000000000        0.0000000000000000        0.0000000000000000        0.0000000000000000        0.0000000000000000     
      100001   10000000.000000000       0.14084854500830590        0.0000000000000000        0.0000000000000000        0.0000000000000000        0.0000000000000000        0.0000000000000000        0.0000000000000000        0.0000000000000000        0.0000000000000000        0.0000000000000000        0.0000000000000000        0.0000000000000000     
      100001   10000000.000000000       0.16071041836853428        0.0000000000000000        0.0000000000000000        0.0000000000000000        0.0000000000000000        0.0000000000000000        0.0000000000000000        0.0000000000000000        0.0000000000000000        0.0000000000000000        0.0000000000000000        0.0000000000000000     
      100001   10000000.000000000       0.18337313012829648        0.0000000000000000        0.0000000000000000        0.0000000000000000        0.0000000000000000        0.0000000000000000        0.0000000000000000        0.0000000000000000        0.0000000000000000        0.0000000000000000        0.0000000000000000        0.0000000000000000     
      100001   10000000.000000000       0.20923164281695886        0.0000000000000000        0.0000000000000000        0.0000000000000000        0.0000000000000000        0.0000000000000000        0.0000000000000000        0.0000000000000000        0.0000000000000000        0.0000000000000000        0.0000000000000000        0.0000000000000000     
      100001   10000000.000000000       0.23873661492964832        0.0000000000000000        0.0000000000000000        0.0000000000000000        0.0000000000000000        0.0000000000000000        0.0000000000000000        0.0000000000000000        0.0000000000000000        0.0000000000000000        0.0000000000000000        0.0000000000000000     
      100001   10000000.000000000       0.27240225493965087        0.0000000000000000        0.0000000000000000        0.0000000000000000        0.0000000000000000        0.0000000000000000        0.0000000000000000        0.0000000000000000        0.0000000000000000        0.0000000000000000        0.0000000000000000        0.0000000000000000     
      100001   10000000.000000000       0.31081528285082299        0.0000000000000000        0.0000000000000000        0.0000000000000000        0.0000000000000000        0.0000000000000000        0.0000000000000000        0.0000000000000000        0.0000000000000000        0.0000000000000000        0.0000000000000000        0.0000000000000000     
      100001   10000000.000000000       0.35464515547068237        0.0000000000000000        0.0000000000000000        0.0000000000000000        0.0000000000000000        0.0000000000000000        0.0000000000000000        0.0000000000000000        0.0000000000000000        0.0000000000000000        0.0000000000000000        0.0000000000000000     
      100001   10000000.000000000       0.40465573360879348        0.0000000000000000        0.0000000000000000        0.0000000000000000        0.0000000000000000        0.0000000000000000        0.0000000000000000        0.0000000000000000        0.0000000000000000        0.0000000000000000        0.0000000000000000        0.0000000000000000     
      100001   10000000.000000000       0.46171859453472086        0.0000000000000000        0.0000000000000000        0.0000000000000000        0.0000000000000000        0.0000000000000000        0.0000000000000000        0.0000000000000000        0.0000000000000000        0.0000000000000000        0.0000000000000000        0.0000000000000000     
      100001   10000000.000000000       0.52682822170318433        0.0000000000000000        0.0000000000000000        0.0000000000000000        0.0000000000000000        0.0000000000000000        0.0000000000000000        0.0000000000000000        0.0000000000000000        0.0000000000000000        0.0000000000000000        0.0000000000000000     
      100001   10000000.000000000       0.60111933647079374        0.0000000000000000        0.0000000000000000        0.0000000000000000        0.0000000000000000        0.0000000000000000        0.0000000000000000        0.0000000000000000        0.0000000000000000        0.0000000000000000        0.0000000000000000        0.0000000000000000     
      100001   10000000.000000000       0.68588667385907409        0.0000000000000000        0.0000000000000000        0.0000000000000000        0.0000000000000000        0.0000000000000000        0.0000000000000000        0.0000000000000000        0.0000000000000000        0.0000000000000000        0.0000000000000000        0.0000000000000000     
      100001   10000000.000000000       0.78260754701295565        0.0000000000000000        0.0000000000000000        0.0000000000000000        0.0000000000000000        0.0000000000000000        0.0000000000000000        0.0000000000000000        0.0000000000000000        0.0000000000000000        0.0000000000000000        0.0000000000000000     
      100001   10000000.000000000       0.89296759360494360        0.0000000000000000        0.0000000000000000        0.0000000000000000        0.0000000000000000        0.0000000000000000        0.0000000000000000        0.0000000000000000        0.0000000000000000        0.0000000000000000        0.0000000000000000        0.0000000000000000     
      100001   10000000.000000000        1.0188901528896228        0.0000000000000000        0.0000000000000000        0.0000000000000000        0.0000000000000000        0.0000000000000000        0.0000000000000000        0.0000000000000000        0.0000000000000000        0.0000000000000000        0.0000000000000000        0.0000000000000000     
      100001   10000000.000000000        1.1625697853876660        0.0000000000000000        0.0000000000000000        0.0000000000000000        0.0000000000000000        0.0000000000000000        0.0000000000000000        0.0000000000000000        0.0000000000000000        0.0000000000000000        0.0000000000000000        0.0000000000000000     
      100001   10000000.000000000        1.3265105193756241        0.0000000000000000        0.0000000000000000        0.0000000000000000        0.0000000000000000        0.0000000000000000        0.0000000000000000        0.0000000000000000        0.0000000000000000        0.0000000000000000        0.0000000000000000        0.0000000000000000     
      100001   10000000.000000000        1.5135694907359289        0.0000000000000000        0.0000000000000000        0.0000000000000000        0.0000000000000000        0.0000000000000000        0.0000000000000000        0.0000000000000000        0.0000000000000000        0.0000000000000000        0.0000000000000000        0.0000000000000000     
      100001   10000000.000000000        1.7270067367162087        0.0000000000000000        0.0000000000000000        0.0000000000000000        0.0000000000000000        0.0000000000000000        0.0000000000000000        0.0000000000000000        0.0000000000000000        0.0000000000000000        0.0000000000000000        0.0000000000000000     
      100001   10000000.000000000        1.9705420113965120        0.0000000000000000        0.0000000000000000        0.0000000000000000        0.0000000000000000        0.0000000000000000        0.0000000000000000        0.0000000000000000        0.0000000000000000        0.0000000000000000        0.0000000000000000        0.0000000000000000     
      100001   10000000.000000000        2.2484196130363379        0.0000000000000000        0.0000000000000000        0.0000000000000000        0.0000000000000000        0.0000000000000000        0.0000000000000000        0.0000000000000000        0.0000000000000000        0.0000000000000000        0.0000000000000000        0.0000000000000000     
      100001   10000000.000000000        2.5654823531033211        0.0000000000000000        0.0000000000000000        0.0000000000000000        0.0000000000000000        0.0000000000000000        0.0000000000000000        0.0000000000000000        0.0000000000000000        0.0000000000000000        0.0000000000000000        0.0000000000000000     
      100001   10000000.000000000        2.9272559561052840        0.0000000000000000        0.0000000000000000        0.0000000000000000        0.0000000000000000        0.0000000000000000        0.0000000000000000        0.0000000000000000        0.0000000000000000        0.0000000000000000        0.0000000000000000        0.0000000000000000     
      100001   10000000.000000000        3.3400453611339898        0.0000000000000000        0.0000000000000000        0.0000000000000000        0.0000000000000000        0.0000000000000000        0.0000000000000000        0.0000000000000000        0.0000000000000000        0.0000000000000000        0.0000000000000000        0.0000000000000000     
      100001   10000000.000000000        3.8110446034502616        0.0000000000000000        0.0000000000000000        0.0000000000000000        0.0000000000000000        0.0000000000000000        0.0000000000000000        0.0000000000000000        0.0000000000000000        0.0000000000000000        0.0000000000000000        0.0000000000000000     
      100001   10000000.000000000        4.3484621911111532        0.0000000000000000        0.0000000000000000        0.0000000000000000        0.0000000000000000        0.0000000000000000        0.0000000000000000        0.0000000000000000        0.0000000000000000        0.0000000000000000        0.0000000000000000        0.0000000000000000     
      100001   10000000.000000000        4.9616641616852748        0.0000000000000000        0.0000000000000000        0.0000000000000000        0.0000000000000000        0.0000000000000000        0.0000000000000000        0.0000000000000000        0.0000000000000000        0.0000000000000000        0.0000000000000000        0.0000000000000000     
      100001   10000000.000000000        5.6613373122284019        0.0000000000000000        0.0000000000000000        0.0000000000000000        0.0000000000000000        0.0000000000000000        0.0000000000000000        0.0000000000000000        0.0000000000000000        0.0000000000000000        0.0000000000000000        0.0000000000000000     
      100001   10000000.000000000        6.4596754472683076        0.0000000000000000        0.0000000000000000        0.0000000000000000        0.0000000000000000        0.0000000000000000        0.0000000000000000        0.0000000000000000        0.0000000000000000        0.0000000000000000        0.0000000000000000        0.0000000000000000     
      100001   10000000.000000000        7.3705918907023094        0.0000000000000000        0.0000000000000000        0.0000000000000000        0.0000000000000000        0.0000000000000000        0.0000000000000000        0.0000000000000000        0.0000000000000000        0.0000000000000000        0.0000000000000000        0.0000000000000000     
      100001   10000000.000000000        8.4099619652346558        0.0000000000000000        0.0000000000000000        0.0000000000000000        0.0000000000000000        0.0000000000000000        0.0000000000000000        0.0000000000000000        0.0000000000000000        0.0000000000000000        0.0000000000000000        0.0000000000000000     
      100001   10000000.000000000        9.5958996652512187        0.0000000000000000        0.0000000000000000        0.0000000000000000        0.0000000000000000        0.0000000000000000        0.0000000000000000        0.0000000000000000        0.0000000000000000        0.0000000000000000        0.0000000000000000        0.0000000000000000     
      100001   10000000.000000000        10.949073344946934        0.0000000000000000        0.0000000000000000        0.0000000000000000        0.0000000000000000        0.0000000000000000        0.0000000000000000        0.0000000000000000        0.0000000000000000        0.0000000000000000        0.0000000000000000        0.0000000000000000     
      100001   10000000.000000000        12.493065923474193        0.0000000000000000        0.0000000000000000        0.0000000000000000        0.0000000000000000        0.0000000000000000        0.0000000000000000        0.0000000000000000        0.0000000000000000        0.0000000000000000        0.0000000000000000        0.0000000000000000     
      100001   10000000.000000000        14.254785884716229        0.0000000000000000        0.0000000000000000        0.0000000000000000        0.0000000000000000        0.0000000000000000        0.0000000000000000        0.0000000000000000        0.0000000000000000        0.0000000000000000        0.0000000000000000        0.0000000000000000     
      100001   10000000.000000000        16.264936234531397        0.0000000000000000        0.0000000000000000        0.0000000000000000        0.0000000000000000        0.0000000000000000        0.0000000000000000        0.0000000000000000        0.0000000000000000        0.0000000000000000        0.0000000000000000        0.0000000000000000     
      100001   10000000.000000000        18.558549588388910        0.0000000000000000        0.0000000000000000        0.0000000000000000        0.0000000000000000        0.0000000000000000        0.0000000000000000        0.0000000000000000        0.0000000000000000        0.0000000000000000        0.0000000000000000        0.0000000000000000     
      100001   10000000.000000000        21.175598714827274        0.0000000000000000        0.0000000000000000        0.0000000000000000        0.0000000000000000        0.0000000000000000        0.0000000000000000        0.0000000000000000        0.0000000000000000        0.0000000000000000        0.0000000000000000        0.0000000000000000     
      100001   10000000.000000000        24.161693175200348        0.0000000000000000        0.0000000000000000        0.0000000000000000        0.0000000000000000        0.0000000000000000        0.0000000000000000        0.0000000000000000        0.0000000000000000        0.0000000000000000        0.0000000000000000        0.0000000000000000     
      100001   10000000.000000000        27.568874200650214        0.0000000000000000        0.0000000000000000        0.0000000000000000        0.0000000000000000        0.0000000000000000        0.0000000000000000        0.0000000000000000        0.0000000000000000        0.0000000000000000        0.0000000000000000        0.0000000000000000     
      100001   10000000.000000000        31.456521659309406        0.0000000000000000        0.0000000000000000        0.0000000000000000        0.0000000000000000        0.0000000000000000        0.0000000000000000        0.0000000000000000        0.0000000000000000        0.0000000000000000        0.0000000000000000        0.0000000000000000     
      100001   10000000.000000000        35.892388920228861        0.0000000000000000        0.0000000000000000        0.0000000000000000        0.0000000000000000        0.0000000000000000        0.0000000000000000        0.0000000000000000        0.0000000000000000        0.0000000000000000        0.0000000000000000        0.0000000000000000     
      100001   10000000.000000000        40.953783649493602        0.0000000000000000        0.0000000000000000        0.0000000000000000        0.0000000000000000        0.0000000000000000        0.0000000000000000        0.0000000000000000        0.0000000000000000        0.0000000000000000        0.0000000000000000        0.0000000000000000     
      100001   10000000.000000000        46.728915117273196        0.0000000000000000        0.0000000000000000        0.0000000000000000        0.0000000000000000        0.0000000000000000        0.0000000000000000        0.0000000000000000        0.0000000000000000        0.0000000000000000        0.0000000000000000        0.0000000000000000     
      100001   10000000.000000000        53.318431496483221        0.0000000000000000        0.0000000000000000        0.0000000000000000        0.0000000000000000        0.0000000000000000        0.0000000000000000        0.0000000000000000        0.0000000000000000        0.0000000000000000        0.0000000000000000        0.0000000000000000     
      100001   10000000.000000000        60.837173944882032        0.0000000000000000        0.0000000000000000        0.0000000000000000        0.0000000000000000        0.0000000000000000        0.0000000000000000        0.0000000000000000        0.0000000000000000        0.0000000000000000        0.0000000000000000        0.0000000000000000     
      100001   10000000.000000000        69.416178040495424        0.0000000000000000        0.0000000000000000        0.0000000000000000        0.0000000000000000        0.0000000000000000        0.0000000000000000        0.0000000000000000        0.0000000000000000        0.0000000000000000        0.0000000000000000        0.0000000000000000     
      100001   10000000.000000000        79.204957451103297        0.0000000000000000        0.0000000000000000        0.0000000000000000        0.0000000000000000        0.0000000000000000        0.0000000000000000        0.0000000000000000        0.0000000000000000        0.0000000000000000        0.0000000000000000        0.0000000000000000     
      100001   10000000.000000000        90.374109637256993        0.0000000000000000        0.0000000000000000        0.0000000000000000        0.0000000000000000        0.0000000000000000        0.0000000000000000        0.0000000000000000        0.0000000000000000        0.0000000000000000        0.0000000000000000        0.0000000000000000     
      100001   10000000.000000000        103.11828900064864        0.0000000000000000        0.0000000000000000        0.0000000000000000        0.0000000000000000        0.0000000000000000        0.0000000000000000        0.0000000000000000        0.0000000000000000        0.0000000000000000        0.0000000000000000        0.0000000000000000     
      100001   10000000.000000000        117.65959929344240        0.0000000000000000        0.0000000000000000        0.0000000000000000        0.0000000000000000        0.0000000000000000        0.0000000000000000        0.0000000000000000        0.0000000000000000        0.0000000000000000        0.0000000000000000        0.0000000000000000     
      100001   10000000.000000000        134.25146441099653        0.0000000000000000        0.0000000000000000        0.0000000000000000        0.0000000000000000        0.0000000000000000        0.0000000000000000        0.0000000000000000        0.0000000000000000        0.0000000000000000        0.0000000000000000        0.0000000000000000     
      100001   10000000.000000000        153.18304502760284        0.0000000000000000        0.0000000000000000        0.0000000000000000        0.0000000000000000        0.0000000000000000        0.0000000000000000        0.0000000000000000        0.0000000000000000        0.0000000000000000        0.0000000000000000        0.0000000000000000     
      100001   10000000.000000000        174.78427804774503        0.0000000000000000        0.0000000000000000        0.0000000000000000        0.0000000000000000        0.0000000000000000        0.0000000000000000        0.0000000000000000        0.0000000000000000        0.0000000000000000        0.0000000000000000        0.0000000000000000     
      100001   10000000.000000000        199.43162669972097        0.0000000000000000        0.0000000000000000        0.0000000000000000        0.0000000000000000        0.0000000000000000        0.0000000000000000        0.0000000000000000        0.0000000000000000        0.0000000000000000        0.0000000000000000        0.0000000000000000     
      100001   10000000.000000000        227.55464148344194        0.0000000000000000        0.0000000000000000        0.0000000000000000        0.0000000000000000        0.0000000000000000        0.0000000000000000        0.0000000000000000        0.0000000000000000        0.0000000000000000        0.0000000000000000        0.0000000000000000     
      100001   10000000.000000000        259.64344631568071        0.0000000000000000        0.0000000000000000        0.0000000000000000        0.0000000000000000        0.0000000000000000        0.0000000000000000        0.0000000000000000        0.0000000000000000        0.0000000000000000        0.0000000000000000        0.0000000000000000     
      100001   10000000.000000000        296.25728034024331        0.0000000000000000        0.0000000000000000        0.0000000000000000        0.0000000000000000        0.0000000000000000        0.0000000000000000        0.0000000000000000        0.0000000000000000        0.0000000000000000        0.0000000000000000        0.0000000000000000     
      100001   10000000.000000000        338.03424426852973        0.0000000000000000        0.0000000000000000        0.0000000000000000        0.0000000000000000        0.0000000000000000        0.0000000000000000        0.0000000000000000        0.0000000000000000        0.0000000000000000        0.0000000000000000        0.0000000000000000     
      100001   10000000.000000000        385.70242110831219        0.0000000000000000        0.0000000000000000        0.0000000000000000        0.0000000000000000        0.0000000000000000        0.0000000000000000        0.0000000000000000        0.0000000000000000        0.0000000000000000        0.0000000000000000        0.0000000000000000     
      100001   10000000.000000000        440.09256509123367        0.0000000000000000        0.0000000000000000        0.0000000000000000        0.0000000000000000        0.0000000000000000        0.0000000000000000        0.0000000000000000        0.0000000000000000        0.0000000000000000        0.0000000000000000        0.0000000000000000     
      100001   10000000.000000000        502.15257993984136        0.0000000000000000        0.0000000000000000        0.0000000000000000        0.0000000000000000        0.0000000000000000        0.0000000000000000        0.0000000000000000        0.0000000000000000        0.0000000000000000        0.0000000000000000        0.0000000000000000     
      100001   10000000.000000000        572.96403879934792        0.0000000000000000        0.0000000000000000        0.0000000000000000        0.0000000000000000        0.0000000000000000        0.0000000000000000        0.0000000000000000        0.0000000000000000        0.0000000000000000        0.0000000000000000        0.0000000000000000     
      100001   10000000.000000000        653.76103374115917        0.0000000000000000        0.0000000000000000        0.0000000000000000        0.0000000000000000        0.0000000000000000        0.0000000000000000        0.0000000000000000        0.0000000000000000        0.0000000000000000        0.0000000000000000        0.0000000000000000     
      100001   10000000.000000000        745.95168334462653        0.0000000000000000        0.0000000000000000        0.0000000000000000        0.0000000000000000        0.0000000000000000        0.0000000000000000        0.0000000000000000        0.0000000000000000        0.0000000000000000        0.0000000000000000        0.0000000000000000     
      100001   10000000.000000000        851.14267318812392        0.0000000000000000        0.0000000000000000        0.0000000000000000        0.0000000000000000        0.0000000000000000        0.0000000000000000        0.0000000000000000        0.0000000000000000        0.0000000000000000        0.0000000000000000        0.0000000000000000     
      100001   10000000.000000000        971.16725693765284       0.51132631535514439       0.51476787789488943       0.51788400203798335       0.52015541942592791       0.51684481701517115       0.50706524504727535       0.48999331613639585       0.51295899182377491       0.49423847543058930       0.50566393563928247        4.1356688423005494E-002
      100001   10000000.000000000        1108.1172060319702       0.51058902314182653       0.51386301335819839       0.51698422031710123       0.51989992652600192       0.51886229218829771       0.51179001363737087       0.49738193499804140       0.51797728649462982       0.50077250054458056       0.51349665505781950        4.8547431737020058E-002
      100001   10000000.000000000        1264.3792647788266       0.50995699641403291       0.51306902170230295       0.51613627399345685       0.51939836457426458       0.51996159656038021       0.51514844656742853       0.50336444342338360       0.48423496558629170       0.50643862078583268       0.52169061089762792        5.6208458464159221E-002
      100001   10000000.000000000        1442.6767461965753       0.50944945918264661       0.51242163993405554       0.51541497967111960       0.51883911214269007       0.52043350296834767       0.51730272927724874       0.50775674029286744       0.49059361842929988       0.51101669845098363       0.52658778100015780        6.3914900137242006E-002
      100001   10000000.000000000        1646.1169935275889       0.50909364031914039       0.51196349936938745       0.51489150086792712       0.51837739049163067       0.52055807519799346       0.51850399748698550       0.51054684716201681       0.49497457096078090       0.51429527909360440       0.52997739871110716        7.0558768074875600E-002
      100001   10000000.000000000        1878.2455345759649       0.50891754226922281       0.51173564031515295       0.51462764508720671       0.51813032324515984       0.52056065061115664       0.51900186665369008       0.51182524525401185       0.49709708353154997       0.51592362582901252       0.53201761558971772        7.4361386153793924E-002
      100001   10000000.000000000        2143.1078726637461       0.50884367757978521       0.51163986405202477       0.51451609426267175       0.51802331871573526       0.52055060741722281       0.51919154184972061       0.51233968877595715       0.49797552647770993       0.51660488176048125       0.53295224361773230        7.6078696212016170E-002
      100001   10000000.000000000        2445.3199910895760       0.50880526989404851       0.51159001831952133       0.51445789293248856       0.51796692171978986       0.52054284956940622       0.51928569851308148       0.51260193176864477       0.49842919416296422       0.51695943468173200       0.53345339322010166        7.7002939481548849E-002
      100001   10000000.000000000        2790.1487998315592       0.50878508495509656       0.51156381009664986       0.51442725179523396       0.51793707807204425       0.52053808595929840       0.51933396058442927       0.51273829385885206       0.49866672169238874       0.51714604698460709       0.53372040508996188        7.7497596253371867E-002
      100001   10000000.000000000        3183.6039265080872       0.50877402885095313       0.51154945115689232       0.51441045242720740       0.51792067175608003       0.52053527860530058       0.51936004286769499       0.51281255983337337       0.49879655409889506       0.51724843936508391       0.53386776097308952        7.7771170992499708E-002
      100001   10000000.000000000        3632.5424513164276       0.50876757031280972       0.51154106188146264       0.51440063324562468       0.51791106774368656       0.52053357520936960       0.51937516756817059       0.51285580758083027       0.49887230376925712       0.51730839686658769       0.53395434887506255        7.7931816858846328E-002
      100001   10000000.000000000        4144.7884112547772       0.50876346929561511       0.51153573420984633       0.51439439569593071       0.51790496113188822       0.52053247056448848       0.51938473264793972       0.51288322111782869       0.49892036366562176       0.51734660670897570       0.53400968858415465        7.8034106795793506E-002
      100001   10000000.000000000        4729.2691563304907       0.50876059966749509       0.51153200578468849       0.51439002946292589       0.51790068373703091       0.52053168805802008       0.51939141129092981       0.51290238503516727       0.49895397165650546       0.51737348102845526       0.53404872619647104        7.8105780502489522E-002
      100001   10000000.000000000        5396.1709341509913       0.50875837322627626       0.51152911266153311       0.51438664066238171       0.51789736216578419       0.52053107632058793       0.51939658744013362       0.51291724602148614       0.49898003261053808       0.51739446431937675       0.53407930312927876        7.8161420258426720E-002
      100001   10000000.000000000        6157.1164144037875       0.50875646654476192       0.51152663473032312       0.51438373757352818       0.51789451540836717       0.52053054964437073       0.51940101768162250       0.51292996886446374       0.49900233963266122       0.51741255476979919       0.53410574782253351        7.8209077458709725E-002
      100001   10000000.000000000        7025.3672470968713       0.50875469313963539       0.51152432977780138       0.51438103668387536       0.51789186591742642       0.52053005721010603       0.51940513535755595       0.51294179836045328       0.49902307892233871       0.51742946423926695       0.53413052472649936        7.8253418355602844E-002
      100001   10000000.000000000        8016.0551847160013       0.50875293827413970       0.51152204899134401       0.51437836410214455       0.51788924355795385       0.52052956539606543       0.51940920047566697       0.51295349310497695       0.49904359913610424       0.51744613512857895       0.53415492530018183        7.8297375417039572E-002
      100001   10000000.000000000        9146.4457962629167       0.50875112682411627       0.51151969499876526       0.51437560612289901       0.51788653704058984       0.52052905109217373       0.51941338051732422       0.51296554665738181       0.49906478395625414       0.51746314841216590       0.53417972280436832        7.8342893377772463E-002
      100001   10000000.000000000        10436.239369145425       0.50874920729960027       0.51151720111427124       0.51437268493670729       0.51788367016632331       0.52052849748433871       0.51941778784207515       0.51297829451890320       0.49908723951476103       0.51748087149068311       0.53420538551300312        7.8391326826030533E-002
      100001   10000000.000000000        11907.914242995012       0.50874714333393367       0.51151452029714151       0.51436954572675908       0.51788058921715352       0.52052789168251290       0.51942249923481976       0.51299197069754965       0.49911139445551556       0.51749953008674821       0.53423217631525388        7.8443655519666963E-002
      100001   10000000.000000000        13587.118558984783       0.50874490876643153       0.51151161876932716       0.51436614920514256       0.51787725565716902       0.52052722336092250       0.51942756724545835       0.51300674042973604       0.49913755766191192       0.51751925114844088       0.53426021306498062        7.8500608302725094E-002
      100001   10000000.000000000        15503.117251999680       0.50874248425734070       0.51150847161919988       0.51436246646734340       0.51787364109531431       0.52052648382729538       0.51943302802752067       0.51302272273211014       0.49916595791840707       0.51754009355775132       0.53428951253986667        7.8562748047090403E-002
      100001   10000000.000000000        17689.302075774980       0.50873985430111979       0.51150505892049414       0.51435847444573857       0.51786972282705368       0.52052566518786436       0.51943890824580508       0.51304001028092305       0.49919677882869840       0.51756207605206606       0.53432003096626035        7.8630546593140227E-002
      100001   10000000.000000000        20183.773549648897       0.50873700399505573       0.51150136153255310       0.51435415098719350       0.51786547899782154       0.52052475940026144       0.51944523247086727       0.51305869082271327       0.49923019652997863       0.51758520747147019       0.53435170803473897        7.8704466446494828E-002
      100001   10000000.000000000        23030.004969015092       0.50873391517870836       0.51149735608353941       0.51434946897208023       0.51786088281303211       0.52052375706707465       0.51945203185876454       0.51307887257012652       0.49926642469534049       0.51760952205645627       0.53438451789777586        7.8785059668623397E-002
      100001   10000000.000000000        26277.600051754725       0.50873056165885244       0.51149300876708126       0.51434438904237567       0.51785589536435939       0.52052264583668617       0.51945935465658499       0.51310071533935420       0.49930577013576621       0.51763512149336877       0.53441852910080745        7.8873092143954354E-002
      100001   10000000.000000000        29983.157424803256       0.50872690318994351       0.51148826752473875       0.51433885043771288       0.51785045657085582       0.52052140824482229       0.51946727913515067       0.51312446942819412       0.49934870280544880       0.51766222567039366       0.53445397570655595        7.8969702874999811E-002
      100001   10000000.000000000        34211.257017000738       0.50872287768953772       0.51148305193864152       0.51433275914602894       0.51784447343984918       0.52052001874084342       0.51947592992015212       0.51315052541117134       0.49939594618708794       0.51769123574234022       0.53449134418264099        7.9076613317632910E-002
      100001   10000000.000000000        39035.585548941381       0.50871839082892434       0.51147723971699077       0.51432597205447994       0.51783780432793003       0.52051843948100673       0.51948549934900445       0.51317948012065828       0.49944859789078005       0.51772281613797544       0.53453148498597391        7.9196411319930646E-002
      100001   10000000.000000000        44540.220734698632       0.50871330165355111       0.51147064802215936       0.51431827503799576       0.51783023712243725       0.52051661420966455       0.51949627636456563       0.51321222700756441       0.49950829577243056       0.51775800648888581       0.53457576400878803        7.9332948363843456E-002
      100001   10000000.000000000        50821.096576312950       0.50870740226386091       0.51146300707699111       0.51430935195649785       0.51782145826781867       0.52051445914048888       0.51950868645096138       0.51325008264957017       0.49957745178709045       0.51779837988301713       0.53462627666810902        7.9491908156193058E-002
      100001   10000000.000000000        57987.675287986152       0.50870038884778523       0.51145392251810606       0.51429874037601464       0.51781100833805505       0.52051184910626225       0.51952334698620595       0.51329496500826721       0.49965958370993141       0.51784626993104976       0.53468615551238385        7.9681630162189807E-002
      100001   10000000.000000000        66164.854988039908       0.50869182056532192       0.51144282192602708       0.51428576856808317       0.51779821845238772       0.52050859621057455       0.51954114264466544       0.51334964225438984       0.49975978271091109       0.51790509508555549       0.53476000898065812        7.9914304784605816E-002
      100001   10000000.000000000        75495.146405624779       0.50868106210108621       0.51142888005039822       0.51426946719079192       0.51778212038932481       0.52050441650955237       0.51956332414038331       0.51341807169149090       0.49988536007421180       0.51797981286237960       0.53485453045252829        8.0207699288200734E-002
      100001   10000000.000000000        86141.156537515009       0.50866720545649846       0.51141091688886131       0.51424844847623530       0.51776132210577253       0.52049887739875556       0.51959162876887555       0.51350584274691924       0.50004671396630307       0.51807753587222538       0.53497930416390083        8.0587627637181386E-002
      100001   10000000.000000000        98288.422539807347       0.50864896736754961       0.51138726375780674       0.51422074660757711       0.51773384016396540       0.52049131361739664       0.51962840957588419       0.51362071936252562       0.50025843753892962       0.51820832981472953       0.53514778839966715        8.1091447510109715E-002
      100001   10000000.000000000        112148.64524318808       0.50862456163607195       0.51135559612828119       0.51418361672196800       0.51769688246356793       0.52048069208629011       0.51967673640704670       0.51377323427501242       0.50054063665909709       0.51838617945206411       0.53537833398273238        8.1772962990856221E-002
      100001   10000000.000000000        127963.37864501341       0.50859155227807751       0.51131274038655261       0.51413329898975724       0.51764658074248271       0.52046539440073769       0.51974038976569681       0.51397720411487335       0.50092031342210186       0.51863002864151497       0.53569480727858421        8.2709247856250681E-002
      100001   10000000.000000000        146008.23967814902       0.50854670635749233       0.51125447826499593       0.51406477254434324       0.51757768669984816       0.52044287220556684       0.51982360100747338       0.51424988812275774       0.50143246006820463       0.51896461985137798       0.53612576074839247        8.4010095786697284E-002
      100001   10000000.000000000        166597.71162382126       0.50848589195097749       0.51117540709102338       0.51397156338612149       0.51748328168504965       0.52040912581940879       0.51993029683650627       0.51461126600989648       0.50212010564578791       0.51942043255593962       0.53669988708427163        8.5830928556776084E-002
      100001   10000000.000000000        190090.62488168306       0.50840408686650596       0.51106894060894670       0.51384570182617140       0.51735458330795792       0.52035797434608899       0.52006256197985756       0.51508172707997646       0.50303219941687971       0.52003150582953006       0.53743438864211335        8.8390610619731400E-002
      100001   10000000.000000000        216896.41061517457       0.50829517542620095       0.51092702903359299       0.51367732468578575       0.51718031789407348       0.52027986130988169       0.52021868013090822       0.51567962219753427       0.50422227082901661       0.52083395516492537       0.53831990916442929        9.2010208867287530E-002
      100001   10000000.000000000        247482.23625982471       0.50815207135384899       0.51074030067907616       0.51345474880674491       0.51694648968160606       0.52016046676010608       0.52038962374841491       0.51641488672153824       0.50574073271164988       0.52186471563387904       0.53931101571675699        9.7168612705003141E-002
      100001   10000000.000000000        282381.14725112263       0.50796751776729654       0.51049909333573273       0.51316559600399869       0.51663722315764815       0.51997980261358212       0.52055420195177815       0.51727728961914099       0.50761632944258062       0.52316449721209157       0.54038521400825879       0.10457678415165225     
      100001   10000000.000000000        322201.35686484008       0.50773512866016290       0.51019482384123438       0.51279836988358507       0.51623621245326046       0.51971240195725366       0.52067544307367608       0.51822406362524320       0.50983210296492754       0.52475075850388941       0.54174095745262807       0.11529874378562735     
      100001   10000000.000000000        367636.84607181640       0.50744916362772274       0.50981972517632701       0.51234215068441780       0.51572629596387942       0.51932747189159534       0.52070087446387647       0.51917607493279794       0.51231180172543045       0.48005093765610585       0.54372633770594581       0.13102168235575126     
      100001   10000000.000000000        419479.45813998877       0.50710426153783628       0.50936654435953743       0.51178632852839401       0.51508908173266310       0.51878948482683518       0.52056500989850174       0.52001745680441414       0.51490482794362458       0.48645494653445970       0.54581333189510250       0.15452570126547396     
      100001   10000000.000000000        478632.69876666629       0.50670247564634507       0.50883788818279851       0.51113250056644155       0.51431924645736760       0.51807286427624577       0.52020213793860448       0.52059421780056270       0.51733642612334285       0.49371629482127177       0.54774142796575820       0.18967153375765683     
      100001   10000000.000000000        546127.48224779661       0.50624800395708036       0.50823930577521059       0.51038659734897107       0.51341712475336532       0.51715983604847560       0.51956214166453696       0.52076830311800126       0.51929877495846710       0.50137706714863484       0.55007395072973075       0.24162288660090275     
      100001   10000000.000000000        623140.09810624446       0.50575149856297852       0.50758489574240273       0.50956626314230236       0.51239968887606335       0.51605329731669192       0.51862654581638090       0.52045212894724269       0.52051139525261403       0.50866731366110796       0.55271889459049683       0.31409868723619938     
      100001   10000000.000000000        711012.71129892464       0.50523058069847537       0.50689785484409156       0.50870150919489454       0.51130414564144921       0.51478550053709327       0.51741993505370598       0.51964413414688104       0.52083295929959550       0.51466803127445548       0.55612234306328601       0.40253119703471441     
      100001   10000000.000000000        811276.75327748456       0.50470799681315648       0.50620797505312920       0.50783089005595228       0.51018390968911020       0.51341997288902008       0.51601062884671045       0.51842978645989712       0.52032132289189748       0.51868415290753778       0.56127732693234245       0.49208011795978585     
      100001   10000000.000000000        925679.61155865598       0.50421178933796773       0.50555200461304317       0.50700138114736637       0.50910606575309059       0.51205291207449333       0.51451353484445450       0.51696473409311861       0.51920144198165108       0.52056606668962535       0.47812286024265438       0.57518176005412014     
      100001   10000000.000000000        1056215.0829463045       0.50379101791910885       0.50499476977433821       0.50629531332551114       0.50818331865761224       0.51085173682154017       0.51314049956478558       0.51551815365752074       0.51785520990835110       0.52077698559808283       0.49132962616249742       0.65736104280075347     
      100001   10000000.000000000        1205158.1211396020       0.50361305580162141       0.50475725029993868       0.50599184392418250       0.50778188372063138       0.51031806256648415       0.51251063421769183       0.51481943264831065       0.51713997321693528       0.52041989762593976       0.49285238086915362       0.76339543678256827     
      100001   10000000.000000000        1375104.4843037629       0.50419933564996433       0.50552427758127383       0.50695130517744946       0.50901442452478840       0.51190105415928178       0.51430208679324441       0.51667769005746833       0.51883497756005048       0.51882818533629260       0.43837980296485363       0.90129698592887098     
      100001   10000000.000000000        1569015.9735755411       0.50494422791293458       0.50650062848716126       0.50817472743341574       0.51058152632658327       0.51384439618638611       0.51637516710909048       0.51860113210514580       0.51960492053813490       0.50057636193193478       0.94999999999999996       0.94999999999999996     
      100001   10000000.000000000        1790272.0509137572       0.50456192807324229       0.50599941958801176       0.50754665561306456       0.50977895708657983       0.51286331965286547       0.51534997726939769       0.51769210574488467       0.51940825521818057       0.50879863091952127       0.94999999999999996       0.94999999999999996     
      100001   10000000.000000000        2042728.7358834767       0.50431813154779770       0.50567968785384365       0.50714572264274871       0.50926393605486941       0.51221797198648411       0.51465215962968758       0.51702407026700958       0.51903880965882554       0.51398880967614158       0.35703880248344849       0.94999999999999996     
      100001   10000000.000000000        2330785.8078186158       0.50494666369144625       0.50650390804541801       0.50817891096576062       0.51058691662932321       0.51385041694894529       0.51638130021269668       0.51862396196953242       0.51984731966604092       0.50581738917055408       0.94999999999999996       0.94385371813915864     
      100001   10000000.000000000        2659463.4845527350       0.50638471708255428       0.50840420088946625       0.51056775274916166       0.51358930086361121       0.51727847315121034       0.51963038049481525       0.52073148572840300       0.51861011455434858       0.49528698730553467       0.70130203017085757       0.33345763395047961     
      100001   10000000.000000000        3034489.9140641117       0.51093597645805422       0.51476613711316821       0.51694305324248047       0.51210902473349207       0.49297817802553545       0.47556941458130858       0.45859428525091778       0.44608887938462727       0.50134899323420001       0.63015401594363596        6.6014485151156169E-002
      100001   10000000.000000000        3462401.0038270722       0.54005277326096313       0.55956591937483990       0.57874855782500079       0.60371012085589837       0.65482835805200756       0.64598272567120696       0.65346972891913946       0.68115449088311675       0.57257451786636171       0.68675371797703522        4.2728207728561715E-002
      100001   10000000.000000000        3950654.3276813333       0.62711486609373956       0.69593734933794194       0.73962715752177088       0.79472551853559426       0.80224070543034121       0.82362456954979346       0.78068513558509778       0.88073638699275614       0.86922928032819147       0.71853938373247817        2.3241722822368863E-002
      100001   10000000.000000000        4507759.0953721637       0.66007395248560963       0.73293975447538029       0.78532934915643893       0.83353370652124947       0.86897938507645867       0.86013801202619200       0.86859103198930199       0.88743199254517680       0.92003338367877918       0.70865712323180641        1.7265299706973259E-002
      100001   10000000.000000000        5143424.4498521807       0.66008330624465372       0.73286671947149351       0.78526305020216658       0.83348514439305288       0.86917588232372867       0.86032646975006244       0.86848206961791496       0.88757980153367366       0.92004459147550577       0.70869511283071962        1.7272623980195627E-002
      100001   10000000.000000000        5868728.6768489406       0.66139342347656371       0.73708386746942844       0.78937582223863823       0.83607849247610411       0.85099807124751392       0.86191934677199000       0.87393533296434012       0.87383995200063469       0.91922166091010782       0.70633217093922029        1.6837695699276234E-002
      100001   10000000.000000000        6696312.2756588440       0.66500309315484518       0.73711752840083933       0.79821796301220682       0.83916109924376847       0.87038145259084132       0.87974572022673414       0.89670463096741782       0.83104681008345949       0.91291951963811069       0.69553508546140463        1.5228628778068862E-002
      100001   10000000.000000000        7640598.2559778895       0.76148791794945303       0.83999453802829760       0.85746518094887558       0.89051818777768199       0.94103580479354509       0.85956039958509012       0.92997861564224815       0.94999999999999996       0.92482286723576623       0.27670672280114017        2.0500998929166006E-003
      100001   10000000.000000000        8718043.5000708662       0.92533472578577680       0.94999999999999996       0.89120024448264334       0.94999999999999996       0.94999999999999996       0.94999999999999996       0.90617040951768968       0.78834375456975891       0.29715172208095431        6.1126992683414438E-003   3.2220489179621730E-005
      100001   10000000.000000000        9947425.5709836762       0.94999999999999996       0.94999999999999996       0.94671899146373384       0.84170119839503255       0.56211118560574447       0.30850264389449217       0.13665353255929968        5.1929055475059188E-002   5.6310689584747210E-003   7.9072200488219211E-005   4.1359788821198345E-007
      100001   10000000.000000000        11350169.965251470       0.75388291170186694       0.47864706375493438       0.21578883905445026        6.6517710282959858E-002   1.5868525539429568E-002   5.4548570436515117E-003   1.9203550078844950E-003   6.6120155685239182E-004   6.8049689559239256E-005   9.4984267742726312E-007   4.9675239425067841E-009
      100001   10000000.000000000        12950723.513416281        3.2851857393158122E-002   9.4102022748572770E-003   2.7485591167485165E-003   7.0269609458796837E-004   1.5700773595313431E-004   5.3110482766838209E-005   1.8597499919477673E-005   6.3935808769166791E-006   6.6827859359806231E-007   1.0690617598091011E-008   5.5527193033521930E-011
      100001   10000000.000000000        14776980.435925735        1.0333488310901620E-004   2.4685723333195171E-005   6.7343679439534928E-006   1.7095982630652724E-006   3.7253906106620559E-007   1.2661518602528927E-007   4.5625992829987017E-008   1.6344737528898854E-008   2.1581260330684548E-009   3.2636328997642057E-010   1.6129604621320760E-012
      100001   10000000.000000000        16860768.479654696        9.9765749290117614E-006   2.8873817414825642E-006   9.9784015258987328E-007   3.1404992017575490E-007   8.3946111759256056E-008   3.4304495824183833E-008   1.5193743906763495E-008   6.9139325173664831E-009   1.8132675256050087E-009   7.2456796702507860E-010   6.9396908437935516E-012
      100001   10000000.000000000        19238403.607367840        9.9911033354103323E-006   2.8897621476225483E-006   9.9753540147543956E-007   3.1347961492983592E-007   8.3612057784843222E-008   3.4096366571333921E-008   1.5066825436200857E-008   6.8369713724911991E-009   1.7807832346044989E-009   7.0664505621886431E-010   6.7208855837238889E-012
      100001   10000000.000000000        21951322.907172933        1.0008351173330041E-005   2.8938586562709374E-006   9.9862100106346956E-007   3.1373126441479121E-007   8.3654730694667553E-008   3.4105307276923799E-008   1.5066912284051083E-008   6.8350503596687214E-009   1.7790238050262099E-009   7.0556489776182297E-010   6.7071013964332472E-012
      100001   10000000.000000000        25046806.752221096        1.0006532959085459E-005   2.8933599145069134E-006   9.9846733478664070E-007   3.1368410709014851E-007   8.3641865770062470E-008   3.4099877654779958E-008   1.5064423602084956E-008   6.8338695097616882E-009   1.7786693823490591E-009   7.0523235743096522E-010   6.7045142983273884E-012
      100001   10000000.000000000        28578802.796350557        1.0004961938097539E-005   2.8929117166953294E-006   9.9832382744896724E-007   3.1363756836812265E-007   8.3628346012107579E-008   3.4093879226121472E-008   1.5061543065489348E-008   6.8324372791021719E-009   1.7782008564175821E-009   7.0481979477496455E-010   6.7010911591330626E-012
      100001   10000000.000000000        32608866.166153781        1.0003120058799962E-005   2.8923868021188885E-006   9.9815644933657672E-007   3.1358359633611443E-007   8.3612783566595971E-008   3.4087017093813691E-008   1.5058267265969054E-008   6.8308187523354967E-009   1.7776766195162007E-009   7.0434922637980976E-010   6.6972430452177239E-012
      100001   10000000.000000000        37207232.235001616        1.0000812133426434E-005   2.8917297985039017E-006   9.9794753102603224E-007   3.1351648759248767E-007   8.3593528557766109E-008   3.4078561348761891E-008   1.5054246506865938E-008   6.8288403876426974E-009   1.7770401278618250E-009   7.0377127520160370E-010   6.6925586749186725E-012
      100001   10000000.000000000        42454040.675178520        9.9977547936584487E-006   2.8908606367130909E-006   9.9767160512388493E-007   3.1342805855122540E-007   8.3568224648786609E-008   3.4067473136615395E-008   1.5048984583260806E-008   6.8262566324935281E-009   1.7762117887020326E-009   7.0301648468107718E-010   6.6864602035798102E-012
      100001   10000000.000000000        48440732.120735437        9.9934857300356091E-006   2.8896487364748933E-006   9.9728738223979199E-007   3.1330515064558249E-007   8.3533126378988420E-008   3.4052117341982439E-008   1.5041708005148712E-008   6.8226887216380350E-009   1.7750708756810553E-009   7.0197600468284042E-010   6.6780641820830542E-012
      100001   10000000.000000000        55271641.781904206        9.9871533351439995E-006   2.8878521034078802E-006   9.9671804034532658E-007   3.1312314476180366E-007   8.3481188270115536E-008   3.4029406291850016E-008   1.5030951348815584E-008   6.8174169898463386E-009   1.7733866983845961E-009   7.0044174004264179E-010   6.6656792460604311E-012
      100001   10000000.000000000        63065817.784356743        9.9768778723665013E-006   2.8849357195008372E-006   9.9579353520194749E-007   3.1282745653577461E-007   8.3396763368548432E-008   3.3992474435297309E-008   1.5013452810781276E-008   6.8088380787698335E-009   1.7706444409928743E-009   6.9795091581824003E-010   6.6455344111627086E-012
      100001   10000000.000000000        71959095.923071310        9.9573877584789290E-006   2.8794005303093050E-006   9.9403783402769454E-007   3.1226546103544841E-007   8.3236158842591433E-008   3.3922170494729451E-008   1.4980122660587759E-008   6.7924883749993104E-009   1.7654137065186880E-009   6.9322349372227010E-010   6.6071778908123584E-012
      100001   10000000.000000000        82106466.989320487        9.9061644375268187E-006   2.8648477192872649E-006   9.8942034602762843E-007   3.1078672210816612E-007   8.2813367722310492E-008   3.3737036288858204E-008   1.4892331810017118E-008   6.7494160437625214E-009   1.7516334862468306E-009   6.8089743751871187E-010   6.5065602166747052E-012
      100001   10000000.000000000        93684777.928219363        9.4038785729418943E-006   2.7222507742525261E-006   9.4421405205992424E-007   2.9632410067885180E-007   7.8683814478274671E-008   3.1931366524535774E-008   1.4037541738699082E-008   6.3309419085776051E-009   1.6185889950276986E-009   5.7056453014836524E-010   5.5681594546941083E-012
