  0.33999998867511749       0.51500000059604645       0.73000001907348633        1.0850000381469727        1.6700000166893005        2.2599999904632568        3.0000000000000000        3.9500000476837158        6.5499999523162842        14.349999904632568        172.33999633789062     
      100001   10000000.000000000        10.431738337489184        0.0000000000000000        0.0000000000000000        0.0000000000000000        0.0000000000000000        0.0000000000000000        0.0000000000000000        0.0000000000000000        0.0000000000000000        0.0000000000000000        0.0000000000000000        0.0000000000000000     
      100001   10000000.000000000        11.345274765696345        0.0000000000000000        0.0000000000000000        0.0000000000000000        0.0000000000000000        0.0000000000000000        0.0000000000000000        0.0000000000000000        0.0000000000000000        0.0000000000000000        0.0000000000000000        0.0000000000000000     
      100001   10000000.000000000        12.338812127464312        0.0000000000000000        0.0000000000000000        0.0000000000000000        0.0000000000000000        0.0000000000000000        0.0000000000000000        0.0000000000000000        0.0000000000000000        0.0000000000000000        0.0000000000000000        0.0000000000000000     
      100001   10000000.000000000        13.419356327728012        0.0000000000000000        0.0000000000000000        0.0000000000000000        0.0000000000000000        0.0000000000000000        0.0000000000000000        0.0000000000000000        0.0000000000000000        0.0000000000000000        0.0000000000000000        0.0000000000000000     
      100001   10000000.000000000        14.594526798062295        0.0000000000000000        0.0000000000000000        0.0000000000000000        0.0000000000000000        0.0000000000000000        0.0000000000000000        0.0000000000000000        0.0000000000000000        0.0000000000000000        0.0000000000000000        0.0000000000000000     
      100001   10000000.000000000        15.872610224921379        0.0000000000000000        0.0000000000000000        0.0000000000000000        0.0000000000000000        0.0000000000000000        0.0000000000000000        0.0000000000000000        0.0000000000000000        0.0000000000000000        0.0000000000000000        0.0000000000000000     
      100001   10000000.000000000        17.262618983009986        0.0000000000000000        0.0000000000000000        0.0000000000000000        0.0000000000000000        0.0000000000000000        0.0000000000000000        0.0000000000000000        0.0000000000000000        0.0000000000000000        0.0000000000000000        0.0000000000000000     
      100001   10000000.000000000        18.774354685828140        0.0000000000000000        0.0000000000000000        0.0000000000000000        0.0000000000000000        0.0000000000000000        0.0000000000000000        0.0000000000000000        0.0000000000000000        0.0000000000000000        0.0000000000000000        0.0000000000000000     
      100001   10000000.000000000        20.418477301514223        0.0000000000000000        0.0000000000000000        0.0000000000000000        0.0000000000000000        0.0000000000000000        0.0000000000000000        0.0000000000000000        0.0000000000000000        0.0000000000000000        0.0000000000000000        0.0000000000000000     
      100001   10000000.000000000        22.206580321355077        0.0000000000000000        0.0000000000000000        0.0000000000000000        0.0000000000000000        0.0000000000000000        0.0000000000000000        0.0000000000000000        0.0000000000000000        0.0000000000000000        0.0000000000000000        0.0000000000000000     
      100001   10000000.000000000        24.151272511012497        0.0000000000000000        0.0000000000000000        0.0000000000000000        0.0000000000000000        0.0000000000000000        0.0000000000000000        0.0000000000000000        0.0000000000000000        0.0000000000000000        0.0000000000000000        0.0000000000000000     
      100001   10000000.000000000        26.266266820932874        0.0000000000000000        0.0000000000000000        0.0000000000000000        0.0000000000000000        0.0000000000000000        0.0000000000000000        0.0000000000000000        0.0000000000000000        0.0000000000000000        0.0000000000000000        0.0000000000000000     
      100001   10000000.000000000        28.566477082888710        0.0000000000000000        0.0000000000000000        0.0000000000000000        0.0000000000000000        0.0000000000000000        0.0000000000000000        0.0000000000000000        0.0000000000000000        0.0000000000000000        0.0000000000000000        0.0000000000000000     
      100001   10000000.000000000        31.068123174506820        0.0000000000000000        0.0000000000000000        0.0000000000000000        0.0000000000000000        0.0000000000000000        0.0000000000000000        0.0000000000000000        0.0000000000000000        0.0000000000000000        0.0000000000000000        0.0000000000000000     
      100001   10000000.000000000        33.788845393347479        0.0000000000000000        0.0000000000000000        0.0000000000000000        0.0000000000000000        0.0000000000000000        0.0000000000000000        0.0000000000000000        0.0000000000000000        0.0000000000000000        0.0000000000000000        0.0000000000000000     
      100001   10000000.000000000        36.747828847040090        0.0000000000000000        0.0000000000000000        0.0000000000000000        0.0000000000000000        0.0000000000000000        0.0000000000000000        0.0000000000000000        0.0000000000000000        0.0000000000000000        0.0000000000000000        0.0000000000000000     
      100001   10000000.000000000        39.965938736611179        0.0000000000000000        0.0000000000000000        0.0000000000000000        0.0000000000000000        0.0000000000000000        0.0000000000000000        0.0000000000000000        0.0000000000000000        0.0000000000000000        0.0000000000000000        0.0000000000000000     
      100001   10000000.000000000        43.465867486949911        0.0000000000000000        0.0000000000000000        0.0000000000000000        0.0000000000000000        0.0000000000000000        0.0000000000000000        0.0000000000000000        0.0000000000000000        0.0000000000000000        0.0000000000000000        0.0000000000000000     
      100001   10000000.000000000        47.272294761899261        0.0000000000000000        0.0000000000000000        0.0000000000000000        0.0000000000000000        0.0000000000000000        0.0000000000000000        0.0000000000000000        0.0000000000000000        0.0000000000000000        0.0000000000000000        0.0000000000000000     
      100001   10000000.000000000        51.412061492314940        0.0000000000000000        0.0000000000000000        0.0000000000000000        0.0000000000000000        0.0000000000000000        0.0000000000000000        0.0000000000000000        0.0000000000000000        0.0000000000000000        0.0000000000000000        0.0000000000000000     
      100001   10000000.000000000        55.914359144247676        0.0000000000000000        0.0000000000000000        0.0000000000000000        0.0000000000000000        0.0000000000000000        0.0000000000000000        0.0000000000000000        0.0000000000000000        0.0000000000000000        0.0000000000000000        0.0000000000000000     
      100001   10000000.000000000        60.810935561867311        0.0000000000000000        0.0000000000000000        0.0000000000000000        0.0000000000000000        0.0000000000000000        0.0000000000000000        0.0000000000000000        0.0000000000000000        0.0000000000000000        0.0000000000000000        0.0000000000000000     
      100001   10000000.000000000        66.136318836625861        0.0000000000000000        0.0000000000000000        0.0000000000000000        0.0000000000000000        0.0000000000000000        0.0000000000000000        0.0000000000000000        0.0000000000000000        0.0000000000000000        0.0000000000000000        0.0000000000000000     
      100001   10000000.000000000        71.928060781269068        0.0000000000000000        0.0000000000000000        0.0000000000000000        0.0000000000000000        0.0000000000000000        0.0000000000000000        0.0000000000000000        0.0000000000000000        0.0000000000000000        0.0000000000000000        0.0000000000000000     
      100001   10000000.000000000        78.227001725545264        0.0000000000000000        0.0000000000000000        0.0000000000000000        0.0000000000000000        0.0000000000000000        0.0000000000000000        0.0000000000000000        0.0000000000000000        0.0000000000000000        0.0000000000000000        0.0000000000000000     
      100001   10000000.000000000        85.077558500813126        0.0000000000000000        0.0000000000000000        0.0000000000000000        0.0000000000000000        0.0000000000000000        0.0000000000000000        0.0000000000000000        0.0000000000000000        0.0000000000000000        0.0000000000000000        0.0000000000000000     
      100001   10000000.000000000        92.528037644265609        0.0000000000000000        0.0000000000000000        0.0000000000000000        0.0000000000000000        0.0000000000000000        0.0000000000000000        0.0000000000000000        0.0000000000000000        0.0000000000000000        0.0000000000000000        0.0000000000000000     
      100001   10000000.000000000        100.63097603132084        0.0000000000000000        0.0000000000000000        0.0000000000000000        0.0000000000000000        0.0000000000000000        0.0000000000000000        0.0000000000000000        0.0000000000000000        0.0000000000000000        0.0000000000000000        0.0000000000000000     
      100001   10000000.000000000        109.44351133814270        0.0000000000000000        0.0000000000000000        0.0000000000000000        0.0000000000000000        0.0000000000000000        0.0000000000000000        0.0000000000000000        0.0000000000000000        0.0000000000000000        0.0000000000000000        0.0000000000000000     
      100001   10000000.000000000        119.02778494659654        0.0000000000000000        0.0000000000000000        0.0000000000000000        0.0000000000000000        0.0000000000000000        0.0000000000000000        0.0000000000000000        0.0000000000000000        0.0000000000000000        0.0000000000000000        0.0000000000000000     
      100001   10000000.000000000        129.45138013271696        0.0000000000000000        0.0000000000000000        0.0000000000000000        0.0000000000000000        0.0000000000000000        0.0000000000000000        0.0000000000000000        0.0000000000000000        0.0000000000000000        0.0000000000000000        0.0000000000000000     
      100001   10000000.000000000        140.78779862856183        0.0000000000000000        0.0000000000000000        0.0000000000000000        0.0000000000000000        0.0000000000000000        0.0000000000000000        0.0000000000000000        0.0000000000000000        0.0000000000000000        0.0000000000000000        0.0000000000000000     
      100001   10000000.000000000        153.11697891791701        0.0000000000000000        0.0000000000000000        0.0000000000000000        0.0000000000000000        0.0000000000000000        0.0000000000000000        0.0000000000000000        0.0000000000000000        0.0000000000000000        0.0000000000000000        0.0000000000000000     
      100001   10000000.000000000        166.52585992060216        0.0000000000000000        0.0000000000000000        0.0000000000000000        0.0000000000000000        0.0000000000000000        0.0000000000000000        0.0000000000000000        0.0000000000000000        0.0000000000000000        0.0000000000000000        0.0000000000000000     
      100001   10000000.000000000        181.10899404018389        0.0000000000000000        0.0000000000000000        0.0000000000000000        0.0000000000000000        0.0000000000000000        0.0000000000000000        0.0000000000000000        0.0000000000000000        0.0000000000000000        0.0000000000000000        0.0000000000000000     
      100001   10000000.000000000        196.96921389798786        0.0000000000000000        0.0000000000000000        0.0000000000000000        0.0000000000000000        0.0000000000000000        0.0000000000000000        0.0000000000000000        0.0000000000000000        0.0000000000000000        0.0000000000000000        0.0000000000000000     
      100001   10000000.000000000        214.21835745486533        0.0000000000000000        0.0000000000000000        0.0000000000000000        0.0000000000000000        0.0000000000000000        0.0000000000000000        0.0000000000000000        0.0000000000000000        0.0000000000000000        0.0000000000000000        0.0000000000000000     
      100001   10000000.000000000        232.97805663390125        0.0000000000000000        0.0000000000000000        0.0000000000000000        0.0000000000000000        0.0000000000000000        0.0000000000000000        0.0000000000000000        0.0000000000000000        0.0000000000000000        0.0000000000000000        0.0000000000000000     
      100001   10000000.000000000        253.38059500500913        0.0000000000000000        0.0000000000000000        0.0000000000000000        0.0000000000000000        0.0000000000000000        0.0000000000000000        0.0000000000000000        0.0000000000000000        0.0000000000000000        0.0000000000000000        0.0000000000000000     
      100001   10000000.000000000        275.56984057935517        0.0000000000000000        0.0000000000000000        0.0000000000000000        0.0000000000000000        0.0000000000000000        0.0000000000000000        0.0000000000000000        0.0000000000000000        0.0000000000000000        0.0000000000000000        0.0000000000000000     
      100001   10000000.000000000        299.70226029120391        0.0000000000000000        0.0000000000000000        0.0000000000000000        0.0000000000000000        0.0000000000000000        0.0000000000000000        0.0000000000000000        0.0000000000000000        0.0000000000000000        0.0000000000000000        0.0000000000000000     
      100001   10000000.000000000        325.94802332075642        0.0000000000000000        0.0000000000000000        0.0000000000000000        0.0000000000000000        0.0000000000000000        0.0000000000000000        0.0000000000000000        0.0000000000000000        0.0000000000000000        0.0000000000000000        0.0000000000000000     
      100001   10000000.000000000        354.49220103805158        0.0000000000000000        0.0000000000000000        0.0000000000000000        0.0000000000000000        0.0000000000000000        0.0000000000000000        0.0000000000000000        0.0000000000000000        0.0000000000000000        0.0000000000000000        0.0000000000000000     
      100001   10000000.000000000        385.53607202931107        0.0000000000000000        0.0000000000000000        0.0000000000000000        0.0000000000000000        0.0000000000000000        0.0000000000000000        0.0000000000000000        0.0000000000000000        0.0000000000000000        0.0000000000000000        0.0000000000000000     
      100001   10000000.000000000        419.29854140806611        0.0000000000000000        0.0000000000000000        0.0000000000000000        0.0000000000000000        0.0000000000000000        0.0000000000000000        0.0000000000000000        0.0000000000000000        0.0000000000000000        0.0000000000000000        0.0000000000000000     
      100001   10000000.000000000        456.01768441933399        0.0000000000000000        0.0000000000000000        0.0000000000000000        0.0000000000000000        0.0000000000000000        0.0000000000000000        0.0000000000000000        0.0000000000000000        0.0000000000000000        0.0000000000000000        0.0000000000000000     
      100001   10000000.000000000        495.95242522150778        0.0000000000000000        0.0000000000000000        0.0000000000000000        0.0000000000000000        0.0000000000000000        0.0000000000000000        0.0000000000000000        0.0000000000000000        0.0000000000000000        0.0000000000000000        0.0000000000000000     
      100001   10000000.000000000        539.38436268386613        0.0000000000000000        0.0000000000000000        0.0000000000000000        0.0000000000000000        0.0000000000000000        0.0000000000000000        0.0000000000000000        0.0000000000000000        0.0000000000000000        0.0000000000000000        0.0000000000000000     
      100001   10000000.000000000        586.61975607426393        0.0000000000000000        0.0000000000000000        0.0000000000000000        0.0000000000000000        0.0000000000000000        0.0000000000000000        0.0000000000000000        0.0000000000000000        0.0000000000000000        0.0000000000000000        0.0000000000000000     
      100001   10000000.000000000        637.99168463903061        0.0000000000000000        0.0000000000000000        0.0000000000000000        0.0000000000000000        0.0000000000000000        0.0000000000000000        0.0000000000000000        0.0000000000000000        0.0000000000000000        0.0000000000000000        0.0000000000000000     
      100001   10000000.000000000        693.86239630330283        0.0000000000000000        0.0000000000000000        0.0000000000000000        0.0000000000000000        0.0000000000000000        0.0000000000000000        0.0000000000000000        0.0000000000000000        0.0000000000000000        0.0000000000000000        0.0000000000000000     
      100001   10000000.000000000        754.62586205360674        0.0000000000000000        0.0000000000000000        0.0000000000000000        0.0000000000000000        0.0000000000000000        0.0000000000000000        0.0000000000000000        0.0000000000000000        0.0000000000000000        0.0000000000000000        0.0000000000000000     
      100001   10000000.000000000        820.71055401484307        0.0000000000000000        0.0000000000000000        0.0000000000000000        0.0000000000000000        0.0000000000000000        0.0000000000000000        0.0000000000000000        0.0000000000000000        0.0000000000000000        0.0000000000000000        0.0000000000000000     
      100001   10000000.000000000        892.58246681121705        1.2997809664905696E-009   1.3082408478884276E-009   1.3165215028401862E-009   1.3277881431170145E-009   1.3482925305584695E-009   1.3772697777453799E-009   1.4253703349031414E-009   1.5283273499258484E-009   1.6160381647782386E-009   1.8488341397564962E-009   9.0066855045773622E-011
      100001   10000000.000000000        970.74840351619173        2.5926770937161526E-009   2.6091457419167080E-009   2.6253795830557864E-009   2.6468240091379728E-009   2.6834074882145362E-009   2.7347052326589733E-009   2.8222554799821956E-009   2.9520021685699322E-009   3.2074344906491224E-009   3.6658353314579049E-009   2.0343381723986520E-010
      100001   10000000.000000000        1055.7595493622257        5.0854918149481489E-009   5.1170282401335256E-009   5.1483685016242998E-009   5.1889700259124407E-009   5.2539732775232669E-009   5.3435451667721642E-009   5.5000505260859513E-009   5.7396397027320383E-009   6.2617008762873406E-009   7.1379325821792837E-009   4.4906125264915880E-010
      100001   10000000.000000000        1148.2153584102582        9.8040139784335295E-009   9.8634188890192848E-009   9.9229421398679237E-009   9.9991818323837198E-009   1.0114334970264903E-008   1.0268944465406777E-008   1.0544187989008082E-008   1.0978402411230479E-008   1.2018289419122121E-008   1.3665621164693511E-008   9.6636022330731449E-010
      100001   10000000.000000000        1248.7677805856742        1.8565307507533142E-008   1.8675388599435745E-008   1.8786537993728660E-008   1.8928130297517799E-008   1.9131546647498663E-008   1.9396102062213226E-008   1.9873508393914878E-008   2.0647309364734096E-008   2.2669526514736441E-008   2.5737968139211180E-008   2.0212380827723298E-009
      100001   10000000.000000000        1358.1258588876030        3.4505957156851458E-008   3.4706638246356182E-008   3.4910616882014062E-008   3.5170069612313429E-008   3.5528106282291676E-008   3.5978257479617172E-008   3.6797509442743528E-008   3.8156645015482596E-008   4.1993173831144869E-008   4.7652700335511180E-008   4.0941895864227172E-009
      100001   10000000.000000000        1477.0607291886670        6.2874670725919828E-008   6.3234501498550900E-008   6.3602190580722153E-008   6.4070175876511802E-008   6.4696935701282045E-008   6.5460508141348221E-008   6.6856050732234409E-008   6.9214782617477957E-008   7.6308276009399795E-008   8.6587222322015263E-008   7.9982051326847456E-009
      100001   10000000.000000000        1606.4110578811351        1.1215789317990646E-007   1.1279217660859711E-007   1.1344276081425758E-007   1.1427194913311928E-007   1.1536051268534070E-007   1.1665401491896271E-007   1.1902129374205593E-007   1.2307596127624751E-007   1.3585064205049136E-007   1.5414424003206227E-007   1.5004197764029462E-008
      100001   10000000.000000000        1747.0889557129149        1.9564949114094476E-007   1.9674828534710548E-007   1.9787772748558380E-007   1.9931882616176200E-007   2.0119042902979410E-007   2.0338102829145679E-007   2.0739039192410100E-007   2.1430960053447877E-007   2.3670882499938448E-007   2.6856269960757161E-007   2.6941525416105066E-008
      100001   10000000.000000000        1900.0864095146821        3.3157611668832163E-007   3.3342842509726918E-007   3.3533544888608502E-007   3.3777107809545937E-007   3.4090968989359296E-007   3.4454012342435330E-007   3.5118265673759343E-007   3.6271114053833597E-007   4.0081486939836286E-007   4.5470503625220413E-007   4.6670075134326218E-008
      100001   10000000.000000000        2066.4822771712666        5.4604972875447026E-007   5.4908871502871675E-007   5.5222096163211125E-007   5.5622446453726673E-007   5.6135617769792317E-007   5.6724194084992518E-007   5.7800647654004417E-007   5.9676276907021108E-007   6.5967431147569264E-007   7.4829347823583595E-007   7.8049264030014551E-008
      100001   10000000.000000000        2247.4498951622236        8.7408646530630633E-007   8.7893842478328102E-007   8.8394311007639275E-007   8.9034343880910630E-007   8.9851815642285553E-007   9.0783859012382322E-007   9.2487819897373196E-007   9.5464877688453030E-007   1.0555290788777586E-006   1.1972268419964974E-006   1.2627081946291741E-007
      100001   10000000.000000000        2444.2653523159543        1.3610319735765504E-006   1.3685733419882506E-006   1.3763561603353472E-006   1.3863132969799582E-006   1.3990002870161450E-006   1.4134060672684400E-006   1.4397344173123673E-006   1.4858189255022666E-006   1.6430833062066513E-006   1.8635371693375332E-006   1.9805309233432882E-007
      100001   10000000.000000000        2658.3164881195166        2.0636722658447196E-006   2.0750927143778613E-006   2.0868830426943637E-006   2.1019715056483032E-006   2.1211651309600175E-006   2.1428970233879180E-006   2.1826052428211707E-006   2.2521979701162954E-006   2.4908420856734645E-006   2.8249068044598313E-006   3.0181042762800663E-007
      100001   10000000.000000000        2891.1126790356084        3.0509801934082611E-006   3.0678497633131335E-006   3.0852700615560420E-006   3.1075678127422205E-006   3.1358999497620650E-006   3.1679147475121246E-006   3.2264013207383263E-006   3.3289960343789346E-006   3.6820093269603408E-006   4.1756853273799277E-006   4.4777242128933977E-007
      100001   10000000.000000000        3144.2954818345379        4.4044359451446181E-006   4.4287738950612741E-006   4.4539108921369880E-006   4.4860905494871808E-006   4.5269458194877911E-006   4.5730452068120928E-006   4.6572511536913682E-006   4.8050555350227099E-006   5.3148725104178932E-006   6.0273250147860569E-006   6.4803755195552266E-007
      100001   10000000.000000000        3419.6502089925411        6.2178923245982237E-006   6.2522351883094747E-006   6.2877102654134887E-006   6.3331293024154521E-006   6.3907589241547270E-006   6.4557165905815831E-006   6.5743574093425995E-006   6.7827020741539626E-006   7.5026385686633785E-006   8.5081941345348084E-006   9.1655833333036486E-007
      100001   10000000.000000000        3719.1185177799598        8.5970043923722243E-006   8.6444708384701366E-006   8.6935071228381934E-006   8.7562938711770966E-006   8.8359240860909907E-006   8.9256065150655304E-006   9.0893925344483582E-006   9.3771199918113142E-006   1.0372744038270865E-005   1.1762794095316986E-005   1.2690624652324722E-006
      100001   10000000.000000000        4044.8121018110778        1.1658289202950395E-005   1.1722639649842115E-005   1.1789123705938246E-005   1.1874256456925473E-005   1.1982188087001696E-005   1.2103665125847918E-005   1.2325503154662464E-005   1.2715324239811410E-005   1.4065718756900728E-005   1.5950470286397439E-005   1.7229198295695952E-006
      100001   10000000.000000000        4399.0275816010808        1.5527913732639020E-005   1.5613603212688964E-005   1.5702139776398545E-005   1.5815516992621423E-005   1.5959213597398826E-005   1.6120855931387546E-005   1.6416026946287094E-005   1.6934835521915981E-005   1.8733721422446329E-005   2.1243750742478319E-005   2.2969699636909821E-006
      100001   10000000.000000000        4784.2626991306734        2.0340327891968383E-005   2.0452551302805626E-005   2.0568510170052861E-005   2.0717010671698590E-005   2.0905173850792243E-005   2.1116735715612011E-005   2.1503045538644836E-005   2.2182186148185345E-005   2.4538888011930314E-005   2.7826472502941834E-005   3.0113274001231316E-006
      100001   10000000.000000000        5203.2339306138792        2.6236864048732730E-005   2.6381593598280674E-005   2.6531148470670481E-005   2.6722681346632647E-005   2.6965312853775025E-005   2.7237999573555410E-005   2.7735901776988746E-005   2.8611388959636652E-005   3.1651639501418697E-005   3.5891861704020475E-005   3.8871830055025903E-006
      100001   10000000.000000000        5658.8956416651308        3.3364417259587899E-005   3.3548432539856998E-005   3.3738592279725937E-005   3.3982137105533938E-005   3.4290588487648605E-005   3.4637109595377946E-005   3.5269802011924846E-005   3.6382493773711011E-005   4.0249086622301116E-005   4.5640723604175667E-005   4.9466184591442230E-006
      100001   10000000.000000000        6154.4609199376109        4.1874307648723248E-005   4.2105219345378304E-005   4.2343852680362127E-005   4.2649491377698741E-005   4.3036502851274325E-005   4.3471112732310870E-005   4.4264611086246121E-005   4.5660342638334656E-005   5.0513654354092886E-005   5.7279881632822599E-005   6.2124472563510023E-006
      100001   10000000.000000000        6693.4242321340962        5.1921400786728491E-005   5.2207669455009938E-005   5.2503524609049170E-005   5.2882466846499649E-005   5.3362197883863418E-005   5.3900726773404732E-005   5.4883920515557499E-005   5.6613606996989281E-005   6.2632017651465514E-005   7.1020968943982199E-005   7.7080923541841805E-006
      100001   10000000.000000000        7279.5860651551784        6.3663529683943113E-005   6.4014481236562753E-005   6.4377202192977432E-005   6.4841806517497831E-005   6.5429860875820445E-005   6.6089739202191262E-005   6.7294435001626920E-005   6.9414152894021089E-005   7.6794400429371759E-005   8.7079631693310261E-005   9.4575105626806965E-006
      100001   10000000.000000000        7917.0797251417562        7.7261250619251227E-005   7.7687090358382143E-005   7.8127231650058693E-005   7.8691024770819994E-005   7.9404472973012359E-005   8.0204752373216659E-005   8.1665711403671620E-005   8.4236769625271537E-005   9.3194277184913683E-005   1.0567518914177408E-004   1.1485168135568564E-005
      100001   10000000.000000000        8610.4004833844119        9.2877943347033042E-005   9.3389770439516461E-005   9.3918812428944341E-005   9.4596509171097890E-005   9.5453911645126328E-005   9.6415286261597290E-005   9.8170261838970648E-005   1.0125927398700875E-004   1.1202848996648925E-004   1.2703076453965157E-004   1.3816067223423676E-005
      100001   10000000.000000000        9364.4372746213958        1.1068024595616179E-004   1.1129007019437929E-004   1.1192043674870017E-004   1.1272796312313053E-004   1.1374939711574946E-004   1.1489422867103831E-004   1.1698401057924183E-004   1.2066297940021417E-004   1.3349776881749448E-004   1.5137387322771651E-004   1.6475821973743072E-005
      100001   10000000.000000000        10184.507171244810        1.3083880381925146E-004   1.3155956639563233E-004   1.3230464674358970E-004   1.3325916842463656E-004   1.3446626159425648E-004   1.3581861149315346E-004   1.3828708290894150E-004   1.4263350738114364E-004   1.5780763093047907E-004   1.7893743999402055E-004   1.9490781585133302E-005
      100001   10000000.000000000        11076.392876509570        1.5352930479862117E-004   1.5437490466678244E-004   1.5524908106474960E-004   1.5636903936409489E-004   1.5778501269794921E-004   1.5937068410939331E-004   1.6226489649024268E-004   1.6736191094488071E-004   1.8516962487660752E-004   2.0996120750988641E-004   2.2888196328327729E-005
      100001   10000000.000000000        12046.383501126886        1.7893376934675402E-004   1.7991909656617645E-004   1.8093777921937928E-004   1.8224293641367408E-004   1.8389265881731462E-004   1.8573925134185814E-004   1.8910952200289083E-004   1.9504607560145079E-004   2.1580288196168147E-004   2.4469349275868703E-004   2.6696422206150371E-005
      100001   10000000.000000000        13101.318910778036        2.0724206393130746E-004   2.0838304121309896E-004   2.0956271171432977E-004   2.1107420735055397E-004   2.1298426395198437E-004   2.1512124311503931E-004   2.1902127954729676E-004   2.2589236327580286E-004   2.4993593643938324E-004   2.8339324798610138E-004   3.0945160132378267E-005
      100001   10000000.000000000        14248.637957263581        2.3865360850950314E-004   2.3996724201140311E-004   2.4132550638676729E-004   2.4306592597084985E-004   2.4526470188979284E-004   2.4772348533945432E-004   2.5221053965260396E-004   2.6011746685910024E-004   2.8780877898637027E-004   3.2633238569546280E-004   3.5665726141898548E-005
      100001   10000000.000000000        15496.430933388809        2.7337925281324741E-004   2.7488369308145764E-004   2.7643934538038929E-004   2.7843280266354718E-004   2.8095058373270396E-004   2.8376464567657301E-004   2.8889970190701196E-004   2.9795044734058591E-004   3.2967511259339460E-004   3.7379833254812782E-004   4.0891350115974717E-005
      100001   10000000.000000000        16853.496621469865        3.1164330134675507E-004   3.1335791517577783E-004   3.1513101241641887E-004   3.1740324633765325E-004   3.2027233803586864E-004   3.2347733313050638E-004   3.2932532955139615E-004   3.3963493088115298E-004   3.7580478608103158E-004   4.2609678383004291E-004   4.6657501723503872E-005
      100001   10000000.000000000        18329.404337736843        3.5368567270541965E-004   3.5563112658710383E-004   3.5764307577075181E-004   3.6022156299663583E-004   3.6347642866709878E-004   3.6711033627696978E-004   3.7374042427907748E-004   3.8543144918139004E-004   4.2648638715531834E-004   4.8355463766832258E-004   5.3002243673569588E-005
      100001   10000000.000000000        19934.561410138173        3.9976418467170928E-004   4.0196254043083714E-004   4.0423619827049381E-004   4.0715028219526580E-004   4.1082770147433056E-004   4.1493099093898938E-004   4.2241683150834590E-004   4.3561991259340437E-004   4.8202998375478247E-004   5.4652309582716677E-004   5.9966613907660169E-005
      100001   10000000.000000000        21680.286565364473        4.5015696219695195E-004   4.5263178536036642E-004   4.5519157132621651E-004   4.5847260835403026E-004   4.6261185662305134E-004   4.6722767390040891E-004   4.7564777217674816E-004   4.9050221124444639E-004   5.4277000898791006E-004   6.1538092519830784E-004   6.7595040027429578E-005
      100001   10000000.000000000        23578.889742579249        5.0516497056501714E-004   5.0794145197970999E-004   5.1081347524432256E-004   5.1449499916670922E-004   5.1913804875142037E-004   5.2431242452224860E-004   5.3375050234223307E-004   5.5040494465341636E-004   6.0906829086619749E-004   6.9053788061386229E-004   7.5935791091829167E-005
      100001   10000000.000000000        25643.758896660285        5.6511468051545272E-004   5.6821977171106475E-004   5.7143197257269985E-004   5.7554987787090289E-004   5.8074162163657529E-004   5.8652370063233409E-004   5.9706910628559121E-004   6.1568228461916937E-004   6.8131723297574468E-004   7.7243829495853109E-004   8.5041474008795039E-005
      100001   10000000.000000000        27889.454403043019        6.3036087564305508E-004   6.3382343841583623E-004   6.3740574478048703E-004   6.4199848971474246E-004   6.4778698762097515E-004   6.5422927853203000E-004   6.6597743210202332E-004   6.8671897921452512E-004   7.5994315586022480E-004   8.6156484632939859E-004   9.4969584229171082E-005
      100001   10000000.000000000        30331.811729859663        7.0128961473148882E-004   7.0514058539638852E-004   7.0912508489593209E-004   7.1423391527924822E-004   7.2067066433877558E-004   7.2782930911465828E-004   7.4088218062201810E-004   7.6393350715629391E-004   8.4540981082582660E-004   9.5844251370777402E-004   1.0578312352742069E-004
      100001   10000000.000000000        32988.053101364101        7.7832136252224975E-004   7.8259393121935504E-004   7.8701505951841826E-004   7.9268425409441076E-004   7.9982448198941776E-004   8.0775954257652116E-004   8.2222615852654054E-004   8.4778139118670437E-004   9.3822207766442833E-004   1.0636427316881899E-003   1.1755130160796354E-004
      100001   10000000.000000000        35876.908940033594        8.6191430141073966E-004   8.6664410673793248E-004   8.7153885251485465E-004   8.7781599084632014E-004   8.8571897314561972E-004   8.9449473261238386E-004   9.1049170425012841E-004   9.3875867584080881E-004   1.0389298548632300E-003   1.1777877505346355E-003   1.3035034349087233E-004
      100001   10000000.000000000        39018.749943694966        9.5256783326814662E-004   9.5779317231249822E-004   9.6320129926278459E-004   9.7013755296268111E-004   9.7886695339189310E-004   9.8855222682413062E-004   1.0062042901262341E-003   1.0374055684060422E-003   1.1481321445363365E-003   1.3015551993020103E-003   1.4426443161752759E-004
      100001   10000000.000000000        42435.730729013565        1.0508262744970335E-003   1.0565883280128411E-003   1.0625526139816056E-003   1.0702030619463205E-003   1.0798272944124998E-003   1.0904957427367629E-003   1.1099362955334677E-003   1.1443102311757968E-003   1.2664813237342645E-003   1.4356828358496080E-003   1.5938682105348054E-004
      100001   10000000.000000000        46151.946054241162        1.1572827379454052E-003   1.1636258099252731E-003   1.1701923028833484E-003   1.1786162708762257E-003   1.1892088808411988E-003   1.2009393176166273E-003   1.2223109327447691E-003   1.2601126972794933E-003   1.3946875779606738E-003   1.5809734469107530E-003   1.7582117894727884E-004
      100001   10000000.000000000        50193.600722828931        1.2725831817876178E-003   1.2795549519294825E-003   1.2867732419091932E-003   1.2960346663368138E-003   1.3076747275535127E-003   1.3205514044712192E-003   1.3440062888813047E-003   1.3855088603420104E-003   1.5335234505234471E-003   1.7382998323499188E-003   1.9368321670691386E-004
      100001   10000000.000000000        54589.194365971067        1.3974305873311918E-003   1.4050823738379398E-003   1.4130058790683558E-003   1.4231736940289331E-003   1.4359462144694858E-003   1.4500590654652503E-003   1.4757594229708214E-003   1.5212544588781649E-003   1.6838284316109794E-003   1.9086097685391320E-003   2.1310270671811020E-004
      100001   10000000.000000000        59369.722407071960        1.5325892045531713E-003   1.5409762332154202E-003   1.5496624974577929E-003   1.5608110430461947E-003   1.5748073709200634E-003   1.5902521870469169E-003   1.6183704259941244E-003   1.6681689387776344E-003   1.8465134727486106E-003   2.0929307946418686E-003   2.3422600684700382E-004
      100001   10000000.000000000        64568.894625233588        1.6788887761942082E-003   1.6880704496890636E-003   1.6975814460715693E-003   1.7097908944190552E-003   1.7251091113797020E-003   1.7419876084945284E-003   1.7727063140128483E-003   1.8271390312532419E-003   2.0225652651989661E-003   2.2923746011493692E-003   2.5721925801063759E-004
      100001   10000000.000000000        70223.372858955801        1.8372286197427844E-003   1.8472687784112810E-003   1.8576712127890255E-003   1.8710280063206650E-003   1.8877732902235099E-003   1.9061930187656629E-003   1.9397045813798477E-003   1.9991218303784318E-003   2.2130500658843785E-003   2.5081407220685515E-003   2.8227247603353401E-004
      100001   10000000.000000000        76373.029526213533        2.0085814148975934E-003   2.0195485768253387E-003   2.0309141807377429E-003   2.0455114745891747E-003   2.0637964085571826E-003   2.0838704390762656E-003   2.1203761964154995E-003   2.1851470975613181E-003   2.4191167949173266E-003   2.7415191428909981E-003   3.0960483297405843E-004
      100001   10000000.000000000        83061.228783857878        2.1939965186539923E-003   2.2059640825876276E-003   2.2183698821612143E-003   2.2343079795992035E-003   2.2542527779945542E-003   2.2760990778750373E-003   2.3158077836010890E-003   2.3863184680944938E-003   2.6419990723449949E-003   2.9938913424996522E-003   3.3947152029479319E-004
      100001   10000000.000000000        90335.132308930857        2.3946026227109111E-003   2.4076490121852623E-003   2.4211775547976640E-003   2.4385643209177718E-003   2.4602969368690210E-003   2.4840373339411171E-003   2.5271627184828937E-003   2.6038132023501852E-003   2.8830158223491407E-003   3.2667292029010019E-003   3.7217271316596778E-004
      100001   10000000.000000000        98246.031858102593        2.6116095979538752E-003   2.6258183191115434E-003   2.6405578343593242E-003   2.6595090695268023E-003   2.6831651443934108E-003   2.7089237541956163E-003   2.7556808880271171E-003   2.8388801370548894E-003   3.1435700751721819E-003   3.5615911740102153E-003   4.0806531992153180E-004
      100001   10000000.000000000        106849.71095026600        2.8463094696467616E-003   2.8617690489854764E-003   2.8778135147396870E-003   2.8984532656809898E-003   2.9241758808042861E-003   2.9520768607119857E-003   3.0026769786772275E-003   3.0928355923986362E-003   3.4251456803906745E-003   3.8801151233085799E-003   4.4757841316739918E-004
      100001   10000000.000000000        116206.83822268601        3.1000766838625046E-003   3.1168804463488891E-003   3.1343295250176395E-003   3.1567903090161950E-003   3.1847295084024203E-003   3.2148940014746150E-003   3.2695374073482279E-003   3.3670572450150379E-003   3.7293018742674210E-003   4.2240075264745654E-003   4.9123351098510893E-004
      100001   10000000.000000000        126383.39523444363        3.3743682372711255E-003   3.3926138814018565E-003   3.4115726870707934E-003   3.4359956047728206E-003   3.4663076801214822E-003   3.4988498368787027E-003   3.5577165005495474E-003   3.6629764885942268E-003   4.0576661228118316E-003   4.5950292376924964E-003   5.3967122054642555E-004
      100001   10000000.000000000        137451.14173382093        3.6707249662126362E-003   3.6905138932583370E-003   3.7110925491611554E-003   3.7376272662273842E-003   3.7704738415249637E-003   3.8054958778019942E-003   3.8687333949576235E-003   3.9820707302321064E-003   4.4119265585104992E-003   4.9949793285019783E-003   5.9368618251983047E-004
      100001   10000000.000000000        149488.12167044831        3.9907764821498258E-003   4.0122128460788452E-003   4.0345257971682452E-003   4.0633303874821076E-003   4.0988774198725099E-003   4.1364638094183231E-003   4.2041725632957529E-003   4.3258586192469421E-003   4.7938268847681938E-003   5.4256809140906907E-003   6.5427276312894482E-004
      100001   10000000.000000000        162579.21352035040        4.3362542328641753E-003   4.3594437019734951E-003   4.3836087649687366E-003   4.4148494332254635E-003   4.4532663718019590E-003   4.4934775155207425E-003   4.5656932285864900E-003   4.6959037748615685E-003   5.2051693375011589E-003   5.8889774606866244E-003   7.2268455616875409E-004
      100001   10000000.000000000        176816.72880448613        4.7090248170564728E-003   4.7340731292485278E-003   4.7602103400011800E-003   4.7940611286964290E-003   4.8355207284869290E-003   4.8783869709782390E-003   4.9550617502077919E-003   5.0938422149365290E-003   5.6478417322310152E-003   6.3867631035110463E-003   8.0051010767427601E-004
      100001   10000000.000000000        192301.06302123182        5.1111209248031492E-003   5.1381321070855758E-003   5.1663622147469718E-003   5.2030045544148185E-003   5.2476835288345564E-003   5.2931999075653789E-003   5.3741817881645072E-003   5.5214062446606264E-003   6.1238394227855712E-003   6.9210212259785643E-003   8.8977699509804758E-004
      100001   10000000.000000000        209141.40358283502        5.5446913196267357E-003   5.5737647170112535E-003   5.6042064693618181E-003   5.6438276308826089E-003   5.6919071662743150E-003   5.7400272405897738E-003   5.8250338328539918E-003   5.9803488754282879E-003   6.6351783082111860E-003   7.4937617512623326E-003   9.9311853499524328E-004
      100001   10000000.000000000        227456.49974784054        6.0121209495605328E-003   6.0433483486290410E-003   6.0761157126348209E-003   6.1189074169534672E-003   6.1705765271016181E-003   6.2212114396075291E-003   6.3098090851861459E-003   6.4725778176670514E-003   7.1840249602109097E-003   8.1072596075982568E-003   1.1139627831472478E-003
      100001   10000000.000000000        247375.49997864486        6.5161877470708866E-003   6.5496507384110725E-003   6.5848501058360107E-003   6.6310072016349366E-003   6.6864695179202488E-003   6.7394945991972321E-003   6.8310873808428169E-003   7.0003378430869082E-003   7.7728551600242373E-003   8.7643647014181338E-003   1.2567897592890937E-003
      100001   10000000.000000000        269038.86262878962        7.0602424316960673E-003   7.0960100060914934E-003   7.1337372779656646E-003   7.1834560837790613E-003   7.2429399997104120E-003   7.2982107183113118E-003   7.3920436473598056E-003   7.5664263114375314E-003   8.4046038854412621E-003   9.4687199568069536E-003   1.4274938534264319E-003
      100001   10000000.000000000        292599.34638167988        7.6486441167881707E-003   7.6867724179715572E-003   7.7271117481359205E-003   7.7805895908748353E-003   7.8443638514750415E-003   7.9017475767670150E-003   7.9969404093427308E-003   8.1747215010106265E-003   9.0831520701981517E-003   1.0224893606577442E-002   1.6338372669908743E-003
      100001   10000000.000000000        318223.08742478525        8.2874950435564924E-003   8.3280316931251229E-003   8.3710582796440239E-003   8.4284962674483158E-003   8.4968918393349777E-003   8.5563196824044313E-003   8.6519476021132205E-003   8.8310716057333448E-003   9.8143450848077081E-003   1.1038150772856189E-002   1.8859964371087722E-003
      100001   10000000.000000000        346090.77095499361        8.9829323109702711E-003   9.0259048753601415E-003   9.0716715964298134E-003   9.1332570987055200E-003   9.2066631311955287E-003   9.2681502110238730E-003   9.3632623118267925E-003   9.5412978485286855E-003   1.0603783916667968E-002   1.1910547169484840E-002   2.1981611188940254E-003
      100001   10000000.000000000        376398.90527594875        9.7409847442698257E-003   9.7863866176840838E-003   9.8349070424772981E-003   9.9007884541933693E-003   9.9796408375531012E-003   1.0043317098366297E-002   1.0136991751015735E-002   1.0311129704613597E-002   1.0998338303158023E-002   1.2842430575397901E-002   2.5904714858656116E-003
      100001   10000000.000000000        409361.20747165574        1.0574692338536652E-002   1.0622522706449556E-002   1.0673808662699270E-002   1.0744129805833136E-002   1.0828959544762125E-002   1.0895203633306035E-002   1.0986882354203630E-002   1.1154485813375595E-002   1.1842056580907048E-002   1.3849835741858357E-002   3.0897505383479652E-003
      100001   10000000.000000000        445210.11042738560        1.1493862521830368E-002   1.1544085972124293E-002   1.1598103990104164E-002   1.1672939793911364E-002   1.1764293039769697E-002   1.1833688088914057E-002   1.1923154081099948E-002   1.2081697114396531E-002   1.2757446882710998E-002   1.4948483976945691E-002   3.7365778307986361E-003
      100001   10000000.000000000        484198.40182460181        1.2513618932634323E-002   1.2566190418062801E-002   1.2622885620951317E-002   1.2702253968971065E-002   1.2800677998585478E-002   1.2874059312734696E-002   1.2961693070737662E-002   1.3109336073677771E-002   1.3759782538666918E-002   1.6146627606900357E-002   4.5904099168667120E-003
      100001   10000000.000000000        526601.00666724879        1.3650010325714531E-002   1.3704868830507456E-002   1.3764158622150191E-002   1.3847995960840355E-002   1.3953960387289356E-002   1.4032355198740066E-002   1.4119197461795017E-002   1.4255140487440213E-002   1.4866409775962814E-002   1.7452537461239218E-002   5.7432424354966717E-003
      100001   10000000.000000000        572716.92590884247        1.4918856166248983E-002   1.4975915754871560E-002   1.5037682583708927E-002   1.5125820852292702E-002   1.5239619164726123E-002   1.5324130018717793E-002   1.5411850469867315E-002   1.5536639275457816E-002   1.6095959940838817E-002   1.8892036012273385E-002   7.3411962451722578E-003
      100001   10000000.000000000        622871.34485053364        1.6336669086800131E-002   1.6395825675468649E-002   1.6459928457746322E-002   1.6552104841234892E-002   1.6673778090938417E-002   1.6765431036562688E-002   1.6856195187886058E-002   1.6971935726042275E-002   1.7469985744102245E-002   2.0469737208547542E-002   9.6140636695750802E-003
      100001   10000000.000000000        677417.92617748480        1.7915510748155467E-002   1.7976632534998892E-002   1.8042901504585422E-002   1.8138759880257548E-002   1.8268019438864098E-002   1.8367561870924028E-002   1.8463710279207856E-002   1.8573896128062577E-002   1.9006864460095290E-002   2.2203236530794639E-002   1.2896356048142626E-002
      100001   10000000.000000000        736741.30380282935        1.9655562702779825E-002   1.9718463999305137E-002   1.9786676460322648E-002   1.9885754529874670E-002   2.0021919277334342E-002   2.0129610404647193E-002   2.0233223220295620E-002   2.0342186535394966E-002   2.0712961729590341E-002   2.4087884038942808E-002   1.7558565436769830E-002
      100001   10000000.000000000        801259.79510451166        2.1538827396232609E-002   2.1603251716930436E-002   2.1673115342290203E-002   2.1774847969056398E-002   2.1916850599058162E-002   2.2032314679412111E-002   2.2144776716091073E-002   2.2256919330253356E-002   2.2575163347862737E-002   2.6103789146719465E-002   2.3677463962441244E-002
      100001   10000000.000000000        871428.35068025719        2.3510152842428605E-002   2.3575715966690811E-002   2.3646806261207895E-002   2.3750459203970814E-002   2.3896822761602966E-002   2.4018941179459043E-002   2.4140537569801893E-002   2.4259392328745865E-002   2.4539514446350479E-002   2.7075128502438667E-002   3.0521832907115770E-002
      100001   10000000.000000000        947741.76242084394        2.5475144899265913E-002   2.5541339364230680E-002   2.5613102431939594E-002   2.5717787445163259E-002   2.5866745390920348E-002   2.5993740425819166E-002   2.6123485828766391E-002   2.6250972946189558E-002   2.6509316863667858E-002   2.8723420717645790E-002   3.6621763998739634E-002
      100001   10000000.000000000        1030738.1525232699        2.7310100677255002E-002   2.7376397145922427E-002   2.7448257423908894E-002   2.7553087354173219E-002   2.7702908383797839E-002   2.7832705768622040E-002   2.7968556281603066E-002   2.8104600194203647E-002   2.8356059843975281E-002   3.0267624690343241E-002   4.0658541168021763E-002
      100001   10000000.000000000        1121002.7680465493        2.8971678501520569E-002   2.9038018305067696E-002   2.9109910807389096E-002   2.9214765730897204E-002   2.9364915835704542E-002   2.9496311476686164E-002   2.9636386809950711E-002   2.9779652085702674E-002   3.0035510883524040E-002   3.1742246728809778E-002   4.2227850482907253E-002
      100001   10000000.000000000        1219172.1077673580        2.9252853523021930E-002   2.9319326069808940E-002   2.9391344470011401E-002   2.9496341052792144E-002   2.9646599583081058E-002   2.9778092090768163E-002   2.9918394990820003E-002   3.0061975816755425E-002   3.0319112504712663E-002   3.2214249622265767E-002   4.0532060569674407E-002
      100001   10000000.000000000        1325938.4104359150        2.6193596524953604E-002   2.6257262439648710E-002   2.6326218686282998E-002   2.6426690064222866E-002   2.6569907268477074E-002   2.6693554697154030E-002   2.6822357626038407E-002   2.6950183327622251E-002   2.7199542067847946E-002   3.0071083118611085E-002   3.2211002685433365E-002
      100001   10000000.000000000        1442054.5360809742        1.6342054238437133E-002   1.6390086203266364E-002   1.6442098044886350E-002   1.6517695116348131E-002   1.6623058511123844E-002   1.6708624462411170E-002   1.6790821896356490E-002   1.6871901299604333E-002   1.7259171095710891E-002   1.8108655035803993E-002   9.8994394644094565E-003
      100001   10000000.000000000        1568339.2747843021        1.0885146828843426E-002   1.0919978513753216E-002   1.0957688100846038E-002   1.1012311958102598E-002   1.1086928094723126E-002   1.1145176294387417E-002   1.1200316308571519E-002   1.1269936343268505E-002   1.1879041737546855E-002   1.1460626664519986E-002   4.0638102031034838E-003
      100001   10000000.000000000        1705683.1203593500        9.9069159507595445E-003   9.9367643007444925E-003   9.9690844454859984E-003   1.0016026765811231E-002   1.0081135284926452E-002   1.0133449891423906E-002   1.0183515864130927E-002   1.0238406687564186E-002   1.0645860223498005E-002   1.0369380780360106E-002   5.0439682675463976E-003
      100001   10000000.000000000        1855054.5496470677        9.2574383099446461E-003   9.2836255155275844E-003   9.3119834677513006E-003   9.3532379543372034E-003   9.4111421085365469E-003   9.4589151051739755E-003   9.5056841667601200E-003   9.5527201048828756E-003   9.8095571083244067E-003   9.6720085327091591E-003   6.3137553918764921E-003
      100001   10000000.000000000        2017506.8517071931        8.8588326982295962E-003   8.8830671505408243E-003   8.9093109497791027E-003   8.9475100375429918E-003   9.0013857409586336E-003   9.0463848631943313E-003   9.0910598548531122E-003   9.1350686496871041E-003   9.3305624782498587E-003   1.3505650497126844E-002   6.9190170142715487E-003
      100001   10000000.000000000        2194185.5550608300        8.3161442694099814E-003   8.3399898654392055E-003   8.3658117996783920E-003   8.4033664102669773E-003   8.4559570114394363E-003   8.4991140411074407E-003   8.5410904039617958E-003   8.5830681571854080E-003   8.8029643325593550E-003   8.7857078436728766E-003   5.4012613417758846E-003
      100001   10000000.000000000        2386336.5053574229        6.5248986669400790E-003   6.5463447199840142E-003   6.5695593104000112E-003   6.6031295214584026E-003   6.6486020821380463E-003   6.6835882609369889E-003   6.7161466628286280E-003   6.7550089863544589E-003   7.0380551657195315E-003   7.2084641546362746E-003   2.2408481104426630E-003
      100001   10000000.000000000        2595314.6504255468        4.3147652299340153E-003   4.3315207969601378E-003   4.3496227858548933E-003   4.3753082598088598E-003   4.4078460997023314E-003   4.4307719917022377E-003   4.4530098108142690E-003   4.4880746368206473E-003   4.6981764021023879E-003   5.7196095374966588E-003   1.1282949060774853E-003
      100001   10000000.000000000        2822593.5946550933        1.8011027339618309E-003   1.8101844221586063E-003   1.8198595739336767E-003   1.8343928259804108E-003   1.8639871103300649E-003   1.9022685128787101E-003   1.9555196892353864E-003   2.0205204646105285E-003   2.1491112123162744E-003   2.5816208434611904E-003   3.1798399255327268E-004
      100001   10000000.000000000        3069775.9900833662        5.4124749184955936E-004   5.4777923450041786E-004   5.6404823554972517E-004   6.0600914559140852E-004   6.8230944427166793E-004   7.4322837347188826E-004   7.5853287699458765E-004   6.0825543184952807E-004   7.4232355107654955E-004   9.3545645147536044E-004   2.6988349197664789E-005
      100001   10000000.000000000        3338604.8374575973        1.9839477971530205E-004   2.0763750837846353E-004   2.2671765662594457E-004   2.5659629548307214E-004   2.8854926087520960E-004   2.9660416789122345E-004   2.4993999420694005E-004   2.5252813011409904E-004   2.7695570496087159E-004   4.1152146494284142E-004   2.1304520265853286E-006
      100001   10000000.000000000        3630975.7769629848        4.9924887891816702E-005   5.6014285265790722E-005   6.2878794944534017E-005   7.2619764183667928E-005   7.7508515940744843E-005   5.5252004857279935E-005   5.7921016634430802E-005   5.7288732309183594E-005   5.7519119651357442E-005   1.0534323529816956E-004   2.0398216758656307E-007
      100001   10000000.000000000        3948950.4552841196        3.9773990447652212E-006   4.5214040520540639E-006   5.0754688955053207E-006   5.4903241105553353E-006   3.8355589734624202E-006   3.8215125913759643E-006   4.0051607724832948E-006   5.2599780760646948E-006   7.7252358747064175E-006   8.2842817846389259E-006   1.3451490100818892E-008
      100001   10000000.000000000        4294771.0632572537        1.7811132871476264E-007   2.0178556439577282E-007   2.2635237401008424E-007   2.4517543065836369E-007   1.7554428078751314E-007   1.6797853455272561E-007   1.8247464390718213E-007   2.3766565846502531E-007   3.3959116608637871E-007   3.7083736185356830E-007   6.0415863183029748E-010
      100001   10000000.000000000        4670876.1466253446        7.7050163680368135E-009   8.7232535094261610E-009   9.7836503573515416E-009   1.0599971958505442E-008   7.6291696109353437E-009   7.2415707845202083E-009   7.9187927719554023E-009   1.0299315986941885E-008   1.4635785971703940E-008   1.6039520516460237E-008   2.6146961701968889E-011
      100001   10000000.000000000        5079917.8013849705        3.2587797180436518E-010   3.7266190784655456E-010   4.1858256782848736E-010   4.5169379495593843E-010   3.0460842287452639E-010   3.3564278161374228E-010   3.1361753556239708E-010   4.2186548291485563E-010   6.5259703115733322E-010   6.7606553695992142E-010   1.0870069428305771E-012
      100001   10000000.000000000        5524780.3749778615        1.3206533106665550E-011   1.5118185975578706E-011   1.6980631165852639E-011   1.8319889986195951E-011   1.2428018696532143E-011   1.4835544386258605E-011   1.2469211287959068E-011   1.6945132104880018E-011   2.6471014038574622E-011   2.7285990457076085E-011   4.3634046736965069E-014
      100001   10000000.000000000        6008600.8051978257        5.5296984216932825E-013   6.4950673439267620E-013   6.9250458099146582E-013   8.0384141855686448E-013   6.3163550151134072E-013   6.4697432440032454E-013   4.5204950224139510E-013   9.5034936340700871E-013   8.6329248498388063E-013   1.1783538335990979E-012   1.6465730860606021E-015
      100001   10000000.000000000        6534790.7402325803        4.7830544716280754E-014   5.4985451834217548E-014   5.7681794149370881E-014   4.1946729606653034E-014   3.3070201844208623E-014   6.4655869683495068E-014   4.9910963560586422E-014   6.0111352741234323E-014   6.5365565408944787E-014   1.0047398307404870E-013   5.4003399612750887E-017
      100001   10000000.000000000        7107060.5958192665        4.5168519363249768E-015   5.0699612742006605E-015   5.4438750606212450E-015   3.5308494879574927E-015   1.1284217642125136E-014   1.0118156942060935E-014   2.2791175046367216E-015   6.3812867402870527E-016   6.6824336461554883E-017   1.3190853957018546E-015   1.8431462737676087E-018
      100001   10000000.000000000        7729445.7191523332        6.8187631117109490E-016   5.8034410797105757E-016   9.6223290680834976E-016   1.6397267046347786E-016   2.3817156504208669E-017   6.5857738301399558E-018   2.0799367190805461E-018   7.3720509205113997E-019   2.5833060079344685E-019   3.9047475864589734E-017   6.3346918869225325E-020
      100001   10000000.000000000        8406334.8440376241        2.8223964550364747E-017   3.5433665256838113E-018   7.1706805528497109E-019   1.3873962745550041E-019   2.7966315710692677E-020   1.1266859462251133E-020   6.3842499545178680E-021   4.7639181542388174E-021   6.3110252921490802E-021   1.2808646140475436E-018   2.1072087606861266E-021
      100001   10000000.000000000        9142501.0379438680        1.8098859840426058E-020   3.5365605537452704E-021   9.8174366063348810E-022   3.6739632989771192E-022   2.0038179045937222E-022   1.5747489165978810E-022   1.4078956662193038E-022   1.3259219741067288E-022   2.0058003685620606E-022   4.0970602222108820E-020   6.7511483776154072E-023
      100001   10000000.000000000        9943135.3591737300        5.4395680592203245E-023   2.2860087203509377E-023   1.2666220173438892E-023   9.2530302353193952E-024   7.0234186134649236E-024   6.0285542929676540E-024   5.5303539773939037E-024   5.2421747114312733E-024   7.3385881346615429E-024   1.2598160099060155E-021   2.0920968917524972E-024
      100001   10000000.000000000        10813883.461487234        4.3885465413973360E-024   3.1644314359380817E-024   2.6047114836104492E-024   2.0932221856714930E-024   1.7266369504735804E-024   1.5395075279989747E-024   1.4000923847839046E-024   1.3104750558875366E-024   1.3491845001822991E-024   3.4807620386198583E-023   7.1654543572857569E-026
      100001   10000000.000000000        11760885.404294103        2.5002214680454008E-023   1.8984360650004079E-023   1.5665695716251318E-023   1.2140236896600782E-023   9.7743120718474773E-024   8.4866681383587076E-024   7.4293832097587118E-024   6.6706546285397509E-024   5.8307749318392129E-024   3.1495799510584639E-024   1.5285944445330818E-026
      100001   10000000.000000000        12790818.949135916        6.7234344682603312E-023   4.8619404912387390E-023   3.7631547069773768E-023   2.7653011835340765E-023   2.1277265859452001E-023   1.7666292440002838E-023   1.4617396586712123E-023   1.2253439324422765E-023   8.4444659407494070E-024   1.4344359358193240E-024   6.2275667399156689E-027
      100001   10000000.000000000        13910946.647761630        6.8436950456770810E-023   4.9438498384864637E-023   3.8211108138692197E-023   2.8043924983649240E-023   2.1552904548565080E-023   1.7873012327349089E-023   1.4764554167961625E-023   1.2351037929352959E-023   8.4489637939577018E-024   1.4103102505144321E-024   6.0995588801301448E-027
      100001   10000000.000000000        15129167.053837782        6.7916751602219761E-023   4.9085030283627932E-023   3.7961491932930530E-023   2.7875612683606779E-023   2.1434124117862848E-023   1.7783730789839628E-023   1.4700748286543519E-023   1.2308379366989108E-023   8.4459582819122845E-024   1.4199978973864681E-024   6.1513277696929967E-027
      100001   10000000.000000000        16454070.419410402        6.7903852925751580E-023   4.9076458334680087E-023   3.7955445487204384E-023   2.7871598095335846E-023   2.1431352936922672E-023   1.7781692904442101E-023   1.4699331583308564E-023   1.2307469462392890E-023   8.4460168611104614E-024   1.4203897315595749E-024   6.1529969541626625E-027
      100001   10000000.000000000        17894999.268861804        6.7904658682558367E-023   4.9077150818779596E-023   3.7955923316775235E-023   2.7871986418924234E-023   2.1431700956531539E-023   1.7782018094002795E-023   1.4699626404470100E-023   1.2307733902934087E-023   8.4462426274893401E-024   1.4205616763557823E-024   6.1534753781534704E-027
      100001   10000000.000000000        19462114.277498070        6.7908044732079986E-023   4.9079613964406195E-023   3.7957666195410271E-023   2.7873220936039609E-023   2.1432633228507538E-023   1.7782766482709810E-023   1.4700205452409034E-023   1.2308165508611473E-023   8.4464135005721393E-024   1.4206449332047490E-024   6.1535306327689928E-027
      100001   10000000.000000000        21166465.919307370        6.7913542439215503E-023   4.9083539878674960E-023   3.7960453657611762E-023   2.7875159769346435E-023   2.1434057938416126E-023   1.7783876853972559E-023   1.4701032968960970E-023   1.2308749420988666E-023   8.4465558055118139E-024   1.4206704059911359E-024   6.1532817991041950E-027
      100001   10000000.000000000        23020072.389113221        6.7919541850739493E-023   4.9087819555709833E-023   3.7963487151350371E-023   2.7877273181551732E-023   2.1435616520788189E-023   1.7785097944287781E-023   1.4701950012732778E-023   1.2309405021542334E-023   8.4467387815076579E-024   1.4207145808187150E-024   6.1530750311147458E-027
      100001   10000000.000000000        25036004.348587755        6.7924932621276534E-023   4.9091687834538903E-023   3.7966215451035250E-023   2.7879195674113558E-023   2.1437061873119444E-023   1.7786256965462803E-023   1.4702847731788485E-023   1.2310077729458474E-023   8.4470117177361521E-024   1.4208310529897213E-024   6.1531524474527793E-027
      100001   10000000.000000000        27228477.093709577        6.7929289367022682E-023   4.9094854510255663E-023   3.7968429404943672E-023   2.7880789767595998E-023   2.1438302385683405E-023   1.7787291049905829E-023   1.4703687787573833E-023   1.2310749910213829E-023   8.4473969235643032E-024   1.4210434468254840E-024   6.1536155474573510E-027
      100001   10000000.000000000        29612950.793583296        6.7932641042340472E-023   4.9097344657898590E-023   3.7970146655178533E-023   2.7882069494812939E-023   2.1439350236295570E-023   1.7788211200117899E-023   1.4704479801747432E-023   1.2311429822849778E-023   8.4479006821590568E-024   1.4213568177324033E-024   6.1544772056118870E-027
      100001   10000000.000000000        32206239.507452108        6.7935232465088230E-023   4.9099333334889083E-023   3.7971492210122514E-023   2.7883121180071221E-023   2.1440267932742379E-023   1.7789065129939383E-023   1.4705258253376007E-023   1.2312140507370612E-023   8.4485250796516820E-024   1.4217696670227706E-024   6.1557164213215667E-027
      100001   10000000.000000000        35026629.748634435        6.7937361241704870E-023   4.9101032936453898E-023   3.7972617096127809E-023   2.7884049595629884E-023   2.1441132093983303E-023   1.7789912176098933E-023   1.4706066966697038E-023   1.2312912423561313E-023   8.4492762675345965E-024   1.4222823765925229E-024   6.1573162065749506E-027
      100001   10000000.000000000        38094009.431434512        6.7939296018577504E-023   4.9102637211978780E-023   3.7973657899044236E-023   2.7884951393614448E-023   2.1442015819069604E-023   1.7790811306448958E-023   1.4706951937291106E-023   1.2313780359469170E-023   8.4501692527159933E-024   1.4229020035447793E-024   6.1592842339756491E-027
      100001   10000000.000000000        41430008.110294931        6.7941255730634929E-023   4.9104307806575955E-023   3.7974726852303435E-023   2.7885909057800808E-023   2.1442985250128677E-023   1.7791819363955364E-023   1.4707960949220122E-023   1.2314784190993566E-023   8.4512309870586133E-024   1.4236449401683325E-024   6.1616627373380156E-027
      100001   10000000.000000000        45058149.500081860        6.7943420971717689E-023   4.9106183464729691E-023   3.7975918027454189E-023   2.7886995940723337E-023   2.1444104158744146E-023   1.7792995463699398E-023   1.4709147682986761E-023   1.2315972711570202E-023   8.4525039217263451E-024   1.4245394109330277E-024   6.1645360707742790E-027
      100001   10000000.000000000        49004017.352997556        6.7945957218277889E-023   4.9108398202341173E-023   3.7977319620579068E-023   2.7888285989767189E-023   2.1445442545411290E-023   1.7794409065183205E-023   1.4710579125410868E-023   1.2317410433483905E-023   8.4540520804861095E-024   1.4256296137799466E-024   6.1680431708158249E-027
      100001   10000000.000000000        53295435.861797445        6.7949043965435599E-023   4.9111104994752894E-023   3.7979029592964388E-023   2.7889866827418788E-023   2.1447088972139361E-023   1.7796152160495907E-023   1.4712347278730366E-023   1.2319188817996980E-023   8.4559721235747756E-024   1.4269834202967476E-024   6.1724016724310720E-027
      100001   10000000.000000000        57962665.861418702        6.7952915163553761E-023   4.9114510058328414E-023   3.7981177773889337E-023   2.7891859280612384E-023   2.1449170055218628E-023   1.7798359340237920E-023   1.4714589084076246E-023   1.2321445952940612E-023   8.4584139075235265E-024   1.4287068723770802E-024   6.1779542439722102E-027
      100001   10000000.000000000        63038618.212534659        6.7957926445160886E-023   4.9118931462211982E-023   3.7983963067842991E-023   2.7894451427305618E-023   2.1451885593576596E-023   1.7801244757706146E-023   1.4717523744732894E-023   1.2324403944599452E-023   8.4616206183599435E-024   1.4309726609638883E-024   6.1852604364462963E-027
      100001   10000000.000000000        68559085.871700674        6.7964685159812317E-023   4.9124914452624944E-023   3.7987725998080900E-023   2.7897966344392973E-023   2.1455579758531256E-023   1.7805177911661070E-023   1.4721529905176103E-023   1.2328446790245168E-023   8.4660134615576732E-024   1.4340804637327352E-024   6.1952922037067649E-027
      100001   10000000.000000000        74562996.284531817        6.7974341772804337E-023   4.9133492564985959E-023   3.7993112116138377E-023   2.7903016480127327E-023   2.1460904936640649E-023   1.7810859136764283E-023   1.4727325178088993E-023   1.2334302180037595E-023   8.4723907451147380E-024   1.4385992552035208E-024   6.2098964464418004E-027
      100001   10000000.000000000        81092685.881652892        6.7989365533863610E-023   4.9146887237479309E-023   3.8001508574575378E-023   2.7910918788818188E-023   2.1469264793034436E-023   1.7819795765323874E-023   1.4736454441914132E-023   1.2343536942652383E-023   8.4824725661076153E-024   1.4457580443906405E-024   6.2330683515332382E-027
      100001   10000000.000000000        88194198.613027439        6.8016148834251671E-023   4.9170871578023791E-023   3.8016515612286005E-023   2.7925101709191142E-023   2.1484322907230860E-023   1.7835927965485449E-023   1.4752960425339035E-023   1.2360254732994533E-023   8.5007738518222346E-024   1.4587961460488167E-024   6.2753669033554218E-027
      100001   10000000.000000000        95917610.625768691        6.8077784608727252E-023   4.9226496001478009E-023   3.8051216679502302E-023   2.7958121041098941E-023   2.1519583482288224E-023   1.7873835376524682E-023   1.4791843320486938E-023   1.2399714462042284E-023   8.5441693636097390E-024   1.4899205438749660E-024   6.3768169940898898E-027
