  0.33999998867511749       0.51500000059604645       0.73000001907348633        1.0850000381469727        1.6700000166893005        2.2599999904632568        3.0000000000000000        3.9500000476837158        6.5499999523162842        14.349999904632568        172.33999633789062     
       10001   1000000.0000000000        1.0689581390222716E-003   0.0000000000000000        0.0000000000000000        0.0000000000000000        0.0000000000000000        0.0000000000000000        0.0000000000000000        0.0000000000000000        0.0000000000000000        0.0000000000000000        0.0000000000000000        0.0000000000000000     
       10001   1000000.0000000000        1.2196981497436732E-003   0.0000000000000000        0.0000000000000000        0.0000000000000000        0.0000000000000000        0.0000000000000000        0.0000000000000000        0.0000000000000000        0.0000000000000000        0.0000000000000000        0.0000000000000000        0.0000000000000000     
       10001   1000000.0000000000        1.3916948869942074E-003   0.0000000000000000        0.0000000000000000        0.0000000000000000        0.0000000000000000        0.0000000000000000        0.0000000000000000        0.0000000000000000        0.0000000000000000        0.0000000000000000        0.0000000000000000        0.0000000000000000     
       10001   1000000.0000000000        1.5879458855396764E-003   0.0000000000000000        0.0000000000000000        0.0000000000000000        0.0000000000000000        0.0000000000000000        0.0000000000000000        0.0000000000000000        0.0000000000000000        0.0000000000000000        0.0000000000000000        0.0000000000000000     
       10001   1000000.0000000000        1.8118713799750257E-003   0.0000000000000000        0.0000000000000000        0.0000000000000000        0.0000000000000000        0.0000000000000000        0.0000000000000000        0.0000000000000000        0.0000000000000000        0.0000000000000000        0.0000000000000000        0.0000000000000000     
       10001   1000000.0000000000        2.0673739120882551E-003   0.0000000000000000        0.0000000000000000        0.0000000000000000        0.0000000000000000        0.0000000000000000        0.0000000000000000        0.0000000000000000        0.0000000000000000        0.0000000000000000        0.0000000000000000        0.0000000000000000     
       10001   1000000.0000000000        2.3589063438057079E-003   0.0000000000000000        0.0000000000000000        0.0000000000000000        0.0000000000000000        0.0000000000000000        0.0000000000000000        0.0000000000000000        0.0000000000000000        0.0000000000000000        0.0000000000000000        0.0000000000000000     
       10001   1000000.0000000000        2.6915494610388023E-003   0.0000000000000000        0.0000000000000000        0.0000000000000000        0.0000000000000000        0.0000000000000000        0.0000000000000000        0.0000000000000000        0.0000000000000000        0.0000000000000000        0.0000000000000000        0.0000000000000000     
       10001   1000000.0000000000        3.0711005209009459E-003   0.0000000000000000        0.0000000000000000        0.0000000000000000        0.0000000000000000        0.0000000000000000        0.0000000000000000        0.0000000000000000        0.0000000000000000        0.0000000000000000        0.0000000000000000        0.0000000000000000     
       10001   1000000.0000000000        3.5041742854831017E-003   0.0000000000000000        0.0000000000000000        0.0000000000000000        0.0000000000000000        0.0000000000000000        0.0000000000000000        0.0000000000000000        0.0000000000000000        0.0000000000000000        0.0000000000000000        0.0000000000000000     
       10001   1000000.0000000000        3.9983183029902039E-003   0.0000000000000000        0.0000000000000000        0.0000000000000000        0.0000000000000000        0.0000000000000000        0.0000000000000000        0.0000000000000000        0.0000000000000000        0.0000000000000000        0.0000000000000000        0.0000000000000000     
       10001   1000000.0000000000        4.5621444453418439E-003   0.0000000000000000        0.0000000000000000        0.0000000000000000        0.0000000000000000        0.0000000000000000        0.0000000000000000        0.0000000000000000        0.0000000000000000        0.0000000000000000        0.0000000000000000        0.0000000000000000     
       10001   1000000.0000000000        5.2054789946558285E-003   0.0000000000000000        0.0000000000000000        0.0000000000000000        0.0000000000000000        0.0000000000000000        0.0000000000000000        0.0000000000000000        0.0000000000000000        0.0000000000000000        0.0000000000000000        0.0000000000000000     
       10001   1000000.0000000000        5.9395338943005844E-003   0.0000000000000000        0.0000000000000000        0.0000000000000000        0.0000000000000000        0.0000000000000000        0.0000000000000000        0.0000000000000000        0.0000000000000000        0.0000000000000000        0.0000000000000000        0.0000000000000000     
       10001   1000000.0000000000        6.7771021490555467E-003   0.0000000000000000        0.0000000000000000        0.0000000000000000        0.0000000000000000        0.0000000000000000        0.0000000000000000        0.0000000000000000        0.0000000000000000        0.0000000000000000        0.0000000000000000        0.0000000000000000     
       10001   1000000.0000000000        7.7327807797857116E-003   0.0000000000000000        0.0000000000000000        0.0000000000000000        0.0000000000000000        0.0000000000000000        0.0000000000000000        0.0000000000000000        0.0000000000000000        0.0000000000000000        0.0000000000000000        0.0000000000000000     
       10001   1000000.0000000000        8.8232252182529648E-003   0.0000000000000000        0.0000000000000000        0.0000000000000000        0.0000000000000000        0.0000000000000000        0.0000000000000000        0.0000000000000000        0.0000000000000000        0.0000000000000000        0.0000000000000000        0.0000000000000000     
       10001   1000000.0000000000        1.0067439575620863E-002   0.0000000000000000        0.0000000000000000        0.0000000000000000        0.0000000000000000        0.0000000000000000        0.0000000000000000        0.0000000000000000        0.0000000000000000        0.0000000000000000        0.0000000000000000        0.0000000000000000     
       10001   1000000.0000000000        1.1487107843411212E-002   0.0000000000000000        0.0000000000000000        0.0000000000000000        0.0000000000000000        0.0000000000000000        0.0000000000000000        0.0000000000000000        0.0000000000000000        0.0000000000000000        0.0000000000000000        0.0000000000000000     
       10001   1000000.0000000000        1.3106971799035774E-002   0.0000000000000000        0.0000000000000000        0.0000000000000000        0.0000000000000000        0.0000000000000000        0.0000000000000000        0.0000000000000000        0.0000000000000000        0.0000000000000000        0.0000000000000000        0.0000000000000000     
       10001   1000000.0000000000        1.4955262201987275E-002   0.0000000000000000        0.0000000000000000        0.0000000000000000        0.0000000000000000        0.0000000000000000        0.0000000000000000        0.0000000000000000        0.0000000000000000        0.0000000000000000        0.0000000000000000        0.0000000000000000     
       10001   1000000.0000000000        1.7064190795515619E-002   0.0000000000000000        0.0000000000000000        0.0000000000000000        0.0000000000000000        0.0000000000000000        0.0000000000000000        0.0000000000000000        0.0000000000000000        0.0000000000000000        0.0000000000000000        0.0000000000000000     
       10001   1000000.0000000000        1.9470511688325115E-002   0.0000000000000000        0.0000000000000000        0.0000000000000000        0.0000000000000000        0.0000000000000000        0.0000000000000000        0.0000000000000000        0.0000000000000000        0.0000000000000000        0.0000000000000000        0.0000000000000000     
       10001   1000000.0000000000        2.2216161899973073E-002   0.0000000000000000        0.0000000000000000        0.0000000000000000        0.0000000000000000        0.0000000000000000        0.0000000000000000        0.0000000000000000        0.0000000000000000        0.0000000000000000        0.0000000000000000        0.0000000000000000     
       10001   1000000.0000000000        2.5348992233304328E-002   0.0000000000000000        0.0000000000000000        0.0000000000000000        0.0000000000000000        0.0000000000000000        0.0000000000000000        0.0000000000000000        0.0000000000000000        0.0000000000000000        0.0000000000000000        0.0000000000000000     
       10001   1000000.0000000000        2.8923601211463194E-002   0.0000000000000000        0.0000000000000000        0.0000000000000000        0.0000000000000000        0.0000000000000000        0.0000000000000000        0.0000000000000000        0.0000000000000000        0.0000000000000000        0.0000000000000000        0.0000000000000000     
       10001   1000000.0000000000        3.3002286613218350E-002   0.0000000000000000        0.0000000000000000        0.0000000000000000        0.0000000000000000        0.0000000000000000        0.0000000000000000        0.0000000000000000        0.0000000000000000        0.0000000000000000        0.0000000000000000        0.0000000000000000     
       10001   1000000.0000000000        3.7656131189823985E-002   0.0000000000000000        0.0000000000000000        0.0000000000000000        0.0000000000000000        0.0000000000000000        0.0000000000000000        0.0000000000000000        0.0000000000000000        0.0000000000000000        0.0000000000000000        0.0000000000000000     
       10001   1000000.0000000000        4.2966241485136766E-002   0.0000000000000000        0.0000000000000000        0.0000000000000000        0.0000000000000000        0.0000000000000000        0.0000000000000000        0.0000000000000000        0.0000000000000000        0.0000000000000000        0.0000000000000000        0.0000000000000000     
       10001   1000000.0000000000        4.9025161348969587E-002   0.0000000000000000        0.0000000000000000        0.0000000000000000        0.0000000000000000        0.0000000000000000        0.0000000000000000        0.0000000000000000        0.0000000000000000        0.0000000000000000        0.0000000000000000        0.0000000000000000     
       10001   1000000.0000000000        5.5938484778193291E-002   0.0000000000000000        0.0000000000000000        0.0000000000000000        0.0000000000000000        0.0000000000000000        0.0000000000000000        0.0000000000000000        0.0000000000000000        0.0000000000000000        0.0000000000000000        0.0000000000000000     
       10001   1000000.0000000000        6.3826696193952093E-002   0.0000000000000000        0.0000000000000000        0.0000000000000000        0.0000000000000000        0.0000000000000000        0.0000000000000000        0.0000000000000000        0.0000000000000000        0.0000000000000000        0.0000000000000000        0.0000000000000000     
       10001   1000000.0000000000        7.2827270227083157E-002   0.0000000000000000        0.0000000000000000        0.0000000000000000        0.0000000000000000        0.0000000000000000        0.0000000000000000        0.0000000000000000        0.0000000000000000        0.0000000000000000        0.0000000000000000        0.0000000000000000     
       10001   1000000.0000000000        8.3097067606503469E-002   0.0000000000000000        0.0000000000000000        0.0000000000000000        0.0000000000000000        0.0000000000000000        0.0000000000000000        0.0000000000000000        0.0000000000000000        0.0000000000000000        0.0000000000000000        0.0000000000000000     
       10001   1000000.0000000000        9.4815068905766964E-002   0.0000000000000000        0.0000000000000000        0.0000000000000000        0.0000000000000000        0.0000000000000000        0.0000000000000000        0.0000000000000000        0.0000000000000000        0.0000000000000000        0.0000000000000000        0.0000000000000000     
       10001   1000000.0000000000       0.10818549379114023        0.0000000000000000        0.0000000000000000        0.0000000000000000        0.0000000000000000        0.0000000000000000        0.0000000000000000        0.0000000000000000        0.0000000000000000        0.0000000000000000        0.0000000000000000        0.0000000000000000     
       10001   1000000.0000000000       0.12344136013300884        0.0000000000000000        0.0000000000000000        0.0000000000000000        0.0000000000000000        0.0000000000000000        0.0000000000000000        0.0000000000000000        0.0000000000000000        0.0000000000000000        0.0000000000000000        0.0000000000000000     
       10001   1000000.0000000000       0.14084854500830590        0.0000000000000000        0.0000000000000000        0.0000000000000000        0.0000000000000000        0.0000000000000000        0.0000000000000000        0.0000000000000000        0.0000000000000000        0.0000000000000000        0.0000000000000000        0.0000000000000000     
       10001   1000000.0000000000       0.16071041836853428        0.0000000000000000        0.0000000000000000        0.0000000000000000        0.0000000000000000        0.0000000000000000        0.0000000000000000        0.0000000000000000        0.0000000000000000        0.0000000000000000        0.0000000000000000        0.0000000000000000     
       10001   1000000.0000000000       0.18337313012829648        0.0000000000000000        0.0000000000000000        0.0000000000000000        0.0000000000000000        0.0000000000000000        0.0000000000000000        0.0000000000000000        0.0000000000000000        0.0000000000000000        0.0000000000000000        0.0000000000000000     
       10001   1000000.0000000000       0.20923164281695886        0.0000000000000000        0.0000000000000000        0.0000000000000000        0.0000000000000000        0.0000000000000000        0.0000000000000000        0.0000000000000000        0.0000000000000000        0.0000000000000000        0.0000000000000000        0.0000000000000000     
       10001   1000000.0000000000       0.23873661492964832        0.0000000000000000        0.0000000000000000        0.0000000000000000        0.0000000000000000        0.0000000000000000        0.0000000000000000        0.0000000000000000        0.0000000000000000        0.0000000000000000        0.0000000000000000        0.0000000000000000     
       10001   1000000.0000000000       0.27240225493965087        0.0000000000000000        0.0000000000000000        0.0000000000000000        0.0000000000000000        0.0000000000000000        0.0000000000000000        0.0000000000000000        0.0000000000000000        0.0000000000000000        0.0000000000000000        0.0000000000000000     
       10001   1000000.0000000000       0.31081528285082299        0.0000000000000000        0.0000000000000000        0.0000000000000000        0.0000000000000000        0.0000000000000000        0.0000000000000000        0.0000000000000000        0.0000000000000000        0.0000000000000000        0.0000000000000000        0.0000000000000000     
       10001   1000000.0000000000       0.35464515547068237        0.0000000000000000        0.0000000000000000        0.0000000000000000        0.0000000000000000        0.0000000000000000        0.0000000000000000        0.0000000000000000        0.0000000000000000        0.0000000000000000        0.0000000000000000        0.0000000000000000     
       10001   1000000.0000000000       0.40465573360879348        0.0000000000000000        0.0000000000000000        0.0000000000000000        0.0000000000000000        0.0000000000000000        0.0000000000000000        0.0000000000000000        0.0000000000000000        0.0000000000000000        0.0000000000000000        0.0000000000000000     
       10001   1000000.0000000000       0.46171859453472086        0.0000000000000000        0.0000000000000000        0.0000000000000000        0.0000000000000000        0.0000000000000000        0.0000000000000000        0.0000000000000000        0.0000000000000000        0.0000000000000000        0.0000000000000000        0.0000000000000000     
       10001   1000000.0000000000       0.52682822170318433        0.0000000000000000        0.0000000000000000        0.0000000000000000        0.0000000000000000        0.0000000000000000        0.0000000000000000        0.0000000000000000        0.0000000000000000        0.0000000000000000        0.0000000000000000        0.0000000000000000     
       10001   1000000.0000000000       0.60111933647079374        0.0000000000000000        0.0000000000000000        0.0000000000000000        0.0000000000000000        0.0000000000000000        0.0000000000000000        0.0000000000000000        0.0000000000000000        0.0000000000000000        0.0000000000000000        0.0000000000000000     
       10001   1000000.0000000000       0.68588667385907409        0.0000000000000000        0.0000000000000000        0.0000000000000000        0.0000000000000000        0.0000000000000000        0.0000000000000000        0.0000000000000000        0.0000000000000000        0.0000000000000000        0.0000000000000000        0.0000000000000000     
       10001   1000000.0000000000       0.78260754701295565        0.0000000000000000        0.0000000000000000        0.0000000000000000        0.0000000000000000        0.0000000000000000        0.0000000000000000        0.0000000000000000        0.0000000000000000        0.0000000000000000        0.0000000000000000        0.0000000000000000     
       10001   1000000.0000000000       0.89296759360494360        0.0000000000000000        0.0000000000000000        0.0000000000000000        0.0000000000000000        0.0000000000000000        0.0000000000000000        0.0000000000000000        0.0000000000000000        0.0000000000000000        0.0000000000000000        0.0000000000000000     
       10001   1000000.0000000000        1.0188901528896228        0.0000000000000000        0.0000000000000000        0.0000000000000000        0.0000000000000000        0.0000000000000000        0.0000000000000000        0.0000000000000000        0.0000000000000000        0.0000000000000000        0.0000000000000000        0.0000000000000000     
       10001   1000000.0000000000        1.1625697853876660        0.0000000000000000        0.0000000000000000        0.0000000000000000        0.0000000000000000        0.0000000000000000        0.0000000000000000        0.0000000000000000        0.0000000000000000        0.0000000000000000        0.0000000000000000        0.0000000000000000     
       10001   1000000.0000000000        1.3265105193756241        0.0000000000000000        0.0000000000000000        0.0000000000000000        0.0000000000000000        0.0000000000000000        0.0000000000000000        0.0000000000000000        0.0000000000000000        0.0000000000000000        0.0000000000000000        0.0000000000000000     
       10001   1000000.0000000000        1.5135694907359289        0.0000000000000000        0.0000000000000000        0.0000000000000000        0.0000000000000000        0.0000000000000000        0.0000000000000000        0.0000000000000000        0.0000000000000000        0.0000000000000000        0.0000000000000000        0.0000000000000000     
       10001   1000000.0000000000        1.7270067367162087        0.0000000000000000        0.0000000000000000        0.0000000000000000        0.0000000000000000        0.0000000000000000        0.0000000000000000        0.0000000000000000        0.0000000000000000        0.0000000000000000        0.0000000000000000        0.0000000000000000     
       10001   1000000.0000000000        1.9705420113965120        0.0000000000000000        0.0000000000000000        0.0000000000000000        0.0000000000000000        0.0000000000000000        0.0000000000000000        0.0000000000000000        0.0000000000000000        0.0000000000000000        0.0000000000000000        0.0000000000000000     
       10001   1000000.0000000000        2.2484196130363379        0.0000000000000000        0.0000000000000000        0.0000000000000000        0.0000000000000000        0.0000000000000000        0.0000000000000000        0.0000000000000000        0.0000000000000000        0.0000000000000000        0.0000000000000000        0.0000000000000000     
       10001   1000000.0000000000        2.5654823531033211        0.0000000000000000        0.0000000000000000        0.0000000000000000        0.0000000000000000        0.0000000000000000        0.0000000000000000        0.0000000000000000        0.0000000000000000        0.0000000000000000        0.0000000000000000        0.0000000000000000     
       10001   1000000.0000000000        2.9272559561052840        0.0000000000000000        0.0000000000000000        0.0000000000000000        0.0000000000000000        0.0000000000000000        0.0000000000000000        0.0000000000000000        0.0000000000000000        0.0000000000000000        0.0000000000000000        0.0000000000000000     
       10001   1000000.0000000000        3.3400453611339898        0.0000000000000000        0.0000000000000000        0.0000000000000000        0.0000000000000000        0.0000000000000000        0.0000000000000000        0.0000000000000000        0.0000000000000000        0.0000000000000000        0.0000000000000000        0.0000000000000000     
       10001   1000000.0000000000        3.8110446034502616        0.0000000000000000        0.0000000000000000        0.0000000000000000        0.0000000000000000        0.0000000000000000        0.0000000000000000        0.0000000000000000        0.0000000000000000        0.0000000000000000        0.0000000000000000        0.0000000000000000     
       10001   1000000.0000000000        4.3484621911111532        0.0000000000000000        0.0000000000000000        0.0000000000000000        0.0000000000000000        0.0000000000000000        0.0000000000000000        0.0000000000000000        0.0000000000000000        0.0000000000000000        0.0000000000000000        0.0000000000000000     
       10001   1000000.0000000000        4.9616641616852748        0.0000000000000000        0.0000000000000000        0.0000000000000000        0.0000000000000000        0.0000000000000000        0.0000000000000000        0.0000000000000000        0.0000000000000000        0.0000000000000000        0.0000000000000000        0.0000000000000000     
       10001   1000000.0000000000        5.6613373122284019        0.0000000000000000        0.0000000000000000        0.0000000000000000        0.0000000000000000        0.0000000000000000        0.0000000000000000        0.0000000000000000        0.0000000000000000        0.0000000000000000        0.0000000000000000        0.0000000000000000     
       10001   1000000.0000000000        6.4596754472683076        0.0000000000000000        0.0000000000000000        0.0000000000000000        0.0000000000000000        0.0000000000000000        0.0000000000000000        0.0000000000000000        0.0000000000000000        0.0000000000000000        0.0000000000000000        0.0000000000000000     
       10001   1000000.0000000000        7.3705918907023094        0.0000000000000000        0.0000000000000000        0.0000000000000000        0.0000000000000000        0.0000000000000000        0.0000000000000000        0.0000000000000000        0.0000000000000000        0.0000000000000000        0.0000000000000000        0.0000000000000000     
       10001   1000000.0000000000        8.4099619652346558        0.0000000000000000        0.0000000000000000        0.0000000000000000        0.0000000000000000        0.0000000000000000        0.0000000000000000        0.0000000000000000        0.0000000000000000        0.0000000000000000        0.0000000000000000        0.0000000000000000     
       10001   1000000.0000000000        9.5958996652512187        0.0000000000000000        0.0000000000000000        0.0000000000000000        0.0000000000000000        0.0000000000000000        0.0000000000000000        0.0000000000000000        0.0000000000000000        0.0000000000000000        0.0000000000000000        0.0000000000000000     
       10001   1000000.0000000000        10.949073344946934        0.0000000000000000        0.0000000000000000        0.0000000000000000        0.0000000000000000        0.0000000000000000        0.0000000000000000        0.0000000000000000        0.0000000000000000        0.0000000000000000        0.0000000000000000        0.0000000000000000     
       10001   1000000.0000000000        12.493065923474193        0.0000000000000000        0.0000000000000000        0.0000000000000000        0.0000000000000000        0.0000000000000000        0.0000000000000000        0.0000000000000000        0.0000000000000000        0.0000000000000000        0.0000000000000000        0.0000000000000000     
       10001   1000000.0000000000        14.254785884716229        0.0000000000000000        0.0000000000000000        0.0000000000000000        0.0000000000000000        0.0000000000000000        0.0000000000000000        0.0000000000000000        0.0000000000000000        0.0000000000000000        0.0000000000000000        0.0000000000000000     
       10001   1000000.0000000000        16.264936234531397        0.0000000000000000        0.0000000000000000        0.0000000000000000        0.0000000000000000        0.0000000000000000        0.0000000000000000        0.0000000000000000        0.0000000000000000        0.0000000000000000        0.0000000000000000        0.0000000000000000     
       10001   1000000.0000000000        18.558549588388910        0.0000000000000000        0.0000000000000000        0.0000000000000000        0.0000000000000000        0.0000000000000000        0.0000000000000000        0.0000000000000000        0.0000000000000000        0.0000000000000000        0.0000000000000000        0.0000000000000000     
       10001   1000000.0000000000        21.175598714827274        0.0000000000000000        0.0000000000000000        0.0000000000000000        0.0000000000000000        0.0000000000000000        0.0000000000000000        0.0000000000000000        0.0000000000000000        0.0000000000000000        0.0000000000000000        0.0000000000000000     
       10001   1000000.0000000000        24.161693175200348        0.0000000000000000        0.0000000000000000        0.0000000000000000        0.0000000000000000        0.0000000000000000        0.0000000000000000        0.0000000000000000        0.0000000000000000        0.0000000000000000        0.0000000000000000        0.0000000000000000     
       10001   1000000.0000000000        27.568874200650214        0.0000000000000000        0.0000000000000000        0.0000000000000000        0.0000000000000000        0.0000000000000000        0.0000000000000000        0.0000000000000000        0.0000000000000000        0.0000000000000000        0.0000000000000000        0.0000000000000000     
       10001   1000000.0000000000        31.456521659309406        0.0000000000000000        0.0000000000000000        0.0000000000000000        0.0000000000000000        0.0000000000000000        0.0000000000000000        0.0000000000000000        0.0000000000000000        0.0000000000000000        0.0000000000000000        0.0000000000000000     
       10001   1000000.0000000000        35.892388920228861        0.0000000000000000        0.0000000000000000        0.0000000000000000        0.0000000000000000        0.0000000000000000        0.0000000000000000        0.0000000000000000        0.0000000000000000        0.0000000000000000        0.0000000000000000        0.0000000000000000     
       10001   1000000.0000000000        40.953783649493602        0.0000000000000000        0.0000000000000000        0.0000000000000000        0.0000000000000000        0.0000000000000000        0.0000000000000000        0.0000000000000000        0.0000000000000000        0.0000000000000000        0.0000000000000000        0.0000000000000000     
       10001   1000000.0000000000        46.728915117273196        0.0000000000000000        0.0000000000000000        0.0000000000000000        0.0000000000000000        0.0000000000000000        0.0000000000000000        0.0000000000000000        0.0000000000000000        0.0000000000000000        0.0000000000000000        0.0000000000000000     
       10001   1000000.0000000000        53.318431496483221        0.0000000000000000        0.0000000000000000        0.0000000000000000        0.0000000000000000        0.0000000000000000        0.0000000000000000        0.0000000000000000        0.0000000000000000        0.0000000000000000        0.0000000000000000        0.0000000000000000     
       10001   1000000.0000000000        60.837173944882032        0.0000000000000000        0.0000000000000000        0.0000000000000000        0.0000000000000000        0.0000000000000000        0.0000000000000000        0.0000000000000000        0.0000000000000000        0.0000000000000000        0.0000000000000000        0.0000000000000000     
       10001   1000000.0000000000        69.416178040495424        0.0000000000000000        0.0000000000000000        0.0000000000000000        0.0000000000000000        0.0000000000000000        0.0000000000000000        0.0000000000000000        0.0000000000000000        0.0000000000000000        0.0000000000000000        0.0000000000000000     
       10001   1000000.0000000000        79.204957451103297        0.0000000000000000        0.0000000000000000        0.0000000000000000        0.0000000000000000        0.0000000000000000        0.0000000000000000        0.0000000000000000        0.0000000000000000        0.0000000000000000        0.0000000000000000        0.0000000000000000     
       10001   1000000.0000000000        90.374109637256993        0.0000000000000000        0.0000000000000000        0.0000000000000000        0.0000000000000000        0.0000000000000000        0.0000000000000000        0.0000000000000000        0.0000000000000000        0.0000000000000000        0.0000000000000000        0.0000000000000000     
       10001   1000000.0000000000        103.11828900064864        0.0000000000000000        0.0000000000000000        0.0000000000000000        0.0000000000000000        0.0000000000000000        0.0000000000000000        0.0000000000000000        0.0000000000000000        0.0000000000000000        0.0000000000000000        0.0000000000000000     
       10001   1000000.0000000000        117.65959929344240        0.0000000000000000        0.0000000000000000        0.0000000000000000        0.0000000000000000        0.0000000000000000        0.0000000000000000        0.0000000000000000        0.0000000000000000        0.0000000000000000        0.0000000000000000        0.0000000000000000     
       10001   1000000.0000000000        134.25146441099653        0.0000000000000000        0.0000000000000000        0.0000000000000000        0.0000000000000000        0.0000000000000000        0.0000000000000000        0.0000000000000000        0.0000000000000000        0.0000000000000000        0.0000000000000000        0.0000000000000000     
       10001   1000000.0000000000        153.18304502760284        0.0000000000000000        0.0000000000000000        0.0000000000000000        0.0000000000000000        0.0000000000000000        0.0000000000000000        0.0000000000000000        0.0000000000000000        0.0000000000000000        0.0000000000000000        0.0000000000000000     
       10001   1000000.0000000000        174.78427804774503        0.0000000000000000        0.0000000000000000        0.0000000000000000        0.0000000000000000        0.0000000000000000        0.0000000000000000        0.0000000000000000        0.0000000000000000        0.0000000000000000        0.0000000000000000        0.0000000000000000     
       10001   1000000.0000000000        199.43162669972097        0.0000000000000000        0.0000000000000000        0.0000000000000000        0.0000000000000000        0.0000000000000000        0.0000000000000000        0.0000000000000000        0.0000000000000000        0.0000000000000000        0.0000000000000000        0.0000000000000000     
       10001   1000000.0000000000        227.55464148344194        0.0000000000000000        0.0000000000000000        0.0000000000000000        0.0000000000000000        0.0000000000000000        0.0000000000000000        0.0000000000000000        0.0000000000000000        0.0000000000000000        0.0000000000000000        0.0000000000000000     
       10001   1000000.0000000000        259.64344631568071        0.0000000000000000        0.0000000000000000        0.0000000000000000        0.0000000000000000        0.0000000000000000        0.0000000000000000        0.0000000000000000        0.0000000000000000        0.0000000000000000        0.0000000000000000        0.0000000000000000     
       10001   1000000.0000000000        296.25728034024331        0.0000000000000000        0.0000000000000000        0.0000000000000000        0.0000000000000000        0.0000000000000000        0.0000000000000000        0.0000000000000000        0.0000000000000000        0.0000000000000000        0.0000000000000000        0.0000000000000000     
       10001   1000000.0000000000        338.03424426852973        0.0000000000000000        0.0000000000000000        0.0000000000000000        0.0000000000000000        0.0000000000000000        0.0000000000000000        0.0000000000000000        0.0000000000000000        0.0000000000000000        0.0000000000000000        0.0000000000000000     
       10001   1000000.0000000000        385.70242110831219        0.0000000000000000        0.0000000000000000        0.0000000000000000        0.0000000000000000        0.0000000000000000        0.0000000000000000        0.0000000000000000        0.0000000000000000        0.0000000000000000        0.0000000000000000        0.0000000000000000     
       10001   1000000.0000000000        440.09256509123367        0.0000000000000000        0.0000000000000000        0.0000000000000000        0.0000000000000000        0.0000000000000000        0.0000000000000000        0.0000000000000000        0.0000000000000000        0.0000000000000000        0.0000000000000000        0.0000000000000000     
       10001   1000000.0000000000        502.15257993984136        0.0000000000000000        0.0000000000000000        0.0000000000000000        0.0000000000000000        0.0000000000000000        0.0000000000000000        0.0000000000000000        0.0000000000000000        0.0000000000000000        0.0000000000000000        0.0000000000000000     
       10001   1000000.0000000000        572.96403879934792        0.0000000000000000        0.0000000000000000        0.0000000000000000        0.0000000000000000        0.0000000000000000        0.0000000000000000        0.0000000000000000        0.0000000000000000        0.0000000000000000        0.0000000000000000        0.0000000000000000     
       10001   1000000.0000000000        653.76103374115917        0.0000000000000000        0.0000000000000000        0.0000000000000000        0.0000000000000000        0.0000000000000000        0.0000000000000000        0.0000000000000000        0.0000000000000000        0.0000000000000000        0.0000000000000000        0.0000000000000000     
       10001   1000000.0000000000        745.95168334462653        0.0000000000000000        0.0000000000000000        0.0000000000000000        0.0000000000000000        0.0000000000000000        0.0000000000000000        0.0000000000000000        0.0000000000000000        0.0000000000000000        0.0000000000000000        0.0000000000000000     
       10001   1000000.0000000000        851.14267318812392        0.0000000000000000        0.0000000000000000        0.0000000000000000        0.0000000000000000        0.0000000000000000        0.0000000000000000        0.0000000000000000        0.0000000000000000        0.0000000000000000        0.0000000000000000        0.0000000000000000     
       10001   1000000.0000000000        971.16725693765284       0.90000000000000002       0.90000000000000002       0.90000000000000002       0.90000000000000002       0.90000000000000002       0.90000000000000002       0.90000000000000002       0.87658961873004682       0.83537041343724794       0.64216558911412358        1.3678716804010459E-002
       10001   1000000.0000000000        1108.1172060319702       0.90000000000000002       0.90000000000000002       0.90000000000000002       0.90000000000000002       0.90000000000000002       0.90000000000000002       0.90000000000000002       0.87972791728735666       0.84208830979037863       0.66864642319852075        1.0076921620926148E-002
       10001   1000000.0000000000        1264.3792647788266       0.90000000000000002       0.90000000000000002       0.90000000000000002       0.90000000000000002       0.90000000000000002       0.90000000000000002       0.90000000000000002       0.90000000000000002       0.84744301100849773       0.68348796629209596        3.5107519850824916E-003
       10001   1000000.0000000000        1442.6767461965753       0.90000000000000002       0.90000000000000002       0.90000000000000002       0.90000000000000002       0.90000000000000002       0.90000000000000002       0.90000000000000002       0.90000000000000002       0.85137382171102782       0.69610445719665193        0.0000000000000000     
       10001   1000000.0000000000        1646.1169935275889       0.90000000000000002       0.90000000000000002       0.90000000000000002       0.90000000000000002       0.90000000000000002       0.90000000000000002       0.90000000000000002       0.90000000000000002       0.85400467591232199       0.70628321152964035        0.0000000000000000     
       10001   1000000.0000000000        1878.2455345759649       0.90000000000000002       0.90000000000000002       0.90000000000000002       0.90000000000000002       0.90000000000000002       0.90000000000000002       0.90000000000000002       0.90000000000000002       0.85524851785992417       0.71105011254953843        0.0000000000000000     
       10001   1000000.0000000000        2143.1078726637461       0.90000000000000002       0.90000000000000002       0.90000000000000002       0.90000000000000002       0.90000000000000002       0.90000000000000002       0.90000000000000002       0.90000000000000002       0.85576429616652483       0.71290449916157983        0.0000000000000000     
       10001   1000000.0000000000        2445.3199910895760       0.90000000000000002       0.90000000000000002       0.90000000000000002       0.90000000000000002       0.90000000000000002       0.90000000000000002       0.90000000000000002       0.90000000000000002       0.85603190919221805       0.71383000220403503        0.0000000000000000     
       10001   1000000.0000000000        2790.1487998315592       0.90000000000000002       0.90000000000000002       0.90000000000000002       0.90000000000000002       0.90000000000000002       0.90000000000000002       0.90000000000000002       0.90000000000000002       0.85617277306972150       0.71430607682475411        0.0000000000000000     
       10001   1000000.0000000000        3183.6039265080872       0.90000000000000002       0.90000000000000002       0.90000000000000002       0.90000000000000002       0.90000000000000002       0.90000000000000002       0.90000000000000002       0.90000000000000002       0.85625041193898299       0.71456445898630461        0.0000000000000000     
       10001   1000000.0000000000        3632.5424513164276       0.90000000000000002       0.90000000000000002       0.90000000000000002       0.90000000000000002       0.90000000000000002       0.90000000000000002       0.90000000000000002       0.90000000000000002       0.85629633501956004       0.71471524681931287        0.0000000000000000     
       10001   1000000.0000000000        4144.7884112547772       0.90000000000000002       0.90000000000000002       0.90000000000000002       0.90000000000000002       0.90000000000000002       0.90000000000000002       0.90000000000000002       0.90000000000000002       0.85632607607001821       0.71481149627182350        0.0000000000000000     
       10001   1000000.0000000000        4729.2691563304907       0.90000000000000002       0.90000000000000002       0.90000000000000002       0.90000000000000002       0.90000000000000002       0.90000000000000002       0.90000000000000002       0.90000000000000002       0.85634742951918041       0.71487950230379327        0.0000000000000000     
       10001   1000000.0000000000        5396.1709341509913       0.90000000000000002       0.90000000000000002       0.90000000000000002       0.90000000000000002       0.90000000000000002       0.90000000000000002       0.90000000000000002       0.90000000000000002       0.85636445933580208       0.71493287871852851        0.0000000000000000     
       10001   1000000.0000000000        6157.1164144037875       0.90000000000000002       0.90000000000000002       0.90000000000000002       0.90000000000000002       0.90000000000000002       0.90000000000000002       0.90000000000000002       0.90000000000000002       0.85637939381058281       0.71497906106931275        0.0000000000000000     
       10001   1000000.0000000000        7025.3672470968713       0.90000000000000002       0.90000000000000002       0.90000000000000002       0.90000000000000002       0.90000000000000002       0.90000000000000002       0.90000000000000002       0.90000000000000002       0.85639354195003525       0.71502235492750854        0.0000000000000000     
       10001   1000000.0000000000        8016.0551847160013       0.90000000000000002       0.90000000000000002       0.90000000000000002       0.90000000000000002       0.90000000000000002       0.90000000000000002       0.90000000000000002       0.90000000000000002       0.85640786794882506       0.71506563833206238        0.0000000000000000     
       10001   1000000.0000000000        9146.4457962629167       0.90000000000000002       0.90000000000000002       0.90000000000000002       0.90000000000000002       0.90000000000000002       0.90000000000000002       0.90000000000000002       0.90000000000000002       0.85642305279693931       0.71511086168588356        0.0000000000000000     
       10001   1000000.0000000000        10436.239369145425       0.90000000000000002       0.90000000000000002       0.90000000000000002       0.90000000000000002       0.90000000000000002       0.90000000000000002       0.90000000000000002       0.90000000000000002       0.85643960492129445       0.71515941638203373        0.0000000000000000     
       10001   1000000.0000000000        11907.914242995012       0.90000000000000002       0.90000000000000002       0.90000000000000002       0.90000000000000002       0.90000000000000002       0.90000000000000002       0.90000000000000002       0.90000000000000002       0.85645792936458165       0.71521234620268170        0.0000000000000000     
       10001   1000000.0000000000        13587.118558984783       0.90000000000000002       0.90000000000000002       0.90000000000000002       0.90000000000000002       0.90000000000000002       0.90000000000000002       0.90000000000000002       0.90000000000000002       0.85647836602970118       0.71527046661983318        0.0000000000000000     
       10001   1000000.0000000000        15503.117251999680       0.90000000000000002       0.90000000000000002       0.90000000000000002       0.90000000000000002       0.90000000000000002       0.90000000000000002       0.90000000000000002       0.90000000000000002       0.85650121446326122       0.71533444432908921        0.0000000000000000     
       10001   1000000.0000000000        17689.302075774980       0.90000000000000002       0.90000000000000002       0.90000000000000002       0.90000000000000002       0.90000000000000002       0.90000000000000002       0.90000000000000002       0.90000000000000002       0.85652675452653537       0.71540486517720159        0.0000000000000000     
       10001   1000000.0000000000        20183.773549648897       0.90000000000000002       0.90000000000000002       0.90000000000000002       0.90000000000000002       0.90000000000000002       0.90000000000000002       0.90000000000000002       0.90000000000000002       0.85655526857552466       0.71548230669810331        0.0000000000000000     
       10001   1000000.0000000000        23030.004969015092       0.90000000000000002       0.90000000000000002       0.90000000000000002       0.90000000000000002       0.90000000000000002       0.90000000000000002       0.90000000000000002       0.90000000000000002       0.85658706900859516       0.71556742542579987        0.0000000000000000     
       10001   1000000.0000000000        26277.600051754725       0.90000000000000002       0.90000000000000002       0.90000000000000002       0.90000000000000002       0.90000000000000002       0.90000000000000002       0.90000000000000002       0.90000000000000002       0.85662253453878667       0.71566106696986131        0.0000000000000000     
       10001   1000000.0000000000        29983.157424803256       0.90000000000000002       0.90000000000000002       0.90000000000000002       0.90000000000000002       0.90000000000000002       0.90000000000000002       0.90000000000000002       0.90000000000000002       0.85666215908947585       0.71576440791233398        0.0000000000000000     
       10001   1000000.0000000000        34211.257017000738       0.90000000000000002       0.90000000000000002       0.90000000000000002       0.90000000000000002       0.90000000000000002       0.90000000000000002       0.90000000000000002       0.90000000000000002       0.85670661873178711       0.71587914270694508        0.0000000000000000     
       10001   1000000.0000000000        39035.585548941381       0.90000000000000002       0.90000000000000002       0.90000000000000002       0.90000000000000002       0.90000000000000002       0.90000000000000002       0.90000000000000002       0.90000000000000002       0.85675686459577405       0.71600773576596255        0.0000000000000000     
       10001   1000000.0000000000        44540.220734698632       0.90000000000000002       0.90000000000000002       0.90000000000000002       0.90000000000000002       0.90000000000000002       0.90000000000000002       0.90000000000000002       0.90000000000000002       0.85681425329611038       0.71615376856256041        0.0000000000000000     
       10001   1000000.0000000000        50821.096576312950       0.90000000000000002       0.90000000000000002       0.90000000000000002       0.90000000000000002       0.90000000000000002       0.90000000000000002       0.90000000000000002       0.90000000000000002       0.85688073130271847       0.71632242338775121        0.0000000000000000     
       10001   1000000.0000000000        57987.675287986152       0.90000000000000002       0.90000000000000002       0.90000000000000002       0.90000000000000002       0.90000000000000002       0.90000000000000002       0.90000000000000002       0.90000000000000002       0.85695909602374953       0.71652115819740037        0.0000000000000000     
       10001   1000000.0000000000        66164.854988039908       0.90000000000000002       0.90000000000000002       0.90000000000000002       0.90000000000000002       0.90000000000000002       0.90000000000000002       0.90000000000000002       0.90000000000000002       0.85705336402953669       0.71676063779654908        0.0000000000000000     
       10001   1000000.0000000000        75495.146405624779       0.90000000000000002       0.90000000000000002       0.90000000000000002       0.90000000000000002       0.90000000000000002       0.90000000000000002       0.90000000000000002       0.90000000000000002       0.85716928493854994       0.71705598900609779        0.0000000000000000     
       10001   1000000.0000000000        86141.156537515009       0.90000000000000002       0.90000000000000002       0.90000000000000002       0.90000000000000002       0.90000000000000002       0.90000000000000002       0.90000000000000002       0.90000000000000002       0.85731504559272431       0.71742842991700062        0.0000000000000000     
       10001   1000000.0000000000        98288.422539807347       0.90000000000000002       0.90000000000000002       0.90000000000000002       0.90000000000000002       0.90000000000000002       0.90000000000000002       0.90000000000000002       0.90000000000000002       0.85750220816817968       0.71790727035630397        0.0000000000000000     
       10001   1000000.0000000000        112148.64524318808       0.90000000000000002       0.90000000000000002       0.90000000000000002       0.90000000000000002       0.90000000000000002       0.90000000000000002       0.90000000000000002       0.90000000000000002       0.85774690827950495       0.71853218515460981        0.0000000000000000     
       10001   1000000.0000000000        127963.37864501341       0.90000000000000002       0.90000000000000002       0.90000000000000002       0.90000000000000002       0.90000000000000002       0.90000000000000002       0.90000000000000002       0.90000000000000002       0.85807128917864905       0.71935557124818561        0.0000000000000000     
       10001   1000000.0000000000        146008.23967814902       0.90000000000000002       0.90000000000000002       0.90000000000000002       0.90000000000000002       0.90000000000000002       0.90000000000000002       0.90000000000000002       0.90000000000000002       0.85850504781948800       0.72044494566840267        0.0000000000000000     
       10001   1000000.0000000000        166597.71162382126       0.90000000000000002       0.90000000000000002       0.90000000000000002       0.90000000000000002       0.90000000000000002       0.90000000000000002       0.90000000000000002       0.90000000000000002       0.85908681844361157       0.72188635138775270        0.0000000000000000     
       10001   1000000.0000000000        190090.62488168306       0.90000000000000002       0.90000000000000002       0.90000000000000002       0.90000000000000002       0.90000000000000002       0.90000000000000002       0.90000000000000002       0.90000000000000002       0.85986531985309234       0.72379343166086596        0.0000000000000000     
       10001   1000000.0000000000        216896.41061517457       0.90000000000000002       0.90000000000000002       0.90000000000000002       0.90000000000000002       0.90000000000000002       0.90000000000000002       0.90000000000000002       0.90000000000000002       0.86090390468918232       0.72634082886773632        0.0000000000000000     
       10001   1000000.0000000000        247482.23625982471       0.90000000000000002       0.90000000000000002       0.90000000000000002       0.90000000000000002       0.90000000000000002       0.90000000000000002       0.90000000000000002       0.90000000000000002       0.86228558771883634       0.72982041104578865        0.0000000000000000     
       10001   1000000.0000000000        282381.14725112263       0.90000000000000002       0.90000000000000002       0.90000000000000002       0.90000000000000002       0.90000000000000002       0.90000000000000002       0.90000000000000002       0.90000000000000002       0.86410600464484544       0.73465423880041969        0.0000000000000000     
       10001   1000000.0000000000        322201.35686484008       0.90000000000000002       0.90000000000000002       0.90000000000000002       0.90000000000000002       0.90000000000000002       0.90000000000000002       0.90000000000000002       0.90000000000000002       0.86644976555555231       0.74110524653023990        0.0000000000000000     
       10001   1000000.0000000000        367636.84607181640       0.90000000000000002       0.90000000000000002       0.90000000000000002       0.90000000000000002       0.90000000000000002       0.90000000000000002       0.90000000000000002       0.90000000000000002       0.90000000000000002       0.74869751287312658        0.0000000000000000     
       10001   1000000.0000000000        419479.45813998877       0.90000000000000002       0.90000000000000002       0.90000000000000002       0.90000000000000002       0.90000000000000002       0.90000000000000002       0.90000000000000002       0.90000000000000002       0.90000000000000002       0.75719353308623261        0.0000000000000000     
       10001   1000000.0000000000        478632.69876666629       0.90000000000000002       0.90000000000000002       0.90000000000000002       0.90000000000000002       0.90000000000000002       0.90000000000000002       0.90000000000000002       0.90000000000000002       0.90000000000000002       0.76773620874880166        0.0000000000000000     
       10001   1000000.0000000000        546127.48224779661       0.90000000000000002       0.90000000000000002       0.90000000000000002       0.90000000000000002       0.90000000000000002       0.90000000000000002       0.90000000000000002       0.90000000000000002       0.90000000000000002       0.77903877163184521        0.0000000000000000     
       10001   1000000.0000000000        623140.09810624446       0.90000000000000002       0.90000000000000002       0.90000000000000002       0.90000000000000002       0.90000000000000002       0.90000000000000002       0.90000000000000002       0.90000000000000002       0.90000000000000002       0.79104468478978995        0.0000000000000000     
       10001   1000000.0000000000        711012.71129892464       0.90000000000000002       0.90000000000000002       0.90000000000000002       0.90000000000000002       0.90000000000000002       0.90000000000000002       0.90000000000000002       0.90000000000000002       0.90000000000000002       0.80234313016417558        0.0000000000000000     
       10001   1000000.0000000000        811276.75327748456       0.90000000000000002       0.90000000000000002       0.90000000000000002       0.90000000000000002       0.90000000000000002       0.90000000000000002       0.90000000000000002       0.90000000000000002       0.90000000000000002       0.81085628715295111        0.0000000000000000     
       10001   1000000.0000000000        925679.61155865598       0.90000000000000002       0.90000000000000002       0.90000000000000002       0.90000000000000002       0.90000000000000002       0.90000000000000002       0.90000000000000002       0.90000000000000002       0.90000000000000002       0.90000000000000002        0.0000000000000000     
       10001   1000000.0000000000        1056215.0829463045       0.90000000000000002       0.90000000000000002       0.90000000000000002       0.90000000000000002       0.90000000000000002       0.90000000000000002       0.90000000000000002       0.90000000000000002       0.90000000000000002       0.90000000000000002        0.0000000000000000     
       10001   1000000.0000000000        1205158.1211396020       0.90000000000000002       0.90000000000000002       0.90000000000000002       0.90000000000000002       0.90000000000000002       0.90000000000000002       0.90000000000000002       0.90000000000000002       0.90000000000000002       0.90000000000000002        0.0000000000000000     
       10001   1000000.0000000000        1375104.4843037629       0.90000000000000002       0.90000000000000002       0.90000000000000002       0.90000000000000002       0.90000000000000002       0.90000000000000002       0.90000000000000002       0.90000000000000002        0.0000000000000000        0.0000000000000000        0.0000000000000000     
       10001   1000000.0000000000        1569015.9735755411       0.90000000000000002       0.90000000000000002       0.90000000000000002       0.90000000000000002        0.0000000000000000        0.0000000000000000        0.0000000000000000        0.0000000000000000        0.0000000000000000       0.49512146746654401        0.0000000000000000     
       10001   1000000.0000000000        1790272.0509137572       0.90000000000000002       0.90000000000000002       0.90000000000000002        0.0000000000000000        0.0000000000000000        0.0000000000000000        0.0000000000000000        0.0000000000000000        0.0000000000000000       0.49716575552596193        0.0000000000000000     
       10001   1000000.0000000000        2042728.7358834767       0.90000000000000002       0.90000000000000002       0.90000000000000002       0.90000000000000002        0.0000000000000000        0.0000000000000000        0.0000000000000000        0.0000000000000000        0.0000000000000000       0.50108787023404555        0.0000000000000000     
       10001   1000000.0000000000        2330785.8078186158       0.90000000000000002       0.90000000000000002       0.90000000000000002       0.90000000000000002       0.90000000000000002       0.90000000000000002       0.90000000000000002        0.0000000000000000        0.0000000000000000       0.51491674131538123        0.0000000000000000     
       10001   1000000.0000000000        2659463.4845527350       0.90000000000000002       0.90000000000000002       0.90000000000000002       0.90000000000000002       0.90000000000000002       0.90000000000000002       0.90000000000000002       0.90000000000000002       0.90000000000000002       0.67720196595629301        0.0000000000000000     
       10001   1000000.0000000000        3034489.9140641117       0.90000000000000002       0.90000000000000002       0.90000000000000002       0.90000000000000002       0.90000000000000002       0.90000000000000002       0.90000000000000002       0.86623495611005741       0.86707875480940089       0.60136316866026995        0.0000000000000000     
       10001   1000000.0000000000        3462401.0038270722       0.90000000000000002       0.90000000000000002       0.90000000000000002       0.90000000000000002       0.90000000000000002       0.70064457287254478       0.72837735660550174       0.56001489458642928       0.24109372215469235       0.35831933153615048        0.0000000000000000     
       10001   1000000.0000000000        3950654.3276813333       0.90000000000000002       0.90000000000000002       0.90000000000000002       0.90000000000000002       0.57866333109108326       0.66292168140299079       0.63308054410689885       0.50226382847697748       0.53685457591801999        4.6659326247704309E-002   0.0000000000000000     
       10001   1000000.0000000000        4507759.0953721637       0.90000000000000002       0.90000000000000002       0.90000000000000002       0.90000000000000002       0.59614312176143169       0.38063704403123161       0.62383425489025024        3.8839573354220371E-002  0.40891221517347176        2.0618490965098536E-002   0.0000000000000000     
       10001   1000000.0000000000        5143424.4498521807       0.90000000000000002       0.90000000000000002       0.90000000000000002       0.90000000000000002       0.59651941698102529       0.38047649679916412       0.62418058963730372        3.8774328468165267E-002  0.40896112847322491        2.0627885929599188E-002   0.0000000000000000     
       10001   1000000.0000000000        5868728.6768489406       0.90000000000000002       0.90000000000000002       0.90000000000000002       0.90000000000000002       0.56428686457374899       0.39092724577208510       0.61907798176400675        4.7790865952113452E-002  0.40594821832056166        2.0032718086338108E-002   0.0000000000000000     
       10001   1000000.0000000000        6696312.2756588440       0.90000000000000002       0.90000000000000002       0.90000000000000002       0.60042759917640032       0.69356040175927325       0.36673267368231299       0.58175019811683903       0.11580812240498635       0.39393623087315915        1.6942507104957014E-002   0.0000000000000000     
       10001   1000000.0000000000        7640598.2559778895       0.90000000000000002       0.90000000000000002       0.50825882249525411       0.32916343149470684       0.45422675993687944       0.28338652911042334       0.41444242162696426       0.37822301916560946       0.19085314437314255        0.0000000000000000        0.0000000000000000     
       10001   1000000.0000000000        8718043.5000708662       0.38105502517164219        9.2629551757444806E-002  0.37291249866248960       0.44071381140302357       0.21575077315283811       0.10858007156503184        5.9834333107773571E-002   3.3649155013187194E-002   1.1231587772093413E-002   0.0000000000000000        0.0000000000000000     
       10001   1000000.0000000000        9947425.5709836762       0.41831943203371191       0.13258222206187786        5.9048639461092498E-002   2.5877639335321861E-002   1.0798965751681705E-002   5.8567690847177454E-003   3.2806845557445462E-003   1.8511756273475617E-003   6.1765101256891584E-004   0.0000000000000000        0.0000000000000000     
       10001   1000000.0000000000        11350169.965251470        1.5863250010062120E-002   6.6304152182928245E-003   3.0864943397633212E-003   1.3606877088891071E-003   5.6777044169896765E-004   3.0781475353411722E-004   1.7238292609336476E-004   9.7255315767627110E-005   3.2444634122091706E-005   0.0000000000000000        0.0000000000000000     
       10001   1000000.0000000000        12950723.513416281        7.9771925144894772E-004   3.3416722390918288E-004   1.5570868044700905E-004   6.8665042145748325E-005   0.0000000000000000        0.0000000000000000        0.0000000000000000        0.0000000000000000        0.0000000000000000        0.0000000000000000        0.0000000000000000     
       10001   1000000.0000000000        14776980.435925735        1.0975798237788948E-004   4.6987065596952582E-005   0.0000000000000000        0.0000000000000000        0.0000000000000000        0.0000000000000000        0.0000000000000000        0.0000000000000000        0.0000000000000000        0.0000000000000000        0.0000000000000000     
       10001   1000000.0000000000        16860768.479654696        8.4409295758505913E-005   3.7753055140744160E-005   0.0000000000000000        0.0000000000000000        0.0000000000000000        0.0000000000000000        0.0000000000000000        0.0000000000000000        0.0000000000000000        0.0000000000000000        0.0000000000000000     
       10001   1000000.0000000000        19238403.607367840        8.4831836224925704E-005   3.7893764620395941E-005   0.0000000000000000        0.0000000000000000        0.0000000000000000        0.0000000000000000        0.0000000000000000        0.0000000000000000        0.0000000000000000        0.0000000000000000        0.0000000000000000     
       10001   1000000.0000000000        21951322.907172933        8.4819399371378743E-005   3.7888243694637807E-005   0.0000000000000000        0.0000000000000000        0.0000000000000000        0.0000000000000000        0.0000000000000000        0.0000000000000000        0.0000000000000000        0.0000000000000000        0.0000000000000000     
       10001   1000000.0000000000        25046806.752221096        8.4812754235898266E-005   3.7885017736252287E-005   0.0000000000000000        0.0000000000000000        0.0000000000000000        0.0000000000000000        0.0000000000000000        0.0000000000000000        0.0000000000000000        0.0000000000000000        0.0000000000000000     
       10001   1000000.0000000000        28578802.796350557        8.4804507432271884E-005   3.7881072124253854E-005   0.0000000000000000        0.0000000000000000        0.0000000000000000        0.0000000000000000        0.0000000000000000        0.0000000000000000        0.0000000000000000        0.0000000000000000        0.0000000000000000     
       10001   1000000.0000000000        32608866.166153781        8.4794798947175631E-005   3.7876448087399123E-005   0.0000000000000000        0.0000000000000000        0.0000000000000000        0.0000000000000000        0.0000000000000000        0.0000000000000000        0.0000000000000000        0.0000000000000000        0.0000000000000000     
       10001   1000000.0000000000        37207232.235001616        8.4783186112235016E-005   3.7870944145719873E-005   0.0000000000000000        0.0000000000000000        0.0000000000000000        0.0000000000000000        0.0000000000000000        0.0000000000000000        0.0000000000000000        0.0000000000000000        0.0000000000000000     
       10001   1000000.0000000000        42454040.675178520        8.4768861898881217E-005   3.7864199014979649E-005   0.0000000000000000        0.0000000000000000        0.0000000000000000        0.0000000000000000        0.0000000000000000        0.0000000000000000        0.0000000000000000        0.0000000000000000        0.0000000000000000     
       10001   1000000.0000000000        48440732.120735437        8.4750349442754979E-005   3.7855548524045991E-005   0.0000000000000000        0.0000000000000000        0.0000000000000000        0.0000000000000000        0.0000000000000000        0.0000000000000000        0.0000000000000000        0.0000000000000000        0.0000000000000000     
       10001   1000000.0000000000        55271641.781904206        8.4724687436937978E-005   3.7843653446291268E-005   0.0000000000000000        0.0000000000000000        0.0000000000000000        0.0000000000000000        0.0000000000000000        0.0000000000000000        0.0000000000000000        0.0000000000000000        0.0000000000000000     
       10001   1000000.0000000000        63065817.784356743        8.4685102371993471E-005   3.7825437686109793E-005   0.0000000000000000        0.0000000000000000        0.0000000000000000        0.0000000000000000        0.0000000000000000        0.0000000000000000        0.0000000000000000        0.0000000000000000        0.0000000000000000     
       10001   1000000.0000000000        71959095.923071310        8.4612421443500021E-005   3.7792173212824922E-005   0.0000000000000000        0.0000000000000000        0.0000000000000000        0.0000000000000000        0.0000000000000000        0.0000000000000000        0.0000000000000000        0.0000000000000000        0.0000000000000000     
       10001   1000000.0000000000        82106466.989320487        8.4424550309664432E-005   3.7706446857304734E-005   0.0000000000000000        0.0000000000000000        0.0000000000000000        0.0000000000000000        0.0000000000000000        0.0000000000000000        0.0000000000000000        0.0000000000000000        0.0000000000000000     
       10001   1000000.0000000000        93684777.928219363        8.2593100427692069E-005   3.6871224422233333E-005   0.0000000000000000        0.0000000000000000        0.0000000000000000        0.0000000000000000        0.0000000000000000        0.0000000000000000        0.0000000000000000        0.0000000000000000        0.0000000000000000     
