           4
   4.2300000000000004        3.9860000000000002        7.8739999999999997        3.2100000000000000     
   79.865799999999993        101.96100000000000        55.844999999999999        140.69300000000001     
       10001   1000000.0000000000        1093.1653412155563        1.0689581390222716E-003   316.22776601683790        2.3300000000000001       0.84999999999999998       0.14999999999999999        1.4500863124605784E-014   3.3413395832814598E-016   5.7160788357208851E-010   7.8708135964305840E-011   1.0000000000000000E-099   1.0000000000000000E-099   1.0000000000000000E-099   1.0000000000000000E-099   1.0000000000000000E-099   176664.22841468386        2.1735420861547797E-029
       10001   1000000.0000000000        1093.1653414109658        1.2196981497436732E-003   316.22776601683790        2.3300000000000001       0.84999999999999998       0.14999999999999999        1.4500977853744710E-014   3.3413218283504137E-016   5.7160823701641926E-010   7.8710355812736149E-011   3.1229098220744428E-074   3.1229098220744428E-074   3.1229098220744428E-074   3.1229098220744428E-074   3.1229098220744428E-074   154830.65617057134        2.1735420861547797E-029
       10001   1000000.0000000000        1093.1653416339311        1.3916948869942074E-003   316.22776601683790        2.3300000000000001       0.84999999999999998       0.14999999999999999        1.4501192694804797E-014   3.3412885569556723E-016   5.7160889755178715E-010   7.8714517242193658E-011   1.0340777371090074E-061   1.0340777371090074E-061   1.0340777371090074E-061   1.0340777371090074E-061   1.0340777371090074E-061   135695.45066158561        2.1735420861547797E-029
       10001   1000000.0000000000        1093.1653418883382        1.5879458855396764E-003   316.22776601683790        2.3300000000000001       0.84999999999999998       0.14999999999999999        1.4501494454959558E-014   3.3412417694471147E-016   5.7160982222491389E-010   7.8720372950455206E-011   4.4439979380101478E-054   4.4439979380101478E-054   4.4439979380101478E-054   4.4439979380101478E-054   4.4439979380101478E-054   118925.12623747019        2.1735420861547783E-029
       10001   1000000.0000000000        1093.1653421786204        1.8118713799750257E-003   316.22776601683790        2.3300000000000001       0.84999999999999998       0.14999999999999999        1.4501871240360357E-014   3.3411832523824945E-016   5.7161097137434480E-010   7.8727703217418952E-011   9.1089182263065987E-049   9.1089182263065987E-049   9.1089182263066610E-049   9.1089182263065987E-049   9.1089182263065987E-049   104227.41206042212        2.1735420861547601E-029
       10001   1000000.0000000000        1093.1653425098373        2.0673739120882551E-003   316.22776601683790        2.3300000000000001       0.84999999999999998       0.14999999999999999        1.4502312341339920E-014   3.3411146003396249E-016   5.7161230850684894E-010   7.8736312893612232E-011   8.1779521249932993E-045   8.1779521249932993E-045   8.1779521249935669E-045   8.1779521249932993E-045   8.1779521249932993E-045   91346.158450336952        2.1735420861586560E-029
       10001   1000000.0000000000        1093.1653428877607        2.3589063438057079E-003   316.22776601683790        2.3300000000000001       0.84999999999999998       0.14999999999999999        1.4502808127334728E-014   3.3410372354844497E-016   5.7161380016252261E-010   7.8746028718968335E-011   9.4448556127975555E-042   9.4448556127975555E-042   9.4448556127984910E-042   9.4448556127975555E-042   9.4448556127975555E-042   80056.872744519016        2.1735420861609460E-029
       10001   1000000.0000000000        1093.1653433189776        2.6915494610388023E-003   316.22776601683790        2.3300000000000001       0.84999999999999998       0.14999999999999999        1.4503349950706674E-014   3.3409524251341578E-016   5.7161541577205707E-010   7.8756696935221852E-011   2.5581146313284377E-039   2.5581146313284377E-039   2.5581146313290586E-039   2.5581146313284377E-039   2.5581146313284377E-039   70162.806871320456        2.1735420861380872E-029
       10001   1000000.0000000000        1093.1653438110027        3.0711005209009459E-003   316.22776601683790        2.3300000000000001       0.84999999999999998       0.14999999999999999        1.4503930058715498E-014   3.3408612975279769E-016   5.7161712750906550E-010   7.8768181159390485E-011   2.3373065744395975E-037   2.3373065744395975E-037   2.3373065744407823E-037   2.3373065744395975E-037   2.3373065744395975E-037   61491.528452639002        2.1735420858140814E-029
       10001   1000000.0000000000        1093.1653443724113        3.5041742854831017E-003   316.22776601683790        2.3300000000000001       0.84999999999999998       0.14999999999999999        1.4504541512957893E-014   3.3407648559947876E-016   5.7161891013988373E-010   7.8780360489462116E-011   9.1009250524115638E-036   9.1009250524115638E-036   9.1009250524202810E-036   9.1009250524115638E-036   9.1009250524115638E-036   53891.915676866774        2.1735420819598319E-029
       10001   1000000.0000000000        1093.1653450129872        3.9983183029902039E-003   316.22776601683790        2.3300000000000001       0.84999999999999998       0.14999999999999999        1.4505178115648151E-014   3.3406639916859171E-016   5.7162074087283346E-010   7.8793127816641952E-011   1.7692683818872126E-034   1.7692683818872126E-034   1.7692683818902063E-034   1.7692683818872126E-034   1.7692683818872126E-034   47231.523569371479        2.1735420368323256E-029
       10001   1000000.0000000000        1093.1653457438947        4.5621444453418439E-003   316.22776601683790        2.3300000000000001       0.84999999999999998       0.14999999999999999        1.4505834342168476E-014   3.3405594950230045E-016   5.7162259920858175E-010   7.8806388321384748E-011   1.9223886827778910E-033   1.9223886827778910E-033   1.9223886827833844E-033   1.9223886827778910E-033   1.9223886827778910E-033   41394.275760245117        2.1735415129090314E-029
       10001   1000000.0000000000        1093.1653465778716        5.2054789946558285E-003   316.22776601683790        2.3300000000000001       0.84999999999999998       0.14999999999999999        1.4506505279365517E-014   3.3404520659944729E-016   5.7162446679290723E-010   7.8820058132980735E-011   1.2706337748183971E-032   1.2706337748183971E-032   1.2706337748243526E-032   1.2706337748183971E-032   1.2706337748183971E-032   36278.441521776433        2.1735356548510352E-029
       10001   1000000.0000000000        1093.1653475294522        5.9395338943005844E-003   316.22776601683790        2.3300000000000001       0.84999999999999998       0.14999999999999999        1.4507186569114361E-014   3.3403423234196720E-016   5.7162632727293587E-010   7.8834063134722235E-011   5.4655256745913762E-032   5.4655256745913762E-032   5.4655256746326630E-032   5.4655256745913762E-032   5.4655256745913762E-032   31794.862819743383        2.1734767576139852E-029
       10001   1000000.0000000000        1093.1653486152209        6.7771021490555467E-003   316.22776601683790        2.3300000000000001       0.84999999999999998       0.14999999999999999        1.4507874356711205E-014   3.3402308132868477E-016   5.7162816615766327E-010   7.8848337898678764E-011   1.6207768983886663E-031   1.6207768983886663E-031   1.6207768984082063E-031   1.6207768983886663E-031   1.6207768983886663E-031   27865.400479825566        2.1729870664582556E-029
       10001   1000000.0000000000        1093.1653498541002        7.7327807797857116E-003   316.22776601683790        2.3300000000000001       0.84999999999999998       0.14999999999999999        1.4508565243692960E-014   3.3401180162596687E-016   5.7162997068339862E-010   7.8862824735885155E-011   3.4960415396272440E-031   3.4960415396272440E-031   3.4960415396941394E-031   3.4960415396272440E-031   3.4960415396272440E-031   24421.572389146408        2.1698295839961905E-029
       10001   1000000.0000000000        1093.1653512676810        8.8232252182529648E-003   316.22776601683790        2.3300000000000001       0.84999999999999998       0.14999999999999999        1.4509256244715546E-014   3.3400043544369568E-016   5.7163172968459518E-010   7.8877472849323712E-011   5.7907240647882406E-031   5.7907240647882406E-031   5.7907240649630386E-031   5.7907240647882406E-031   5.7907240647882406E-031   21403.359999713295        2.1545901582608579E-029
       10001   1000000.0000000000        1093.1653528805991        1.0067439575620863E-002   316.22776601683790        2.3300000000000001       0.84999999999999998       0.14999999999999999        1.4509944748153499E-014   3.3398901974411803E-016   5.7163343347040017E-010   7.8892237578479666E-011   7.8039013372910502E-031   7.8039013372910502E-031   7.8039013376581510E-031   7.8039013372910502E-031   7.8039013372910502E-031   18758.162333667471        2.1002980595792186E-029
       10001   1000000.0000000000        1093.1653547209642        1.1487107843411212E-002   316.22776601683790        2.3300000000000001       0.84999999999999998       0.14999999999999999        1.4510628480111270E-014   3.3397758679033200E-016   5.7163507370713199E-010   7.8907079725491425E-011   9.0939173128606847E-031   9.0939173128606847E-031   9.0939173135115669E-031   9.0939173128606847E-031   9.0939173128606847E-031   16439.879260895206        1.9576925340280339E-029
       10001   1000000.0000000000        1093.1653568208499        1.3106971799035774E-002   316.22776601683790        2.3300000000000001       0.84999999999999998       0.14999999999999999        1.4511305471562613E-014   3.3396616464045809E-016   5.7163664330680590E-010   7.8921964954019266E-011   9.7070436360671247E-031   9.7070436360671247E-031   9.7070436370859457E-031   9.7070436360671247E-031   9.7070436360671247E-031   14408.108072492347        1.6799059659170177E-029
       10001   1000000.0000000000        1093.1653592168525        1.4955262201987275E-002   316.22776601683790        2.3300000000000001       0.84999999999999998       0.14999999999999999        1.4511974028357578E-014   3.3395477759290697E-016   5.7163813632173822E-010   7.8936863252934764E-011   9.9259969062479850E-031   9.9259969062479867E-031   9.9259969077092520E-031   9.9259969062479867E-031   9.9259969062479885E-031   12627.439348078324        1.2747952397442801E-029
       10001   1000000.0000000000        1093.1653619507297        1.7064190795515619E-002   316.22776601683790        2.3300000000000001       0.84999999999999998       0.14999999999999999        1.4512632703858400E-014   3.3394344658759685E-016   5.7163954784520139E-010   7.8951748457803495E-011   9.9853894798057628E-031   9.9853894798057874E-031   9.9853894817806496E-031   9.9853894798057909E-031   9.9853894798058364E-031   11066.839845435088        8.2754295101798271E-030
       10001   1000000.0000000000        1093.1653650701264        1.9470511688325115E-002   316.22776601683790        2.3300000000000001       0.84999999999999998       0.14999999999999999        1.4513280273985023E-014   3.3393218956746780E-016   5.7164087391804918E-010   7.8966597823905320E-011   9.9977407881775444E-031   9.9977407881779893E-031   9.9977407907414634E-031   9.9977407881781504E-031   9.9977407881789299E-031   9699.1116575583656        4.4934791265215218E-030
       10001   1000000.0000000000        1093.1653686294076        2.2216161899973073E-002   316.22776601683790        2.3300000000000001       0.84999999999999998       0.14999999999999999        1.4513915714469234E-014   3.3392102180419601E-016   5.7164211144118002E-010   7.8981391645222801E-011   9.9997256328092401E-031   9.9997256328167475E-031   9.9997256360524070E-031   9.9997256328194748E-031   9.9997256328326348E-031   8500.4182113827501        2.0153752214201534E-030
       10001   1000000.0000000000        1093.1653726906038        2.5348992233304328E-002   316.22776601683790        2.3300000000000001       0.84999999999999998       0.14999999999999999        1.4514538180132544E-014   3.3390995619160757E-016   5.7164325809367899E-010   7.8996112914438102E-011   9.9999737828585203E-031   9.9999737829790564E-031   9.9999737869819706E-031   9.9999737830229048E-031   9.9999737832342014E-031   7449.8688473075781        7.4277357211738744E-031
       10001   1000000.0000000000        1093.1653773244927        2.8923601211463194E-002   316.22776601683790        2.3300000000000001       0.84999999999999998       0.14999999999999999        1.4515146986018656E-014   3.3389900350994380E-016   5.7164431225645469E-010   7.9010747019521416E-011   9.9999980668618363E-031   9.9999980687190507E-031   9.9999980736006649E-031   9.9999980693947026E-031   9.9999980726504076E-031   6529.1547391646727        2.2492002754111117E-031
       10001   1000000.0000000000        1093.1653826118331        3.3002286613218350E-002   316.22776601683790        2.3300000000000001       0.84999999999999998       0.14999999999999999        1.4515741590224638E-014   3.3388817266380507E-016   5.7164527294116165E-010   7.9025281472974928E-011   1.0000000011092641E-030   1.0000000038702850E-030   1.0000000044635396E-030   1.0000000048747549E-030   1.0000000097148459E-030   5722.2298046779688        5.6144323005050718E-032
       10001   1000000.0000000000        1093.1653886447723        3.7656131189823985E-002   316.22776601683790        2.3300000000000001       0.84999999999999998       0.14999999999999999        1.4516321578288119E-014   3.3387747089632075E-016   5.7164613972418868E-010   7.9039705670225570E-011   1.0000000968077295E-030   1.0000001366028594E-030   1.0000001373853856E-030   1.0000001510804848E-030   1.0000002208416296E-030   5015.0309960094919        1.1614061202488571E-032
       10001   1000000.0000000000        1093.1653955284512        4.2966241485136766E-002   316.22776601683790        2.3300000000000001       0.84999999999999998       0.14999999999999999        1.4516886648999259E-014   3.3386690398183765E-016   5.7164691268548288E-010   7.9054010674040739E-011   1.0000007525317505E-030   1.0000013109232637E-030   1.0000013128908135E-030   1.0000015140683064E-030   1.0000024929325861E-030   4395.2325896954344        1.9547368365673711E-033
       10001   1000000.0000000000        1093.1654033828374        4.9025161348969587E-002   316.22776601683790        2.3300000000000001       0.84999999999999998       0.14999999999999999        1.4517436601517123E-014   3.3385647639919348E-016   5.7164759235197330E-010   7.9068189022179904E-011   1.0000042253776946E-030   1.0000114024846178E-030   1.0000114149467777E-030   1.0000134795535853E-030   1.0000234880211157E-030   3852.0279905549201        7.6113189747523779E-039
       10001   1000000.0000000000        1093.1654123448163        5.5938484778193291E-002   316.22776601683790        2.3300000000000001       0.84999999999999998       0.14999999999999999        1.4517971323679841E-014   3.3384619148744007E-016   5.7164817964535918E-010   7.9082234555797630E-011   1.0000208924171752E-030   1.0000821945146416E-030   1.0000822758652906E-030   1.0000969769181984E-030   1.0001682068899938E-030   3375.9305352900228        8.7258836512176985E-039
       10001   1000000.0000000000        1093.1654225705759        6.3826696193952093E-002   316.22776601683790        2.3300000000000001       0.84999999999999998       0.14999999999999999        1.4518490781407124E-014   3.3383605158569546E-016   5.7164867583402303E-010   7.9096142266381315E-011   1.0000938823162519E-030   1.0004170304232396E-030   1.0004175182590471E-030   1.0005074041286946E-030   1.0009428771068584E-030   2958.5534929799151        9.9984887297723203E-039
       10001   1000000.0000000000        1093.1654342383288        7.2827270227083157E-002   316.22776601683790        2.3300000000000001       0.84999999999999998       0.14999999999999999        1.4518995009101851E-014   3.3382605815864636E-016   5.7164908248883428E-010   7.9109908159246043E-011   1.0003799849181925E-030   1.0017478009657144E-030   1.0017504595162902E-030   1.0022425635732485E-030   1.0046266262887554E-030   2592.2719351143974        1.1454538267203524E-038
       10001   1000000.0000000000        1093.1654475514190        8.3097067606503469E-002   316.22776601683790        2.3300000000000001       0.84999999999999998       0.14999999999999999        1.4519484100965221E-014   3.3381621190907012E-016   5.7164940144261354E-010   7.9123529131822225E-011   1.0013598301431880E-030   1.0062639246333075E-030   1.0062770249528363E-030   1.0087047361527463E-030   1.0204660821972110E-030   2269.4788960759170        1.3130662637715230E-038
       10001   1000000.0000000000        1093.1654627418650        9.4815068905766964E-002   316.22776601683790        2.3300000000000001       0.84999999999999998       0.14999999999999999        1.4519958203146901E-014   3.3380651287862043E-016   5.7164963475303397E-010   7.9137002865161100E-011   1.0041211761986267E-030   1.0189531164689331E-030   1.0190114247963458E-030   1.0298204707850239E-030   1.0821864163017363E-030   1980.9440150637977        1.5085680127997876E-038
       10001   1000000.0000000000        1093.1654800744034       0.10818549379114023        316.22776601683790        2.3300000000000001       0.84999999999999998       0.14999999999999999        1.4520417506658076E-014   3.3379696053799720E-016   5.7164978466873832E-010   7.9150327727252019E-011   1.0097642833314637E-030   1.0469421047229466E-030   1.0471762194044770E-030   1.0905805881922036E-030   1.3008604362369624E-030   1713.8238632453636        1.7274839889753833E-038
       10001   1000000.0000000000        1093.1654998511030       0.12344136013300884        316.22776601683790        2.3300000000000001       0.84999999999999998       0.14999999999999999        1.4520862240981321E-014   3.3378755386752050E-016   5.7164985359846804E-010   7.9163502686896151E-011   1.0164136668122021E-030   1.0919979660178265E-030   1.0928408558091790E-030   1.2491189491801085E-030   2.0062413790212495E-030   1455.9784690550821        1.9858605463395765E-038
       10001   1000000.0000000000        1093.1655224166288       0.14084854500830590        316.22776601683790        2.3300000000000001       0.84999999999999998       0.14999999999999999        1.4521292668316527E-014   3.3377829142902792E-016   5.7164984408299669E-010   7.9176527237015302E-011   1.0176562585410177E-030   1.1404462771464495E-030   1.1431388125938394E-030   1.6423735669123774E-030   4.0610557648110294E-030   1214.1247388989432        2.2754809586822255E-038
       10001   1000000.0000000000        1093.1655481642492       0.16071041836853428        316.22776601683790        2.3300000000000001       0.84999999999999998       0.14999999999999999        1.4521709078407097E-014   3.3376917142993020E-016   5.7164975876967612E-010   7.9189401326393369E-011   1.0116903848281815E-030   1.1742274179557043E-030   1.1818472876971077E-030   2.5947318551825291E-030   9.4399995648689919E-030   1018.6350578727555        2.6059100623750672E-038
       10001   1000000.0000000000        1093.1655775426891       0.18337313012829648        316.22776601683790        2.3300000000000001       0.84999999999999998       0.14999999999999999        1.4522111783895521E-014   3.3376019178018714E-016   5.7164960038941436E-010   7.9202125298956891E-011   1.0054077862546820E-030   1.1930814703182343E-030   1.2124827248548000E-030   4.8100331902586594E-030   2.2239881952192169E-029   873.55584284526230        3.0355661579310584E-038
       10001   1000000.0000000000        1093.1656110639512       0.20923164281695886        316.22776601683790        2.3300000000000001       0.84999999999999998       0.14999999999999999        1.4522501116161291E-014   3.3375135014288618E-016   5.7164937173590600E-010   7.9214699839793251E-011   1.0023500348181778E-030   1.2062171809072206E-030   1.2514318685382802E-030   9.6359556731752990E-030   5.0207949699997784E-029   757.04650981361260        3.5119702461210473E-038
       10001   1000000.0000000000        1093.1656493122375       0.23873661492964832        316.22776601683790        2.3300000000000001       0.84999999999999998       0.14999999999999999        1.4522877421598299E-014   3.3374264397905512E-016   5.7164907564695161E-010   7.9227125927192121E-011   1.0012206354304009E-030   1.2198247961700998E-030   1.3172702183753688E-030   1.9388493507743379E-029   1.0699251012530722E-028   659.78266698779350       -7.7290611602523544E-030
       10001   1000000.0000000000        1093.1656929541327       0.27240225493965087        316.22776601683790        2.3300000000000001       0.84999999999999998       0.14999999999999999        1.4523241058292202E-014   3.3373407058726988E-016   5.7164871498770908E-010   7.9239404790071062E-011   1.0008519883807380E-030   1.2383295414142933E-030   1.4338504676827285E-030   3.7695656590720296E-029   2.1899157392191940E-028   575.16356776179532       -7.6560730803365472E-030
       10001   1000000.0000000000        1093.1657427502191       0.31081528285082299        316.22776601683790        2.3300000000000001       0.84999999999999998       0.14999999999999999        1.4523592393061770E-014   3.3372562713857909E-016   5.7164829263572615E-010   7.9251537870212835E-011   1.0005148952808279E-030   1.2656413399674070E-030   1.6327698793664859E-030   6.9676418811360771E-029   4.2079011026580911E-028   502.16092209314445       -7.5289441449575408E-030
       10001   1000000.0000000000        1093.1657995683336       0.35464515547068237        316.22776601683790        2.3300000000000001       0.84999999999999998       0.14999999999999999        1.4523931798831129E-014   3.3371731070721254E-016   5.7164781146762060E-010   7.9263526788804227E-011   1.0001427579055082E-030   1.3074270031784085E-030   1.9559715812487767E-030   1.2229836160304721E-028   7.5748053137566544E-028   439.04450352174263       -1.9318630473050856E-029
       10001   1000000.0000000000        1093.1658643986900       0.40465573360879348        316.22776601683790        2.3300000000000001       0.84999999999999998       0.14999999999999999        1.4524259652302441E-014   3.3370911829750018E-016   5.7164727434727017E-010   7.9275373316817743E-011   9.9986343158573017E-031   1.3712762500094411E-030   2.4549932557847179E-030   2.0879531879858678E-028   1.2840501996542543E-027   385.12199270148648       -1.9660132635281747E-029
       10001   1000000.0000000000        1093.1659383711383       0.46171859453472086        316.22776601683790        2.3300000000000001       0.84999999999999998       0.14999999999999999        1.4524576331901523E-014   3.3370104686739207E-016   5.7164668411539610E-010   7.9287079348828273E-011   9.9981680411423548E-031   1.4660085515017738E-030   3.1880906975439999E-030   3.4137613286107660E-028   2.0626311029840602E-027   338.11605202113861       -1.9631383965510838E-029
       10001   1000000.0000000000        1093.1660227748541       0.52682822170318433        316.22776601683790        2.3300000000000001       0.84999999999999998       0.14999999999999999        1.4524882215970734E-014   3.3369309334893073E-016   5.7164604358041915E-010   7.9298646879897202E-011   9.9683264232128508E-031   1.5986380415547564E-030   4.2104233137298764E-030   5.3187549062757434E-028   3.1543549995108332E-027   296.86557780762655       -1.9620587225900123E-029
       10001   1000000.0000000000        1093.1661190808052       0.60111933647079374        316.22776601683790        2.3300000000000001       0.84999999999999998       0.14999999999999999        1.4525177681186083E-014   3.3368525466599888E-016   5.7164535551048653E-010   7.9310077985197514E-011   9.9150563336612672E-031   1.7992024626506898E-030   5.6323027705913391E-030   7.9881417125629529E-028   4.6597190632991269E-027   279.75989373506303       -2.2074045781092700E-029
       10001   1000000.0000000000        1093.1662289673882       0.68588667385907409        316.22776601683790        2.3300000000000001       0.84999999999999998       0.14999999999999999        1.4525463101177172E-014   3.3367752774963482E-016   5.7164462262656615E-010   7.9321374802085913E-011   9.8916364690026148E-031   2.1339819135596671E-030   7.7011685667992504E-030   1.1829270150793821E-027   6.8048347465887274E-027   278.80879716165464       -2.8390037840188342E-029
       10001   1000000.0000000000        1093.1663543496775       0.78260754701295565        316.22776601683790        2.3300000000000001       0.84999999999999998       0.14999999999999999        1.4525738845330563E-014   3.3366990955117939E-016   5.7164384759651453E-010   7.9332539514359385E-011   9.8920173747864170E-031   2.6757460555980749E-030   1.0752232916939633E-029   1.7449809278159703E-027   9.9221014473015409E-027   277.53052076562483       -3.6434931957608563E-029
       10001   1000000.0000000000        1093.1664974128007       0.89296759360494360        316.22776601683790        2.3300000000000001       0.84999999999999998       0.14999999999999999        1.4526005277758785E-014   3.3366239705349743E-016   5.7164303303003399E-010   7.9343574338461539E-011   9.8931836494011242E-031   3.5074726875789630E-030   1.5205739421279088E-029   2.5647374125830187E-027   1.4446459257661377E-026   276.04499192174302       -4.6670273280359880E-029
       10001   1000000.0000000000        1093.1666606500191        1.0188901528896228        316.22776601683790        2.3300000000000001       0.84999999999999998       0.14999999999999999        1.4526262756418798E-014   3.3365498728049186E-016   5.7164218147443992E-010   7.9354481511428413E-011   9.8943526371531253E-031   4.7488617101885089E-030   2.1663277707886877E-029   3.7570446973064754E-027   2.1010261634264300E-026   274.38032606526940       -5.9670729243760777E-029
       10001   1000000.0000000000        1093.1668469061790        1.1625697853876660        316.22776601683790        2.3300000000000001       0.84999999999999998       0.14999999999999999        1.4526511632364927E-014   3.3364767730510435E-016   5.7164129541115610E-010   7.9365263280384739E-011   9.8954787396040603E-031   6.5704297678997782E-030   3.0979237935375767E-029   5.4864012976747546E-027   3.0533291526632515E-026   272.56618786014388       -7.6157385845495677E-029
       10001   1000000.0000000000        1093.1670594272880        1.3265105193756241        316.22776601683790        2.3300000000000001       0.84999999999999998       0.14999999999999999        1.4526752249122892E-014   3.3364046425598224E-016   5.7164037725287832E-010   7.9375921893422728E-011   9.8965132973204108E-031   9.2143119668134376E-030   4.4364155976568298E-029   7.9882461014130107E-027   4.4362307332793694E-026   270.64082129348162       -9.7034224620853224E-029
       10001   1000000.0000000000        1093.1673019170844        1.5135694907359289        316.22776601683790        2.3300000000000001       0.84999999999999998       0.14999999999999999        1.4526984942172487E-014   3.3363334532296754E-016   5.7163942934133557E-010   7.9386459591711813E-011   9.8973885761908650E-031   1.3023223359725540E-029   6.3529068025796617E-029   1.1599600156378573E-026   6.4487285835583152E-026   268.65566794234167       -1.2343739496045762E-028
       10001   1000000.0000000000        1093.1675786015817        1.7270067367162087        316.22776601683790        2.3300000000000001       0.84999999999999998       0.14999999999999999        1.4527210038527654E-014   3.3362631776154923E-016   5.7163845394559189E-010   7.9396878602704654E-011   9.8980175526310357E-031   1.8481253527402872E-029   9.0888829440249588E-029   1.6803868554463696E-026   9.3885012211672784E-026   266.67989694902752       -1.5680194455971826E-028
       10001   1000000.0000000000        1093.1678943027143        1.9705420113965120        316.22776601683790        2.3300000000000001       0.84999999999999998       0.14999999999999999        1.4527427856403720E-014   3.3361937889640011E-016   5.7163745326083636E-010   7.9407181134317777E-011   9.8983097951736505E-031   2.6271783474866538E-029   1.2985078475723330E-028   2.4297597458546244E-026   1.3707653079064993E-025   264.80387642481526       -1.9895538792122928E-028
       10001   1000000.0000000000        1093.1682545223673        2.2484196130363379        316.22776601683790        2.3300000000000001       0.84999999999999998       0.14999999999999999        1.4527638704962416E-014   3.3361252612410411E-016   5.7163642940760625E-010   7.9417369369979104E-011   9.8982810862890666E-031   3.7360649463092084E-029   1.8522936415454212E-028   3.5092384025485310E-026   2.0102648856680489E-025   263.13259808549805       -2.5225381079370137E-028
       10001   1000000.0000000000        1093.1686655382562        2.5654823531033211        316.22776601683790        2.3300000000000001       0.84999999999999998       0.14999999999999999        1.4527842884126165E-014   3.3360575691516385E-016   5.7163538443140144E-010   7.9427445464444798E-011   9.8982016069531831E-031   5.3115436885699815E-029   2.6384107218132639E-028   5.0673125090063990E-026   2.9676657549637343E-025   261.72006458048162       -3.1977862879246969E-028
       10001   1000000.0000000000        1093.1691345133220        2.9272559561052840        316.22776601683790        2.3300000000000001       0.84999999999999998       0.14999999999999999        1.4528040684453980E-014   3.3359906881536152E-016   5.7163432030264650E-010   7.9437411540298851E-011   9.8981286221991353E-031   7.5468752384550283E-029   3.7531946283474122E-028   7.3240644759398101E-026   4.3877681441035830E-025   260.47984583754021       -4.0558652967871242E-028
       10001   1000000.0000000000        1093.1696696205552        3.3400453611339898        316.22776601683790        2.3300000000000001       0.84999999999999998       0.14999999999999999        1.4528232387071808E-014   3.3359245944652909E-016   5.7163323891695813E-010   7.9447269685057801E-011   9.8978434892080190E-031   1.0714868961030851E-028   5.3326633548105411E-028   1.0609894414664572E-025   6.4986798335415208E-025   259.43986830654347       -5.1512190849821764E-028
       10001   1000000.0000000000        1093.1702801854146        3.8110446034502616        316.22776601683790        2.3300000000000001       0.84999999999999998       0.14999999999999999        1.4528418263651056E-014   3.3358592650677078E-016   5.7163214209568818E-010   7.9457021948810680E-011   9.8972881872106955E-031   1.5201879453780640E-028   7.5695175839858165E-028   1.5429442758820830E-025   9.6429298070841887E-025   258.66150257084183       -6.5584713691279754E-028
       10001   1000000.0000000000        1093.1709768483304        4.3484621911111532        316.22776601683790        2.3300000000000001       0.84999999999999998       0.14999999999999999        1.4528598576429466E-014   3.3357946777016291E-016   5.7163103158670349E-010   7.9466670342332214E-011   9.8965639351506360E-031   2.1556768162952950E-028   1.0737668981872296E-027   2.2570414579918878E-025   1.4335621170237525E-024   258.19349249839661       -8.3799163012066115E-028
       10001   1000000.0000000000        1093.1717717501126        4.9616641616852748        316.22776601683790        2.3300000000000001       0.84999999999999998       0.14999999999999999        1.4528773578269058E-014   3.3357308108594208E-016   5.7162990906537528E-010   7.9476216835613337E-011   9.8958808390198627E-031   3.0560902196688785E-028   1.5227398146698245E-027   3.3228324135558627E-025   2.1351766916494834E-024   258.01787795767979       -1.0747758159146202E-027
       10001   1000000.0000000000        1093.1726787435055        5.6613373122284019        316.22776601683790        2.3300000000000001       0.84999999999999998       0.14999999999999999        1.4528943512746465E-014   3.3356676437717805E-016   5.7162877613575232E-010   7.9485663356759792E-011   9.8952586628814754E-031   4.3326238899648384E-028   2.1594810157618942E-027   4.9055400122221947E-025   3.1856790243536317E-024   258.04814271205157       -1.3810552450973873E-027
       10001   1000000.0000000000        1093.1737136345594        6.4596754472683076        316.22776601683790        2.3300000000000001       0.84999999999999998       0.14999999999999999        1.4529108614271265E-014   3.3356051563891141E-016   5.7162763433188822E-010   7.9495011791213409E-011   9.8945838370732049E-031   6.1436411819784150E-028   3.0633339385981215E-027   7.2651110361303197E-025   4.7604266684822531E-024   258.27146299317468       -1.7781096804315121E-027
       10001   1000000.0000000000        1093.1748944580359        7.3705918907023094        316.22776601683790        2.3300000000000001       0.84999999999999998       0.14999999999999999        1.4529269108228543E-014   3.3355433293572518E-016   5.7162648511930548E-010   7.9504263981257085E-011   9.8938391620243965E-031   8.7153144855543501E-028   4.3479094858493370E-027   1.0795177448244138E-024   7.1239427246777934E-024   258.68634782411976       -2.2940205670499946E-027
       10001   1000000.0000000000        1093.1762417916320        8.4099619652346558        316.22776601683790        2.3300000000000001       0.84999999999999998       0.14999999999999999        1.4529425211142047E-014   3.3354821439870728E-016   5.7162532989657027E-010   7.9513421725767361E-011   9.8930255483030295E-031   1.2371420398015182E-027   6.1764479853134261E-027   1.6092485003214337E-024   1.0676219586219092E-023   259.29009354461533       -2.9654981312355432E-027
       10001   1000000.0000000000        1093.1777791144975        9.5958996652512187        316.22776601683790        2.3300000000000001       0.84999999999999998       0.14999999999999999        1.4529577130854912E-014   3.3354215822174664E-016   5.7162416999696260E-010   7.9522486780183119E-011   9.8921373469960920E-031   1.7576652030235381E-027   8.7844670450223863E-027   2.4062715730103965E-024   1.6023653873320350E-023   260.08079936343466       -3.8405349067282387E-027
       10001   1000000.0000000000        1093.1795332162887        10.949073344946934        316.22776601683790        2.3300000000000001       0.84999999999999998       0.14999999999999999        1.4529725066724996E-014   3.3353616265710214E-016   5.7162300669022435E-010   7.9531460856661910E-011   9.8911607661786938E-031   2.4999954024948990E-027   1.2513528097540601E-026   3.6083428084109612E-024   2.4088185141881195E-023   261.05997455581098       -4.9819610965151085E-027
       10001   1000000.0000000000        1093.1815346638723        12.493065923474193        316.22776601683790        2.3300000000000001       0.84999999999999998       0.14999999999999999        1.4529869209832394E-014   3.3353022601017433E-016   5.7162184118436647E-010   7.9540345624398749E-011   9.8900752554352326E-031   3.5607750128964397E-027   1.7862272759831298E-026   5.4256142386933104E-024   3.6276004645124831E-023   262.23444990184498       -6.4722209418328864E-027
       10001   1000000.0000000000        1093.1838183338045        14.254785884716229        316.22776601683790        2.3300000000000001       0.84999999999999998       0.14999999999999999        1.4530009743196686E-014   3.3352434663340592E-016   5.7162067462752579E-010   7.9549142710084959E-011   9.8888549626274909E-031   5.0802283426824844E-027   2.5564893699793147E-026   8.1798353017771234E-024   5.4739749322710855E-023   263.61751867211893       -8.4197985780633268E-027
       10001   1000000.0000000000        1093.1864240198481        16.264936234531397        316.22776601683790        2.3300000000000001       0.84999999999999998       0.14999999999999999        1.4530146842002067E-014   3.3351852291924162E-016   5.7161950810985500E-010   7.9557853698486834E-011   9.8874694473208444E-031   7.2628945634236973E-027   3.6714350196194974E-026   1.2365667410124985E-023   8.2788464249794569E-023   265.22957888584102       -1.0967828846783687E-026
       10001   1000000.0000000000        1093.1893971260927        18.558549588388910        316.22776601683790        2.3300000000000001       0.84999999999999998       0.14999999999999999        1.4530280673828377E-014   3.3351275329207731E-016   5.7161834266543793E-010   7.9566480133126719E-011   9.8858834609100180E-031   1.0409084855893291E-026   5.2960738110439734E-026   1.8747230267496916E-023   1.2553303433643228E-022   267.09863741169141       -1.4305719611864408E-026
       10001   1000000.0000000000        1093.1927894577286        21.175598714827274        316.22776601683790        2.3300000000000001       0.84999999999999998       0.14999999999999999        1.4530411398886400E-014   3.3350703619914235E-016   5.7161717927421166E-010   7.9575023517050310E-011   9.8840558948686554E-031   1.4963349999176793E-026   7.6839790804398869E-026   2.8511301005329228E-023   1.9091027729994770E-022   269.26097369781291       -1.8684889214616426E-026
       10001   1000000.0000000000        1093.1966601232248        24.161693175200348        316.22776601683790        2.3300000000000001       0.84999999999999998       0.14999999999999999        1.4530539170256088E-014   3.3350137010026964E-016   5.7161601886389771E-010   7.9583485313667354E-011   9.8819380193440913E-031   2.1590602436915519E-026   1.1233311653829053E-025   4.3512559852434393E-023   2.9132227310202168E-022   271.76217481049520       -2.4440207835502342E-026
       10001   1000000.0000000000        1093.2010765635785        27.568874200650214        316.22776601683790        2.3300000000000001       0.84999999999999998       0.14999999999999999        1.4530664134126352E-014   3.3349575345652981E-016   5.7161486231192452E-010   7.9591866947652707E-011   9.8794710517508458E-031   3.1298542024901634E-026   1.6583690182435251E-025   6.6670140383765297E-023   4.4628700276646126E-022   274.65870275095517       -3.2019429667878019E-026
       10001   1000000.0000000000        1093.2061157265196        31.456521659309406        316.22776601683790        2.3300000000000001       0.84999999999999998       0.14999999999999999        1.4530786430035257E-014   3.3349018471772889E-016   5.7161371044733580E-010   7.9600169805897775E-011   9.8765829194111800E-031   4.5640299670558700E-026   2.4799072239580752E-025   1.0261617809951782E-022   6.8677331288496098E-022   278.02013961929322       -4.2023860987493181E-026
       10001   1000000.0000000000        1093.2118654060496        35.892388920228861        316.22776601683790        2.3300000000000001       0.84999999999999998       0.14999999999999999        1.4530906191109670E-014   3.3348466230880284E-016   5.7161256405267999E-010   7.9608395238503579E-011   9.8731836213170863E-031   6.7061343921070359E-026   3.7530030596469008E-025   1.5877032287534514E-022   1.0623829545353741E-021   281.93232516663738       -5.5265087985273478E-026
       10001   1000000.0000000000        1093.2184257705551        40.953783649493602        316.22776601683790        2.3300000000000001       0.84999999999999998       0.14999999999999999        1.4531023544303471E-014   3.3347918461517471E-016   5.7161142386587189E-010   7.9616544559807612E-011   9.8691587549901026E-031   9.9515827178895300E-026   5.7361255727483073E-025   2.4714645361656806E-022   1.6534265342956375E-021   286.50187117423167       -7.2844830623795032E-026
       10001   1000000.0000000000        1093.2259111059952        46.728915117273196        316.22776601683790        2.3300000000000001       0.84999999999999998       0.14999999999999999        1.4531138610633519E-014   3.3347374996718609E-016   5.7161029058202124E-010   7.9624619049438442E-011   9.8643607991935902E-031   1.4959378900697343E-025   8.8637645205116879E-025   3.8744217308628940E-022   2.5915733500434987E-021   291.86245485263345       -9.6268578321460546E-026
       10001   1000000.0000000000        1093.2344518043617        53.318431496483221        316.22776601683790        2.3300000000000001       0.84999999999999998       0.14999999999999999        1.4531251505412754E-014   3.3346835662375833E-016   5.7160916485522443E-010   7.9632619953393543E-011   9.8585964110222390E-031   2.2873751720455698E-025   1.3860616308554648E-024   6.1242466873875522E-022   4.0958497867504728E-021   298.18353491042740       -1.2760941104484177E-025
       10001   1000000.0000000000        1093.2441966318372        60.837173944882032        316.22776601683790        2.3300000000000001       0.84999999999999998       0.14999999999999999        1.4531362338479773E-014   3.3346300275549040E-016   5.7160804730031125E-010   7.9640548485135990E-011   9.8516072111949581E-031   3.5634924258234532E-025   2.1953982037378558E-024   9.7752962119094492E-022   6.5367971902502521E-021   305.68289955072305       -1.6974749454268980E-025
       10001   1000000.0000000000        1093.2553153158813        69.416178040495424        316.22776601683790        2.3300000000000001       0.84999999999999998       0.14999999999999999        1.4531471214424576E-014   3.3345768642745689E-016   5.7160693849454676E-010   7.9648405826709024E-011   9.8430403619746497E-031   5.6408825569052121E-025   3.5261652023913365E-024   1.5784097961926807E-021   1.0553764674914340E-020   314.64507046336087       -2.2672596347391678E-025
       10001   1000000.0000000000        1093.2680014959403        79.204957451103297        316.22776601683790        2.3300000000000001       0.84999999999999998       0.14999999999999999        1.4531578232809762E-014   3.3345240558202018E-016   5.7160583897928077E-010   7.9656193129866043E-011   9.8324021185840695E-031   9.0948657259759593E-025   5.7522593812904423E-024   2.5839758388726193E-021   1.7275750899245775E-020   325.44896515507338       -3.0428963278773134E-025
       10001   1000000.0000000000        1093.2824760886967        90.374109637256993        316.22776601683790        2.3300000000000001       0.84999999999999998       0.14999999999999999        1.4531683488387108E-014   3.3344715802203540E-016   5.7160474926154251E-010   7.9663911517217285E-011   9.8189814629635344E-031   1.4972361835836172E-024   9.5521095476045324E-024   4.3007744378445677E-021   2.8751704065231021E-020   338.61067361721348       -4.0977500787349391E-025
       10001   1000000.0000000000        1093.2989911258444        103.11828900064864        316.22776601683790        2.3300000000000001       0.84999999999999998       0.14999999999999999        1.4531787071309078E-014   3.3344194139487613E-016   5.7160366981557614E-010   7.9671562083394273E-011   9.8017185709606195E-031   2.5238115817171047E-024   1.6197564047715459E-023   7.3035662720722331E-021   4.8823301417121983E-020   354.85217519116298       -5.5525723030562353E-025
       10001   1000000.0000000000        1093.3178341304163        117.65959929344240        316.22776601683790        2.3300000000000001       0.84999999999999998       0.14999999999999999        1.4531889067335084E-014   3.3343675317776512E-016   5.7160260108431578E-010   7.9679145896234730E-011   9.7789655209114100E-031   4.3723200993108647E-024   2.8168364804656652E-023   1.2713069112956794E-020   8.4981387566563787E-020   375.21672624416783       -7.5802536651877472E-025
       10001   1000000.0000000000        1093.3393331068096        134.25146441099653        316.22776601683790        2.3300000000000001       0.84999999999999998       0.14999999999999999        1.4531989558032313E-014   3.3343159066494381E-016   5.7160154348079464E-010   7.9686663997992638E-011   9.7480219088426787E-031   7.8261569677309800E-024   5.0535674727790835E-023   2.2821328036136164E-020   1.5254597840584695E-019   401.27357640618391       -1.0441343759788062E-024
       10001   1000000.0000000000        1093.3638622300198        153.18304502760284        316.22776601683790        2.3300000000000001       0.84999999999999998       0.14999999999999999        1.4532088620971001E-014   3.3342645095725049E-016   5.7160049738948946E-010   7.9694117406578558E-011   9.7041876545087419E-031   1.4584604149084108E-023   9.4300135743234399E-023   4.2600590282114141E-020   2.8475170120462899E-019   435.50639140791515       -1.4537823261828456E-024
       10001   1000000.0000000000        1093.3918483313362        174.78427804774503        316.22776601683790        2.3300000000000001       0.84999999999999998       0.14999999999999999        1.4532186329914047E-014   3.3342133095471320E-016   5.7159946316759194E-010   7.9701507116837094E-011   9.6390038950121805E-031   2.8617027850358770E-023   1.8515856394089541E-022   8.3666115984274702E-020   5.5923565518826000E-019   482.10157623069904       -2.0504539823562494E-024
       10001   1000000.0000000000        1093.4237782910657        199.43162669972097        316.22776601683790        2.3300000000000001       0.84999999999999998       0.14999999999999999        1.4532282755001009E-014   3.3341622735277434E-016   5.7159844114621058E-010   7.9708834101870163E-011   9.5400997831929406E-031   6.0103424839175358E-023   3.8901353253250779E-022   1.7580745042312367E-019   1.1751139901828823E-018   548.55137889071716       -2.9366783896930312E-024
       10001   1000000.0000000000        1093.4602074639138        227.55464148344194        316.22776601683790        2.3300000000000001       0.84999999999999998       0.14999999999999999        1.4532377962926371E-014   3.3341113664276790E-016   5.7159743163149630E-010   7.9716099314415927E-011   9.4272886761617022E-031   1.3833329710790437E-022   8.9547538484356057E-022   4.0473488420716557E-019   2.7052851299534613E-018   647.85735845845011       -4.2805468888628392E-024
       10001   1000000.0000000000        1093.5017692796907        259.64344631568071        316.22776601683790        2.3300000000000001       0.84999999999999998       0.14999999999999999        1.4532472017112219E-014   3.3340605511724445E-016   5.7159643490569232E-010   7.9723303688294529E-011   9.6877745614357471E-031   3.6085937785545525E-022   2.3360616459884891E-021   1.0559208330800452E-018   7.0578906256380869E-018   791.13583510834519       -6.3114262620126642E-024
       10001   1000000.0000000000        1093.5491861812341        296.25728034024331        316.22776601683790        2.3300000000000001       0.84999999999999998       0.14999999999999999        1.4532564977875495E-014   3.3340097888069687E-016   5.7159545122810479E-010   7.9730448139934641E-011   1.2293724417749289E-030   1.0930725163137281E-021   7.0761435954525172E-021   3.1986351154551375E-018   2.1380125750456479E-017   934.62682909200475       -9.4702344825156229E-024
       10001   1000000.0000000000        1093.6032820831251        338.03424426852973        316.22776601683790        2.3300000000000001       0.84999999999999998       0.14999999999999999        1.4532656902589859E-014   3.3339590386616243E-016   5.7159448083599070E-010   7.9737533569996180E-011   2.1737750299984511E-030   3.7503187902501363E-021   2.4277890067137341E-020   1.0974755484587684E-017   7.3357204098566359E-017   1014.9848912377928       -1.1121796522788456E-023
       10001   1000000.0000000000        1093.6649965591610        385.70242110831219        316.22776601683790        2.3300000000000001       0.84999999999999998       0.14999999999999999        1.4532747845842834E-014   3.3339082585808368E-016   5.7159352394535648E-010   7.9744560865110782E-011   4.8594239862174124E-030   1.3741532982215793E-020   8.8955200565053861E-020   4.0213197871576889E-017   2.6879366301843599E-016   1041.8174794822023        2.0381594268689195E-023
       10001   1000000.0000000000        1093.7354009939331        440.09256509123367        316.22776601683790        2.3300000000000001       0.84999999999999998       0.14999999999999999        1.4532837859589290E-014   3.3338574052171420E-016   5.7159258075163990E-010   7.9751530899775832E-011   1.2081623484467040E-029   5.1420942029906764E-020   3.3286583393100598E-019   1.5048001576181513E-016   1.0058467559250504E-015   1041.6579704853139        2.7711113592884563E-022
       10001   1000000.0000000000        1093.8157169645331        502.15257993984136        316.22776601683790        2.3300000000000001       0.84999999999999998       0.14999999999999999        1.4532926993305340E-014   3.3338064343939754E-016   5.7159165143020520E-010   7.9758444538493465E-011   3.1102680984546519E-029   1.9215728364009686E-019   1.2438813672663082E-018   5.6234208883912679E-016   3.7588607964978413E-015   1030.0502687042822        1.7288571397138887E-021
       10001   1000000.0000000000        1093.9073371526495        572.96403879934792        316.22776601683790        2.3300000000000001       0.84999999999999998       0.14999999999999999        1.4533015294157414E-014   3.3337553015465822E-016   5.7159073613642049E-010   7.9765302638449612E-011   8.0513225870162133E-029   7.1010071882706605E-019   4.5965805987448451E-018   2.0781098969017557E-015   1.3890789247937433E-014   1013.0580291203211        8.7997622459427218E-021
       10001   1000000.0000000000        1094.0118491254402        653.76103374115917        316.22776601683790        2.3300000000000001       0.84999999999999998       0.14999999999999999        1.4533102807239287E-014   3.3337039622791294E-016   5.7158983500457842E-010   7.9772106053784938E-011   2.0723441916430597E-028   2.5821967667274046E-018   1.6714636769490299E-017   7.5568830593927200E-015   5.0513094990383125E-014   992.60727114522376        4.0338617463939034E-020
       10001   1000000.0000000000        1094.1310623657937        745.95168334462653        316.22776601683790        2.3300000000000001       0.84999999999999998       0.14999999999999999        1.4533189576069048E-014   3.3336523731865385E-016   5.7158894814342151E-010   7.9778855645291311E-011   5.2788299552840795E-028   9.2081536021779703E-018   5.9603626334366502E-017   2.6948262816820135E-014   1.8013372598423296E-013   969.06656521107925        1.7245816384432444E-019
       10001   1000000.0000000000        1094.2670389791795        851.14267318812392        316.22776601683790        2.3300000000000001       0.84999999999999998       0.14999999999999999        1.4533275644023313E-014   3.3336004934870741E-016   5.7158807562156512E-010   7.9785552309295414E-011   1.3275311127469690E-027   3.2095596105989588E-017   2.0774849857013451E-016   9.3930922569043029E-014   6.2787898910803140E-013   942.12088759077767        6.9847428630373962E-019
       10001   1000000.0000000000        1094.4221285553660        971.16725693765284        316.22776601683790        2.3300000000000001       0.84999999999999998       0.14999999999999999        1.4533361059045163E-014   3.3335482893850369E-016   5.7158721742352938E-010   7.9792197073982541E-011   3.2914918693297124E-027   1.0893524099474477E-016   7.0510359212405384E-016   3.1881339958670492E-013   2.1311163862717380E-012   910.93440400330223        2.6996641829496211E-018
       10001   1000000.0000000000        1094.5990077188824        1108.1172060319702        316.22776601683790        2.3300000000000001       0.84999999999999998       0.14999999999999999        1.4533445889443811E-014   3.3334957476578243E-016   5.7158637332297875E-010   7.9798791427139814E-011   8.0438831286983988E-027   3.5827784156072208E-016   2.3189760751315587E-015   1.0485599932850481E-012   7.0091810395688365E-012   874.01809931715684        9.9848025829272406E-018
       10001   1000000.0000000000        1094.8007249621196        1264.3792647788266        316.22776601683790        2.3300000000000001       0.84999999999999998       0.14999999999999999        1.4533530276024883E-014   3.3334429195884904E-016   5.7158554253246201E-010   7.9805338411373905E-011   1.9406981149806161E-026   1.1339583454315025E-015   7.3394724584515265E-015   3.3187595949826036E-012   2.2184689658175051E-011   829.09762936152924        3.5317317207179839E-017
       10001   1000000.0000000000        1095.0307514190290        1442.6767461965753        316.22776601683790        2.3300000000000001       0.84999999999999998       0.14999999999999999        1.4533614599948703E-014   3.3333900619802831E-016   5.7158472277419766E-010   7.9811846185626489E-011   4.6442363471799551E-026   3.4186567474609451E-015   2.2126574807679783E-014   1.0005523405236535E-011   6.6883834349908963E-011   773.57693229396295        1.1907131662367209E-016
       10001   1000000.0000000000        1095.2930383048431        1646.1169935275889        316.22776601683790        2.3300000000000001       0.84999999999999998       0.14999999999999999        1.4533699984106045E-014   3.3333380588253305E-016   5.7158390803390134E-010   7.9818338718054357E-011   1.1097209111638395E-025   9.6784330047610619E-015   6.2640332883955855E-014   2.8326658862474616E-011   1.8935673905543011E-010   706.59880032718968        3.6993429283338711E-016
       10001   1000000.0000000000        1095.5920818170193        1878.2455345759649        316.22776601683790        2.3300000000000001       0.84999999999999998       0.14999999999999999        1.4533789626237480E-014   3.3332895440106857E-016   5.7158308399937853E-010   7.9824884200748854E-011   2.6648096331621332E-025   2.5336650306943626E-014   1.6397878847015851E-013   7.4155947997792571E-011   4.9571930500131400E-010   632.32476983359652        1.1158650440203697E-015
       10001   1000000.0000000000        1095.9329963630682        2143.1078726637461        316.22776601683790        2.3300000000000001       0.84999999999999998       0.14999999999999999        1.4533892768823888E-014   3.3332522302382929E-016   5.7158221671784790E-010   7.9831679086249480E-011   6.1592753568871605E-025   6.0748806410586179E-014   3.9315572303880527E-013   1.7780407171099400E-010   1.1886018627751817E-009   559.01786333106361        3.1085360499215811E-015
       10001   1000000.0000000000        1096.3215970496910        2445.3199910895760        316.22776601683790        2.3300000000000001       0.84999999999999998       0.14999999999999999        1.4534033537703429E-014   3.3332463014524602E-016   5.7158123581029561E-010   7.9839233313711642E-011   1.3263690569180998E-024   1.3335053455679494E-013   8.6299577707426125E-013   3.9030732389198458E-010   2.6091964065238508E-009   491.96045640748378        7.9165907874831608E-015
       10001   1000000.0000000000        1096.7644924314343        2790.1487998315592        316.22776601683790        2.3300000000000001       0.84999999999999998       0.14999999999999999        1.4534269156346262E-014   3.3333195340924530E-016   5.7158001287665546E-010   7.9848744052775338E-011   2.6521034639837983E-024   2.6933876604507657E-013   1.7430037410449553E-012   7.8835124154934911E-010   5.2701836595424648E-009   432.21881864485908        1.8471489980823819E-014
       10001   1000000.0000000000        1097.2691885713627        3183.6039265080872        316.22776601683790        2.3300000000000001       0.84999999999999998       0.14999999999999999        1.4534723974380146E-014   3.3335751869254801E-016   5.7157834208571891E-010   7.9862770659370952E-011   4.9352272688964880E-024   5.0397505770354648E-013   3.2613121121915436E-012   1.4751628393530756E-009   9.8617156536034275E-009   379.73502930759628        3.9687884398308526E-014
       10001   1000000.0000000000        1097.8442055050973        3632.5424513164276        316.22776601683790        2.3300000000000001       0.84999999999999998       0.14999999999999999        1.4535647355787393E-014   3.3342184757999559E-016   5.7157593828530899E-010   7.9886324689741742E-011   8.5912460054375448E-024   8.8013496377156365E-013   5.6952743044331318E-012   2.5762701997107063E-009   1.7223089661690740E-008   334.06143916497501        7.9016549464685922E-014
       10001   1000000.0000000000        1098.4992072151554        4144.7884112547772        316.22776601683790        2.3300000000000001       0.84999999999999998       0.14999999999999999        1.4537504477491796E-014   3.3356272253982539E-016   5.7157247576173469E-010   7.9928454302029118E-011   1.4080307399477519E-023   1.4453771968832378E-012   9.3524779671268337E-012   4.2309298979557124E-009   2.8285460789299290E-008   294.61427231905424        1.4676011721514834E-013
       10001   1000000.0000000000        1099.2451462048555        4729.2691563304907        316.22776601683790        2.3300000000000001       0.84999999999999998       0.14999999999999999        1.4541109288994298E-014   3.3384509177723887E-016   5.7156769607875828E-010   8.0004331474310282E-011   2.1873045694653034E-023   2.2484544577937671E-012   1.4548147524935041E-011   6.5819197365188948E-009   4.4003622082195263E-008   260.78249951791099        2.5607505217478943E-013
       10001   1000000.0000000000        1100.0944236975281        5396.1709341509913        316.22776601683790        2.3300000000000001       0.84999999999999998       0.14999999999999999        1.4547808747120286E-014   3.3437407361993824E-016   5.7156156870122677E-010   8.0137772477134308E-011   3.2422424988330256E-023   3.3364454867963013E-012   2.1586571271002355E-011   9.7671488675610719E-009   6.5299927352655665E-008   231.96698517814957        4.2256130529018667E-013
       10001   1000000.0000000000        1101.0610663618249        6157.1164144037875        316.22776601683790        2.3300000000000001       0.84999999999999998       0.14999999999999999        1.4559728308034152E-014   3.3531092853607571E-016   5.7155431226080189E-010   8.0364013137405328E-011   4.6150308091527894E-023   4.7534095647653559E-012   3.0752384951708450E-011   1.3915723541008779E-008   9.3037993345693750E-008   207.59056516939174        6.7279473503589329E-013
       10001   1000000.0000000000        1102.1609202586615        7025.3672470968713        316.22776601683790        2.3300000000000001       0.84999999999999998       0.14999999999999999        1.4580088434083438E-014   3.3689048347341905E-016   5.7155321743184732E-010   8.0732301578727654E-011   6.3451482325797316E-023   6.5408402314319783E-012   4.2313500661991925E-011   1.9149272121219284E-008   1.2803160601907949E-007   187.09930283981055        1.1341394134368514E-012
       10001   1000000.0000000000        1103.4118623974787        8016.0551847160013        316.22776601683790        2.3300000000000001       0.84999999999999998       0.14999999999999999        1.4613601866720762E-014   3.3944169447910098E-016   5.7161942726389579E-010   8.1308562738081924E-011   8.4711620923056113E-023   8.7395704980460245E-012   5.6533427753373062E-011   2.5587475233728993E-008   1.7108203686045222E-007   169.96418537474710        1.8149631706481353E-012
       10001   1000000.0000000000        1104.8340298533524        9146.4457962629167        316.22776601683790        2.3300000000000001       0.84999999999999998       0.14999999999999999        1.4666971353871420E-014   3.4341039677191079E-016   5.7186037980876056E-010   8.2177942064303310E-011   1.1033245946154634E-022   1.1392431924629615E-011   7.3688468691068444E-011   3.3355843940681820E-008   2.2303012773395147E-007   155.68602322620404        2.7861505700255274E-012
       10001   1000000.0000000000        1106.4500658035845        10436.239369145425        316.22776601683790        2.3300000000000001       0.84999999999999998       0.14999999999999999        1.4749507333189910E-014   3.4938557371046545E-016   5.7244785559023626E-010   8.3447521540932827E-011   1.4075736717777668E-022   1.4546965850543142E-011   9.4085247689855006E-011   4.2593635694693182E-008   2.8480941790869602E-007   143.80307164418667        4.1363460972140408E-012
       10001   1000000.0000000000        1108.2853810626875        11907.914242995012        316.22776601683790        2.3300000000000001       0.84999999999999998       0.14999999999999999        1.4873892827940892E-014   3.5813188136603337E-016   5.7364215434327462E-010   8.5249736334840081E-011   1.7649280499992930E-022   1.8257723571429286E-011   1.1807557467388966E-010   5.3460557989319162E-008   3.5749124943725973E-007   133.89929762276805        5.9776077227453911E-012
       10001   1000000.0000000000        1110.3684286985779        13587.118558984783        316.22776601683790        2.3300000000000001       0.84999999999999998       0.14999999999999999        1.5057133867917837E-014   3.7063342073392389E-016   5.7582178653958193E-010   8.7747282606548643E-011   2.1812417104540585E-022   2.2588003113060187E-011   1.4606765944338609E-010   6.6141814410957382E-008   4.4231886733417988E-007   125.61083570570592        8.4528489892996600E-012
       10001   1000000.0000000000        1112.7309880747700        15503.117251999680        316.22776601683790        2.3300000000000001       0.84999999999999998       0.14999999999999999        1.5321754211512558E-014   3.8815691278767849E-016   5.7952002559675982E-010   9.1140585697685723E-011   2.6632689375459031E-022   2.7611118179464561E-011   1.7853429536816773E-010   8.0851770143272699E-008   5.4073238219100488E-007   118.62894299222845        1.1745826097612142E-011
       10001   1000000.0000000000        1115.4084531666890        17689.302075774980        316.22776601683790        2.3300000000000001       0.84999999999999998       0.14999999999999999        1.5697331479563144E-014   4.1234681811031305E-016   5.8546999013133664E-010   9.5679238774501330E-011   3.2187481977092470E-022   3.3411425029174550E-011   2.1601947401303219E-010   9.7836894705566127E-008   6.5438901159870786E-007   112.69897920416872        1.6095444968157203E-011
       10001   1000000.0000000000        1118.4401182440167        20183.773549648897        316.22776601683790        2.3300000000000001       0.84999999999999998       0.14999999999999999        1.6222539693656233E-014   4.4537130319413906E-016   5.9466100562816191E-010   1.0167932325981889E-010   3.8564806894395868E-022   4.0085357569638461E-011   2.5914505062391018E-010   1.1737871050617427E-007   7.8518349899484144E-007   107.61601691793142        2.1817794342931716E-011
       10001   1000000.0000000000        1121.8694520189179        23030.004969015092        316.22776601683790        2.3300000000000001       0.84999999999999998       0.14999999999999999        1.6947975920418363E-014   4.9014780463523406E-016   6.0841113063501336E-010   1.0954933622846742E-010   4.5864200284619860E-022   4.7742683207111930E-011   3.0861883626803634E-010   1.3979736297740607E-007   9.3527287179969960E-007   103.21828931690166        2.9341652167987564E-011
       10001   1000000.0000000000        1125.7443491909241        26277.600051754725        316.22776601683790        2.3300000000000001       0.84999999999999998       0.14999999999999999        1.7940226891297470E-014   5.5069311077921374E-016   6.2846461281373083E-010   1.1982880684835381E-010   5.4197817514118090E-022   5.6508135662175816E-011   3.6524512877030262E-010   1.6545625872199816E-007   1.1071085998658385E-006   99.379776225682832        3.9266440150961913E-011
       10001   1000000.0000000000        1130.1173460788877        29983.157424803256        316.22776601683790        2.3300000000000001       0.84999999999999998       0.14999999999999999        1.9287906902995589E-014   6.3267045676985253E-016   6.5712956870160689E-010   1.3324595015105603E-010   6.3691733441641343E-022   6.6523535441277669E-011   4.2993840178337738E-010   1.9476807711695048E-007   1.3034783249378694E-006   96.002980581421852        5.2456184123413292E-011
       10001   1000000.0000000000        1135.0457848823555        34211.257017000738        316.22776601683790        2.3300000000000001       0.84999999999999998       0.14999999999999999        2.1110827249971325E-014   7.4425426513730581E-016   6.9748157031756076E-010   1.5080449790156004E-010   7.4487377264145936E-022   7.7950488010566583E-011   5.0374074076013674E-010   2.2820238785724051E-007   1.5275589268305868E-006   93.012568843338542        7.0190172284181688E-011
       10001   1000000.0000000000        1140.5919092886327        39035.585548941381        316.22776601683790        2.3300000000000001       0.84999999999999998       0.14999999999999999        2.3574145458409643E-014   8.9751868916361523E-016   7.5367491500708182E-010   1.7391624235614997E-010   8.6742943708467588E-022   9.0973758424113254E-011   5.8784367592504191E-010   2.6629511281966187E-007   1.7829828590862859E-006   90.350196804909629        9.4403308544543377E-011
       10001   1000000.0000000000        1146.8228729346849        44540.220734698632        316.22776601683790        2.3300000000000001       0.84999999999999998       0.14999999999999999        2.6910488052285429E-014   1.1107108789947769E-015   8.3142840181489258E-010   2.0460677224162970E-010   1.0063450121219829E-021   1.0580546098891547E-010   6.8361532845938370E-010   3.0966015674426150E-007   2.0739204590739578E-006   87.970591230147093        1.2807166422909696E-010
       10001   1000000.0000000000        1153.8106419993512        50821.096576312950        316.22776601683790        2.3300000000000001       0.84999999999999998       0.14999999999999999        3.1455012340594395E-014   1.4120558767918402E-015   9.3879259544129062E-010   2.4584094537457920E-010   1.1635632880210420E-021   1.2269027828912039E-010   7.9263429068364044E-010   3.5900370451890892E-007   2.4051824053592041E-006   85.838818477484097        1.7584046199017263E-010
       10001   1000000.0000000000        1161.6317743268442        57987.675287986152        316.22776601683790        2.3300000000000001       0.84999999999999998       0.14999999999999999        3.7701857431861574E-014   1.8462811586453802E-015   1.0873724920736329E-009   3.0204853986830433E-010   1.3411971191869013E-021   1.4191204786715572E-010   9.1673248886819206E-010   4.1514196622475959E-007   2.7823488936840120E-006   83.928621799061119        2.4506886188390519E-010
       10001   1000000.0000000000        1170.3670603381170        66164.854988039908        316.22776601683790        2.3300000000000001       0.84999999999999998       0.14999999999999999        4.6396730133053898E-014   2.4860994032865949E-015   1.2942948232689570E-009   3.7999212737631826E-010   1.5414895918154267E-021   1.6380225138446484E-010   1.0580505953960391E-009   4.7902359149626878E-007   3.2119358952013791E-006   82.221718330279046        3.4760867562273806E-010
       10001   1000000.0000000000        1180.1010158613096        75495.146405624779        316.22776601683790        2.3300000000000001       0.84999999999999998       0.14999999999999999        5.8691986421284082E-014   3.4529845687969014E-015   1.5854124650323756E-009   4.9023375496230347E-010   1.7667271190949472E-021   1.8875125222522315E-010   1.2191116562031261E-009   5.5175865119262227E-007   3.7016148436654422E-006   80.707987252803875        5.0290141645544754E-010
       10001   1000000.0000000000        1190.9212240293989        86141.156537515009        316.22776601683790        2.3300000000000001       0.84999999999999998       0.14999999999999999        7.6412473962345393E-014   4.9558831052706880E-015   2.0006020055527763E-009   6.4967512711277115E-010   2.0190767848487799E-021   2.1722362164395979E-010   1.4029219592802340E-009   6.3465711662971713E-007   4.2605115548936065E-006   79.386531520553504        7.4348796866342827E-010
       10001   1000000.0000000000        1202.9175324213545        98288.422539807347        316.22776601683790        2.3300000000000001       0.84999999999999998       0.14999999999999999        1.0252268242862279E-013   7.3656217549320551E-015   2.6026688838654506E-009   8.8607155368602517E-010   2.3003080461719050E-021   2.4977967860272998E-010   1.6131135642226230E-009   7.2928132248037923E-007   4.8996251046810883E-006   78.267642553509589        1.1250182845416925E-009
       10001   1000000.0000000000        1216.1811222035064        112148.64524318808        316.22776601683790        2.3300000000000001       0.84999999999999998       0.14999999999999999        1.4196936668568424E-013   1.1362704453877402E-014   3.4925804033531802E-009   1.2462712955853432E-009   2.6113489093598610E-021   2.8710661256012901E-010   1.8541515866348182E-009   8.3751919509610869E-007   5.6324308101115197E-006   77.375730679144169        1.7448223630769551E-009
       10001   1000000.0000000000        1230.8034773397990        127963.37864501341        316.22776601683790        2.3300000000000001       0.84999999999999998       0.14999999999999999        2.0324335183341833E-013   1.8241200506837109E-014   4.8359803948885389E-009   1.8116785739451442E-009   2.9516257902162842E-021   3.3006452247120567E-010   2.1316433071749809E-009   9.6168830741531177E-007   6.4757678926535104E-006   76.753294818971938        2.7771032113266818E-009
       10001   1000000.0000000000        1246.8752928333640        146008.23967814902        316.22776601683790        2.3300000000000001       0.84999999999999998       0.14999999999999999        3.0135679000587748E-013   3.0556554874767214E-014   6.9101170705896914E-009   2.7281132048514294E-009   3.3181613701381030E-021   3.7975579181606578E-010   2.4528087891315068E-009   1.1046852817885795E-006   7.4511683925175427E-006   76.465970086226008        4.5410775239174160E-009
       10001   1000000.0000000000        1264.4853700736219        166597.71162382126        316.22776601683790        2.3300000000000001       0.84999999999999998       0.14999999999999999        4.6368401046415674E-013   5.3559199496287939E-014   1.0188176165422267E-008   4.2651638251655777E-009   3.7044932506055889E-021   4.3763101593117132E-010   2.8272093703773876E-009   1.2702005829199734E-006   8.5868678288812739E-006   76.608461934402428        7.6358736133103278E-009
       10001   1000000.0000000000        1283.7195533112501        190090.62488168306        316.22776601683790        2.3300000000000001       0.84999999999999998       0.14999999999999999        7.4176124547499780E-013   9.8493248148245822E-014   1.5493081625164834E-008   6.9376680226931565E-009   4.0996267684269612E-021   5.0565199300713279E-010   3.2678899806520399E-009   1.4630239898967685E-006   9.9208579406326824E-006   77.311266770472201        1.3220376622550473E-008
       10001   1000000.0000000000        1304.6597629180596        216896.41061517457        316.22776601683790        2.3300000000000001       0.84999999999999998       0.14999999999999999        1.2358653542493821E-012   1.9051810753741014E-013   2.4284701539508235E-008   1.1762004043336339E-008   4.4865126848264891E-021   5.8654977968861485E-010   3.7932323013748214E-009   1.6894836393855291E-006   1.1505629988885504E-005   78.759076164625441        2.3577119043631095E-008
       10001   1000000.0000000000        1327.3831777436883        247482.23625982471        316.22776601683790        2.3300000000000001       0.84999999999999998       0.14999999999999999        2.1475973799750426E-012   3.8846202720858395E-013   3.9196206084213566E-008   2.0810670214900720E-008   4.8413559126537595E-021   6.8424347900604396E-010   4.4300583260663481E-009   1.9580870916054725E-006   1.3415670313589385E-005   81.210542310835692        4.3307470479825407E-008
       10001   1000000.0000000000        1351.9616105609218        282381.14725112263        316.22776601683790        2.3300000000000001       0.84999999999999998       0.14999999999999999        3.8955070433173186E-012   8.3606114786163940E-013   6.5044169164674800E-008   3.8442866716089170E-008   5.1353545649010685E-021   8.0452196738815449E-010   5.2189106341881323E-009   2.2804269021777157E-006   1.5759169565488555E-005   85.015677433349879        8.1913199520003632E-008
       10001   1000000.0000000000        1378.4611080379170        322201.35686484008        316.22776601683790        2.3300000000000001       0.84999999999999998       0.14999999999999999        7.3762653735180072E-012   1.9003359648712752E-012   1.1075175963395900E-007   7.4099761795591222E-008   5.3386464361615034E-021   9.5616312843693472E-010   6.2232663614297090E-009   2.6724047867144056E-006   1.8696038204841277E-005   90.644782759662448        1.5947576786064600E-007
       10001   1000000.0000000000        1406.9417912782694        367636.84607181640        316.22776601683790        2.3300000000000001       0.84999999999999998       0.14999999999999999        1.4569719456592057E-011   4.5607425628778261E-012   1.9305569790037974E-007   1.4878385764899090E-007   5.4216589480001058E-021   1.1528679019354733E-009   7.5466501679227190E-009   3.1559741892706395E-006   2.2466299025115021E-005   98.792164066559110        3.1895678953455513E-007
       10001   1000000.0000000000        1437.4579365355055        419479.45813998877        316.22776601683790        2.3300000000000001       0.84999999999999998       0.14999999999999999        2.9968772294619907E-011   1.1542298773914112E-011   3.4359851407694494E-007   3.1025936276007277E-007   5.3559469826139286E-021   1.4168025045404213E-009   9.3665694128003872E-009   3.7620024660140620E-006   2.7435987151956797E-005   110.51720235604211        6.5305351899035864E-007
       10001   1000000.0000000000        1470.0582801406642        478632.69876666629        316.22776601683790        2.3300000000000001       0.84999999999999998       0.14999999999999999        6.4013229998025440E-011   3.0725138926109182E-011   6.2248634173211194E-007   6.6889141039603442E-007   5.1393135895282940E-021   1.7849870816117352E-009   1.2002923028292828E-008   4.5344506716789078E-006   3.4163166837086990E-005   127.24981467654216        1.3634066096741362E-006
       10001   1000000.0000000000        1504.7865186503043        546127.48224779661        316.22776601683790        2.3300000000000001       0.84999999999999998       0.14999999999999999        1.4149449297089415E-010   8.5751417978254254E-011   1.1443740127175567E-006   1.4823875010144443E-006   4.7774966223166426E-021   2.3216354696880352E-009   1.6066635630122828E-008   5.5376002115350751E-006   4.3487466698268788E-005   151.17617075810998        2.8826243401961147E-006
       10001   1000000.0000000000        1541.6819659033633        623140.09810624446        316.22776601683790        2.3300000000000001       0.84999999999999998       0.14999999999999999        3.2227672085824235E-010   2.4988085597129549E-010   2.1280891978420322E-006   3.3528457743039422E-006   4.2962502659548801E-021   3.1440344417957064E-009   2.2808375526741376E-008   6.8717028243556851E-006   5.6635838387508969E-005   185.46595775621057        6.1136510650864256E-006
       10001   1000000.0000000000        1580.7803236134569        711012.71129892464        316.22776601683790        2.3300000000000001       0.84999999999999998       0.14999999999999999        7.5269228774458378E-010   7.5648441153944418E-010   3.9906002368356649E-006   7.6707949313393644E-006   3.7380792278485312E-021   4.4812076278890045E-009   3.5000386973543333E-008   8.7094125915317347E-006   7.5275152094574863E-005   234.44389047870641        1.2826795681652722E-005
       10001   1000000.0000000000        1622.1145212341614        811276.75327748456        316.22776601683790        2.3300000000000001       0.84999999999999998       0.14999999999999999        1.7928593488664825E-009   2.3652291634789514E-009   7.5229619700907051E-006   1.7552783861414590E-005   3.1509895078785813E-021   6.8267253134330846E-009   5.9420110543210323E-008   1.1397302878620856E-005   1.0133322794674624E-004   303.65893552913008        2.6042397319432755E-005
       10001   1000000.0000000000        1665.7155835238455        925679.61155865598        316.22776601683790        2.3300000000000001       0.84999999999999998       0.14999999999999999        4.3285247945840822E-009   7.5822717803610683E-009   1.4212924093086828E-005   3.9563702004522086E-005   2.5855629024427281E-021   1.1415975652510618E-008   1.1487666076198380E-007   1.5795522859657524E-005   1.3627882442407793E-004   398.90168982548005        4.9250938087610072E-005
       10001   1000000.0000000000        1711.6134895858618        1056215.0829463045        316.22776601683790        2.3300000000000001       0.84999999999999998       0.14999999999999999        1.0521094106138529E-008   2.4710536103439193E-008   2.6820744142840535E-005   8.5883124911444568E-005   2.1238380935438576E-021   2.1953237542235008E-008   2.6197366024864731E-007   2.4492953697094047E-005   1.7959126377267582E-004   515.07029396629412        8.0389067711262967E-005
       10001   1000000.0000000000        1759.8379941311705        1205158.1211396020        316.22776601683790        2.3300000000000001       0.84999999999999998       0.14999999999999999        2.5661498748947462E-008   8.1578554448202788E-008   5.0478984443663740E-005   1.7304872001112795E-004   2.0098930648910822E-021   4.8502300715234008E-008   6.8716689650852295E-007   4.3408112519291365E-005   1.8903116772743463E-004   565.12330240681945        8.4377555722103706E-005
       10001   1000000.0000000000        1810.4193893182710        1375104.4843037629        316.22776601683790        2.3300000000000001       0.84999999999999998       0.14999999999999999        6.3168958880006611E-008   2.7466445963352403E-007   9.5278900421257091E-005   2.9693339526853024E-004   2.2546233669515235E-021   9.9183509764325066E-008   1.6487703667754579E-006   7.1412948746590337E-005   8.3758247987788026E-005   434.50184565246605       -7.3271208034435988E-005
       10001   1000000.0000000000        1863.3891929562953        1569015.9735755411        316.22776601683790        2.3300000000000001       0.84999999999999998       0.14999999999999999        1.4971510701793373E-007   8.7874865980149874E-007   1.7667603432193336E-004   3.3745254930744585E-004   1.8181875173464562E-021   1.6435898902135109E-007   3.1623374390860473E-006   9.0340366754213092E-005   5.9469370046453618E-006   435.20933717306013       -7.8647484365894132E-006
       10001   1000000.0000000000        1918.7807555285249        1790272.0509137572        316.22776601683790        2.3300000000000001       0.84999999999999998       0.14999999999999999        3.1207940345427254E-007   2.3546399577068713E-006   3.0197643714416437E-004   3.3992325451014067E-004   1.2668143378050154E-021   2.8238203802264929E-007   6.0221703610131774E-006   9.7718885689697041E-005   1.2371596423667003E-007   538.57126734955057        3.5138099858005248E-005
       10001   1000000.0000000000        1976.6297840593350        2042728.7358834767        316.22776601683790        2.3300000000000001       0.84999999999999998       0.14999999999999999        5.9707329374382375E-007   5.6761661370833542E-006   4.6740323265184942E-004   3.4018664467532096E-004   1.0481196873206043E-021   5.7737859646664680E-007   1.2301946450522524E-005   8.4746556641286306E-005   3.2858466804109482E-009   536.39208472056828        6.2293028749890957E-007
       10001   1000000.0000000000        2036.9747851685788        2330785.8078186158        316.22776601683790        2.3300000000000001       0.84999999999999998       0.14999999999999999        1.0646730832209844E-006   1.2447702470551817E-005   6.1373483595724755E-004   3.4045950516887764E-004   1.2304152927915530E-021   1.0538858864075523E-006   1.8868007348952474E-005   2.7101401638090940E-005   7.9985770404612929E-011   285.98974150252650       -6.0869408508635823E-005
       10001   1000000.0000000000        2099.8574327527745        2659463.4845527350        316.22776601683790        2.3300000000000001       0.84999999999999998       0.14999999999999999        1.7491585947358919E-006   2.3429250089023850E-005   6.4208510609312108E-004   3.4079589773020747E-004   1.3316359105897546E-021   1.0245340676860591E-006   9.8486433769665534E-006   1.1213827922830791E-006   1.8147857302966753E-012   109.44081994521733       -2.0751566605787996E-005
       10001   1000000.0000000000        2165.3228677261309        3034489.9140641117        316.22776601683790        2.3300000000000001       0.84999999999999998       0.14999999999999999        2.4647263166017259E-006   2.8999206423029485E-005   6.4362705282050982E-004   3.4119693293319434E-004   1.0349635434769553E-021   5.2586074829916382E-007   4.6479938691999089E-007   2.5408875859068328E-008   3.9462316089625709E-014   26.080817937329861       -6.9166271316688327E-006
       10001   1000000.0000000000        2233.4199383272990        3462401.0038270722        316.22776601683790        2.3300000000000001       0.84999999999999998       0.14999999999999999        2.9355467551752159E-006   2.9256826290650156E-005   6.4411344450379844E-004   3.4166271561421335E-004   5.3803700612364056E-022   7.1908170016978490E-008   8.7215995899241395E-009   5.2766410851017081E-010   8.1950714993670634E-016   7.8410010662354557       -4.8658085577468377E-007
       10001   1000000.0000000000        2304.2013898498076        3950654.3276813333        316.22776601683790        2.3300000000000001       0.84999999999999998       0.14999999999999999        3.0067681090279148E-006   2.9279741307897956E-005   6.4470640700669255E-004   3.4219338139854385E-004   4.5491655796661906E-023   2.4766513048789331E-009   1.7167277141216517E-010   1.0386349984411420E-011   1.6130883144478622E-017   4.1611708855231075       -4.1395307580482382E-008
       10001   1000000.0000000000        2377.7240124784453        4507759.0953721637        316.22776601683790        2.3300000000000001       0.84999999999999998       0.14999999999999999        3.0114658574243872E-006   2.9303874908834963E-005   6.4543068535777163E-004   3.4278907720210124E-004   1.3268998415472781E-024   4.5959788736526389E-011   3.1857702059467850E-012   1.9274183119834639E-013   2.9934442434434814E-019   3.0189173783907637       -1.3575579645949224E-009
       10001   1000000.0000000000        2454.0487553806465        5143424.4498521807        316.22776601683790        2.3300000000000001       0.84999999999999998       0.14999999999999999        3.0143864023171701E-006   2.9333870447750959E-005   6.4628639326596801E-004   3.4344991466188937E-004   2.3170831491532671E-026   8.0286482083083264E-013   5.5651753324375541E-014   3.3669788314035831E-015   5.2292040113993354E-021   2.9505358577019480       -3.4031052121477939E-011
       10001   1000000.0000000000        2533.2408144514875        5868728.6768489406        316.22776601683790        2.3300000000000001       0.84999999999999998       0.14999999999999999        3.0178771335217260E-006   2.9369795186876513E-005   6.4727306994091327E-004   3.4417592073256740E-004   3.9016382733566454E-028   1.3193913107051020E-014   9.1455545014050662E-016   5.5331389521979640E-017   8.5934436060543533E-023   2.8789839139523403       -7.2910862900983438E-013
       10001   1000000.0000000000        2615.3697002522686        6696312.2756588440        316.22776601683790        2.3300000000000001       0.84999999999999998       0.14999999999999999        3.0219790989610612E-006   2.9411623361150909E-005   6.4839007693887854E-004   3.4496698546973624E-004   7.0104287536870556E-030   2.0386723614895306E-016   1.4131356665256760E-017   8.5495920458821216E-019   1.3279082431918808E-024   2.5437011185494556       -1.3895657862600166E-014
       10001   1000000.0000000000        2700.5092917954712        7640598.2559778895        316.22776601683790        2.3300000000000001       0.84999999999999998       0.14999999999999999        3.0266892888533093E-006   2.9459316831522254E-005   6.4963650276356210E-004   3.4582280661152884E-004   1.0866755176139601E-030   2.9604064584767516E-018   2.0520491837196797E-019   1.2415073739702203E-020   1.9376692542025831E-026  0.52106702913088432       -2.4005481390297536E-016
       10001   1000000.0000000000        2788.7378809680804        8718043.5000708662        316.22776601683790        2.3300000000000001       0.84999999999999998       0.14999999999999999        3.0320023710139601E-006   2.9512821965447429E-005   6.5101104663493827E-004   3.4674283063920340E-004   1.0011983507806625E-030   4.0390680575654696E-020   2.7997393919717235E-021   1.6938670864686136E-022   3.5157843801942193E-028   3.3418911648199483E-002  -3.7981791544914670E-018
       10001   1000000.0000000000        2880.1382115857255        9947425.5709836762        316.22776601683790        2.3300000000000001       0.84999999999999998       0.14999999999999999        3.0379108614769821E-006   2.9572063881611200E-005   6.5251189465067281E-004   3.4772619009170206E-004   1.0000167735214746E-030   5.1766763305478039E-022   3.5882977911829629E-023   2.1710426339713489E-024   9.7405739780376599E-029   2.3471611600849977E-003  -5.5386779264935615E-020
       10001   1000000.0000000000        2974.7975163510528        11350169.965251470        316.22776601683790        2.3300000000000001       0.84999999999999998       0.14999999999999999        3.0444044890320184E-006   2.9636940281385162E-005   6.5413658940760122E-004   3.4877163703664343E-004   1.0000003013312211E-030   6.2302042185850414E-024   4.3193463844765815E-025   2.6204400565848873E-026   9.9190553484260284E-029   2.7490525043999165E-004  -7.4741266993997627E-022
       10001   1000000.0000000000        3072.8075543596624        12950723.513416281        316.22776601683790        2.3300000000000001       0.84999999999999998       0.14999999999999999        3.0514695170557701E-006   2.9707315072150501E-005   6.5588189306382447E-004   3.4987747276522634E-004   1.0000000148994537E-030   7.0482580539902821E-026   4.9725068811306323E-027   3.9397456485515305E-028   8.9947258152934960E-029   5.4198218341403970E-005  -9.3587439196872393E-024
       10001   1000000.0000000000        3174.2646512564038        14776980.435925735        316.22776601683790        2.3300000000000001       0.84999999999999998       0.14999999999999999        3.0590880433968591E-006   2.9783011773451747E-005   6.5774364407164923E-004   3.5104147398419289E-004   1.0000000015475917E-030   8.4536654925945677E-028   1.3848025232909446E-028   1.0029716908795001E-028   8.0877571469510787E-029   2.0007112006872500E-005  -1.0869710326937105E-025
       10001   1000000.0000000000        3279.2697436894337        16860768.479654696        316.22776601683790        2.3300000000000001       0.84999999999999998       0.14999999999999999        3.0672372807420502E-006   2.9863806703929567E-005   6.5971660847079314E-004   3.5226081602854830E-004   9.9999999992968958E-031   1.0566034813921702E-028   9.9441906553982415E-029   9.9339171679894970E-029   7.2392055607274683E-029   1.9764801171308880E-005  -1.1308046608238617E-027
       10001   1000000.0000000000        3387.9284293320616        19238403.607367840        316.22776601683790        2.3300000000000001       0.84999999999999998       0.14999999999999999        3.0758888242464931E-006   2.9949422005657667E-005   6.6179432734357071E-004   3.5353199391900084E-004   1.0000000000317363E-030   9.9651357522842035E-029   8.9518858137113438E-029   8.8656737168405651E-029   6.4455210133116179E-029   1.7554703875572457E-005  -2.5156142848338659E-030
       10001   1000000.0000000000        3500.3510234344367        21951322.907172933        316.22776601683790        2.3300000000000001       0.84999999999999998       0.14999999999999999        3.0850079184079720E-006   3.0039518612896363E-005   6.6396896273324753E-004   3.5485074244374280E-004   1.0000000000255424E-030   8.8088587229950945E-029   7.9248616437381029E-029   7.8392500447626370E-029   5.7030467870773148E-029   1.5628718775977662E-005  -0.0000000000000000     
       10001   1000000.0000000000        3616.6526226194101        25046806.752221096        316.22776601683790        2.3300000000000001       0.84999999999999998       0.14999999999999999        3.0945527385860276E-006   3.0133689308811044E-005   6.6623114506971285E-004   3.5621195686022088E-004   1.0000000000221346E-030   7.7298302870694500E-029   6.9598608804846187E-029   6.8792549212155259E-029   5.0084058206033351E-029   1.3913376716360189E-005  -0.0000000000000000     
       10001   1000000.0000000000        3736.9531764406947        28578802.796350557        316.22776601683790        2.3300000000000001       0.84999999999999998       0.14999999999999999        3.1044737052454586E-006   3.0231452048024599E-005   6.6856982600167314E-004   3.5760961629320912E-004   1.0000000000191893E-030   6.7199126482533500E-029   6.0562765463102003E-029   5.9810623692908044E-029   4.3584608945413115E-029   1.2385422032991845E-005  -0.0000000000000000     
       10001   1000000.0000000000        3861.3775670685759        32608866.166153781        316.22776601683790        2.3300000000000001       0.84999999999999998       0.14999999999999999        3.1147128523705981E-006   3.0332243764111754E-005   6.7097214154192622E-004   3.5903671245260778E-004   1.0000000000166359E-030   5.7748252444879250E-029   5.2100725356602348E-029   5.1407729928763012E-029   3.7503096565483036E-029   1.1024380957080893E-005  -0.0000000000000000     
       10001   1000000.0000000000        3990.0556973514244        37207232.235001616        316.22776601683790        2.3300000000000001       0.84999999999999998       0.14999999999999999        3.1252032762512009E-006   3.0435414932228183E-005   6.7342329160298810E-004   3.6048518690687405E-004   1.0000000000144347E-030   4.8904666565009373E-029   4.4173939482822195E-029   4.3546335771167777E-029   3.1812569842271948E-029   9.8120148495285911E-006  -0.0000000000000000     
       10001   1000000.0000000000        4123.1225874137945        42454040.675178520        316.22776601683790        2.3300000000000001       0.84999999999999998       0.14999999999999999        3.1358686969952174E-006   3.0540225217060966E-005   6.7590644331989749E-004   3.6194588082011765E-004   1.0000000000125247E-030   4.0628956159114304E-029   3.6746196759974752E-029   3.6191266974487846E-029   2.6487861712130152E-029   8.7320953383984566E-006  -0.0000000000000000     
       10001   1000000.0000000000        4260.7184798883027        48440732.120735437        316.22776601683790        2.3300000000000001       0.84999999999999998       0.14999999999999999        3.1466231723139594E-006   3.0645840602655858E-005   6.7840266698893559E-004   3.6340850178112312E-004   1.0000000000108661E-030   3.2884296008469340E-029   2.9784233276791374E-029   2.9309795786947335E-029   2.1505399743778474E-029   7.7701660243785781E-006  -0.0000000000000000     
       10001   1000000.0000000000        4402.9889538341567        55271641.781904206        316.22776601683790        2.3300000000000001       0.84999999999999998       0.14999999999999999        3.1573710108058584E-006   3.0751332470041011E-005   6.8089091493709838E-004   3.6486161310107508E-004   1.0000000000094489E-030   2.5636338655213815E-029   2.3257884789622194E-029   2.2871369326789569E-029   1.6843086414537589E-029   6.9133121971789336E-006  -0.0000000000000000     
       10001   1000000.0000000000        4550.0850473660475        63065817.784356743        316.22776601683790        2.3300000000000001       0.84999999999999998       0.14999999999999999        3.1680069395213304E-006   3.0855679156838510E-005   6.8334805510055234E-004   3.6629265170331007E-004   1.0000000000082427E-030   1.8852980919920512E-029   1.7139885929324632E-029   1.6847338977620993E-029   1.2480206584399362E-029   6.1499040613946653E-006  -0.0000000000000000     
       10001   1000000.0000000000        4702.1633890002031        71959095.923071310        316.22776601683790        2.3300000000000001       0.84999999999999998       0.14999999999999999        3.1784165873951236E-006   3.0957770595345640E-005   6.8574897243503324E-004   3.6768798142978835E-004   1.0000000000073280E-030   1.2504204368400716E-029   1.1405543744217083E-029   1.1210763217672891E-029   8.3973425288154966E-030   5.4691472589173129E-006  -0.0000000000000000     
       10001   1000000.0000000000        4859.3863377166599        82106466.989320487        316.22776601683790        2.3300000000000001       0.84999999999999998       0.14999999999999999        3.1884773515430131E-006   3.1056416676002948E-005   6.8806675238735650E-004   3.6903298918588239E-004   1.0000000000086449E-030   6.5619506363273489E-030   6.0324119036921625E-030   5.9362757010516276E-030   4.5762931868954338E-030   4.8592069044964821E-006  -0.0000000000000000     
       10001   1000000.0000000000        5021.9221317363817        93684777.928219363        316.22776601683790        2.3300000000000001       0.84999999999999998       0.14999999999999999        3.1980597167381967E-006   3.1150360014592273E-005   6.9027296137339053E-004   3.7031223175965663E-004   1.0000000002905029E-030   1.0000000019062817E-030   1.0000000017524457E-030   1.0000000017245214E-030   1.0000000013294375E-030   4.2575168200633554E-006  -0.0000000000000000     
